 14.61650000000000     0.0000000000000000E+000
 13.97933092062749      1.000000000000000
 9.095890761717223      2.000000000000000
 8.485702342169240      3.000000000000000
 5.505485072053138      4.000000000000000
 5.162640925590926      5.000000000000000
 4.902129992900136      6.000000000000000
 4.842889927858158      7.000000000000000
 4.933245435430725      8.000000000000000
 19.02006320552698      9.000000000000000
 20.30023363724998      10.00000000000000
 20.63261638446660      11.00000000000000
 21.09318944502390      12.00000000000000
 20.39661238815438      13.00000000000000
 3.437097260262868      14.00000000000000
 3.103553048520588      15.00000000000000
 3.030525142835343      16.00000000000000
 2.994405953947062      17.00000000000000
 3.684688106460768      18.00000000000000
 7.579845795318846      19.00000000000000
 8.430393488222487      20.00000000000000
 15.49646592070575      21.00000000000000
 16.77369832414704      22.00000000000000
 18.16400167596304      23.00000000000000
 18.52663580203818      24.00000000000000
 19.14300996003544      25.00000000000000
 18.71014503888252      26.00000000000000
 16.13898492309404      27.00000000000000
 9.937112604145005      28.00000000000000
 9.155940812239184      29.00000000000000
 5.290648353927061      30.00000000000000
 4.894743337901059      31.00000000000000
 4.534804988864391      32.00000000000000
 4.451874125057627      33.00000000000000
 4.339693254653467      34.00000000000000
 4.502396087903907      35.00000000000000
 5.501018346575647      36.00000000000000
 9.961245240253088      37.00000000000000
 10.85080185667495      38.00000000000000
 17.85452326350326      39.00000000000000
 19.07588493335128      40.00000000000000
 20.39604955449683      41.00000000000000
 20.73895168495682      42.00000000000000
 21.22950099354365      43.00000000000000
 20.55521822303486      44.00000000000000
 17.21121918415842      45.00000000000000
 9.342241720559301      46.00000000000000
 8.383224434563108      47.00000000000000
 3.893095818805279      48.00000000000000
 3.482634376360338      49.00000000000000
 3.128793954712956      50.00000000000000
 3.050837731498548      51.00000000000000
 2.922995069414552      52.00000000000000
 3.001194714566377      53.00000000000000
 3.686385696737207      54.00000000000000
 7.591930131982677      55.00000000000000
 8.444448197134841      56.00000000000000
 15.52552658468762      57.00000000000000
 16.80531411169411      58.00000000000000
 18.19836272717157      59.00000000000000
 18.56170734164655      60.00000000000000
 19.17930927750887      61.00000000000000
 18.74566112773436      62.00000000000000
 16.16960208276698      63.00000000000000
 9.954817324656810      64.00000000000000
 9.171843222910837      65.00000000000000
 5.296236366425905      66.00000000000000
 4.899004389857605      67.00000000000000
 4.537748611693322      68.00000000000000
 4.454493708636521      69.00000000000000
 4.341392089708889      70.00000000000000
 4.503256725665699      71.00000000000000
 5.499282229175970      72.00000000000000
 9.949110599801767      73.00000000000000
 10.83669605759620      74.00000000000000
 17.82541315174904      75.00000000000000
 19.04422093849241      76.00000000000000
 20.36164184340297      77.00000000000000
 20.70383391948488      78.00000000000000
 21.19315814770703      79.00000000000000
 20.51966371482065      80.00000000000000
 17.18057990953537      81.00000000000000
 9.324550005862051      82.00000000000000
 8.367338767342641      83.00000000000000
 3.887537596891745      84.00000000000000
 3.478403395868684      85.00000000000000
 3.125880245910792      86.00000000000000
 3.048247949448232      87.00000000000000
 2.921326348860137      88.00000000000000
 3.000365967627327      89.00000000000000
 3.688160304399958      90.00000000000000
 7.604114818586483      91.00000000000000
 8.458604786894590      92.00000000000000
 15.55468552616673      93.00000000000000
 16.83702564159492      94.00000000000000
 18.23281636762803      95.00000000000000
 18.59687058738387      96.00000000000000
 19.21569488010040      97.00000000000000
 18.78125330044015      98.00000000000000
 16.20026282182651      99.00000000000000
 9.972495657920250      100.0000000000000
 9.187711809405730      101.0000000000000
 5.301764679745492      102.0000000000000
 4.903205209054867      103.0000000000000
 4.540632344606692      104.0000000000000
 4.457053634173643      105.0000000000000
 4.343030660333072      106.0000000000000
 4.504053564186566      107.0000000000000
 5.497469168927463      108.0000000000000
 9.936876125742927      109.0000000000000
 10.82248897771910      110.0000000000000
 17.79620599962901      111.0000000000000
 19.01246254682854      112.0000000000000
 20.32714300508154      113.0000000000000
 20.66862594004567      114.0000000000000
 21.15673056087639      115.0000000000000
 20.48403463329352      116.0000000000000
 17.14989835700857      117.0000000000000
 9.306885429367476      118.0000000000000
 8.351487598485011      119.0000000000000
 3.882039309539712      120.0000000000000
 3.474232827154907      121.0000000000000
 3.123026550111780      122.0000000000000
 3.045717934774999      123.0000000000000
 2.919717962955263      124.0000000000000
 2.999601054442596      125.0000000000000
 3.690011778740458      126.0000000000000
 7.616398820345748      127.0000000000000
 8.472862055253342      128.0000000000000
 15.58394026881997      129.0000000000000
 16.86883022074779      130.0000000000000
 18.26735967135699      131.0000000000000
 18.63212255301148      132.0000000000000
 19.25216367776272      133.0000000000000
 18.81691853433460      134.0000000000000
 16.23096453640934      135.0000000000000
 9.990146102602864      136.0000000000000
 9.203545224084133      137.0000000000000
 5.307232824393806      138.0000000000000
 4.907345438738273      139.0000000000000
 4.543455942703467      140.0000000000000
 4.459553684267299      141.0000000000000
 4.344608827370389      142.0000000000000
 4.504786535794987      143.0000000000000
 5.495579319804255      144.0000000000000
 9.924542857089254      145.0000000000000
 10.80818182357986      146.0000000000000
 17.76690428756050      147.0000000000000
 18.98061245544108      148.0000000000000
 20.29255596934631      149.0000000000000
 20.63333073667678      150.0000000000000
 21.12022132666449      151.0000000000000
 20.44833400425311      152.0000000000000
 17.11917713220881      153.0000000000000
 9.289249491239730      154.0000000000000
 8.335672274150724      155.0000000000000
 3.876601423691246      156.0000000000000
 3.470123024404561      157.0000000000000
 3.120233109666049      158.0000000000000
 3.043247902340362      159.0000000000000
 2.918170048292115      160.0000000000000
 2.998900039972447      161.0000000000000
 3.691939962522283      162.0000000000000
