 8.543790000000000     0.0000000000000000E+000
 8.881065071998226      1.000000000000000
 12.69500565359227      2.000000000000000
 13.40990077571443      3.000000000000000
 18.83243439954860      4.000000000000000
 19.91588935562518      5.000000000000000
 20.91723192226774      6.000000000000000
 21.17620446141536      7.000000000000000
 20.94147646192332      8.000000000000000
 5.074267804445590      9.000000000000000
 4.657394030036063      10.00000000000000
 4.560506088069889      11.00000000000000
 4.405934657808215      12.00000000000000
 4.524106889325584      13.00000000000000
 17.72595259975692      14.00000000000000
 18.96432245841431      15.00000000000000
 19.28623897107253      16.00000000000000
 19.17932122202453      17.00000000000000
 16.15183626825883      18.00000000000000
 9.191708072051606      19.00000000000000
 8.343944765271745      20.00000000000000
 4.350936378120522      21.00000000000000
 3.975634185803954      22.00000000000000
 3.646487240978765      23.00000000000000
 3.572877748231414      24.00000000000000
 3.466626757200025      25.00000000000000
 3.587201044157507      26.00000000000000
 4.410474415317350      27.00000000000000
 8.571648032929758      28.00000000000000
 9.450287064329395      29.00000000000000
 16.64116565447895      30.00000000000000
 17.93827429125241      31.00000000000000
 19.34646880819232      32.00000000000000
 19.71319198954253      33.00000000000000
 20.29580174752991      34.00000000000000
 19.74060708761964      35.00000000000000
 16.73695444807498      36.00000000000000
 9.674135299154964      37.00000000000000
 8.805843269649397      38.00000000000000
 4.650293898303277      39.00000000000000
 4.246312660167725      40.00000000000000
 3.886175936912684      41.00000000000000
 3.804518540025692      42.00000000000000
 3.678912055329447      43.00000000000000
 3.790195244098813      44.00000000000000
 4.590755861103171      45.00000000000000
 8.578140001978825      46.00000000000000
 9.415556306862921      47.00000000000000
 16.24762506182790      48.00000000000000
 17.47749960945210      49.00000000000000
 18.81213209732405      50.00000000000000
 19.15961006347824      51.00000000000000
 19.69788338928873      52.00000000000000
 19.13219496540153      53.00000000000000
 16.15183626823323      54.00000000000000
 9.191708072040502      55.00000000000000
 8.343944765262483      56.00000000000000
 4.350936378120609      57.00000000000000
 3.975634185805050      58.00000000000000
 3.646487240980806      59.00000000000000
 3.572877748233678      60.00000000000000
 3.466626757203008      61.00000000000000
 3.587201044161352      62.00000000000000
 4.410474415324009      63.00000000000000
 8.571648032945641      64.00000000000000
 9.450287064346838      65.00000000000000
 16.64116565450737      66.00000000000000
 17.93827429128260      67.00000000000000
 19.34646880822439      68.00000000000000
 19.71319198957508      69.00000000000000
 20.29580174756301      70.00000000000000
 19.74060708765142      71.00000000000000
 16.73695444810073      72.00000000000000
 9.674135299166153      73.00000000000000
 8.805843269658734      74.00000000000000
 4.650293898303232      75.00000000000000
 4.246312660166666      76.00000000000000
 3.886175936910675      77.00000000000000
 3.804518540023461      78.00000000000000
 3.678912055326494      79.00000000000000
 3.790195244094999      80.00000000000000
 4.590755861096548      81.00000000000000
 8.578140001963014      82.00000000000000
 9.415556306845552      83.00000000000000
 16.24762506179961      84.00000000000000
 17.47749960942206      85.00000000000000
 18.81213209729215      86.00000000000000
 19.15961006344586      87.00000000000000
 19.69788338925580      88.00000000000000
 19.13219496536992      89.00000000000000
 16.15183626820761      90.00000000000000
 9.191708072029392      91.00000000000000
 8.343944765253218      92.00000000000000
 4.350936378120688      93.00000000000000
 3.975634185806141      94.00000000000000
 3.646487240982842      95.00000000000000
 3.572877748235935      96.00000000000000
 3.466626757205986      97.00000000000000
 3.587201044165190      98.00000000000000
 4.410474415330661      99.00000000000000
 8.571648032961507      100.0000000000000
 9.450287064364266      101.0000000000000
 16.64116565453577      102.0000000000000
 17.93827429131276      103.0000000000000
 19.34646880825641      104.0000000000000
 19.71319198960758      105.0000000000000
 20.29580174759606      106.0000000000000
 19.74060708768316      107.0000000000000
 16.73695444812645      108.0000000000000
 9.674135299177326      109.0000000000000
 8.805843269668056      110.0000000000000
 4.650293898303184      111.0000000000000
 4.246312660165603      112.0000000000000
 3.886175936908666      113.0000000000000
 3.804518540021229      114.0000000000000
 3.678912055323542      115.0000000000000
 3.790195244091185      116.0000000000000
 4.590755861089927      117.0000000000000
 8.578140001947201      118.0000000000000
 9.415556306828181      119.0000000000000
 16.24762506177131      120.0000000000000
 17.47749960939200      121.0000000000000
 18.81213209726022      122.0000000000000
 19.15961006341347      123.0000000000000
 19.69788338922285      124.0000000000000
 19.13219496533829      125.0000000000000
 16.15183626818198      126.0000000000000
 9.191708072018267      127.0000000000000
 8.343944765243938      128.0000000000000
 4.350936378120764      129.0000000000000
 3.975634185807229      130.0000000000000
 3.646487240984875      131.0000000000000
 3.572877748238193      132.0000000000000
 3.466626757208964      133.0000000000000
 3.587201044169031      134.0000000000000
 4.410474415337315      135.0000000000000
 8.571648032977389      136.0000000000000
 9.450287064381708      137.0000000000000
 16.64116565456419      138.0000000000000
 17.93827429134296      139.0000000000000
 19.34646880828848      140.0000000000000
 19.71319198964013      141.0000000000000
 20.29580174762917      142.0000000000000
 19.74060708771495      143.0000000000000
 16.73695444815220      144.0000000000000
 9.674135299188521      145.0000000000000
 8.805843269677396      146.0000000000000
 4.650293898303141      147.0000000000000
 4.246312660164547      148.0000000000000
 3.886175936906660      149.0000000000000
 3.804518540019000      150.0000000000000
 3.678912055320592      151.0000000000000
 3.790195244087375      152.0000000000000
 4.590755861083309      153.0000000000000
 8.578140001931391      154.0000000000000
 9.415556306810814      155.0000000000000
 16.24762506174302      156.0000000000000
 17.47749960936196      157.0000000000000
 18.81213209722831      158.0000000000000
 19.15961006338107      159.0000000000000
 19.69788338918991      160.0000000000000
 19.13219496530665      161.0000000000000
 16.15183626815636      162.0000000000000
 9.191708072007147      163.0000000000000
 8.343944765234667      164.0000000000000
 4.350936378120839      165.0000000000000
 3.975634185808316      166.0000000000000
 3.646487240986907      167.0000000000000
 3.572877748240447      168.0000000000000
 3.466626757211936      169.0000000000000
 3.587201044172864      170.0000000000000
 4.410474415343959      171.0000000000000
 8.571648032993238      172.0000000000000
 9.450287064399125      173.0000000000000
 16.64116565459257      174.0000000000000
 17.98420124276841      175.0000000000000
 19.39449134420463      176.0000000000000
 19.76174540696059      177.0000000000000
 19.87111131431746      178.0000000000000
 5.036714447348595      179.0000000000000
 4.649718005781188      180.0000000000000
 4.560045088014886      181.0000000000000
 4.427270755205114      182.0000000000000
 4.568281530256391      183.0000000000000
 18.72661359639111      184.0000000000000
 20.03462409904955      185.0000000000000
 20.37447149636908      186.0000000000000
 20.59446126059090      187.0000000000000
 18.30196726262793      188.0000000000000
 13.01521188574090      189.0000000000000
 12.32085228942215      190.0000000000000
 8.636453293830908      191.0000000000000
 8.313216600242903      192.0000000000000
 8.190135696048049      193.0000000000000
 9.844598294091682      194.0000000000000
 10.57657418529071      195.0000000000000
 12.57027542251879      196.0000000000000
 13.27654386487753      197.0000000000000
 14.88712015099651      198.0000000000000
 7.438551967420105      199.0000000000000
 6.065368144789479      200.0000000000000
 12.15897360409561      201.0000000000000
 17.22482588440965      202.0000000000000
 18.63373006222684      203.0000000000000
 23.19940921060933      204.0000000000000
 24.83429113171381      205.0000000000000
 30.25969548180751      206.0000000000000
 30.97527502103602      207.0000000000000
 26.62199252241472      208.0000000000000
 25.08499742159635      209.0000000000000
 20.75284024345036      210.0000000000000
 19.40173055883808      211.0000000000000
 15.24958661817288      212.0000000000000
 5.462481432553750      213.0000000000000
 6.384856354772422      214.0000000000000
 6.668024283120413      215.0000000000000
 6.769912469522048      216.0000000000000
 36.15484743325172      217.0000000000000
 37.04877490153252      218.0000000000000
 38.52866406561925      219.0000000000000
 39.02945933060046      220.0000000000000
 46.32332664452571      221.0000000000000
 61.50460142456257      222.0000000000000
 70.81797645690861      223.0000000000000
 72.22698208227327      224.0000000000000
 74.36861130889135      225.0000000000000
 75.08998659471634      226.0000000000000
 65.50698192511939      227.0000000000000
 43.12296288463006      228.0000000000000
 39.16819961029970      229.0000000000000
 45.90678893155278      230.0000000000000
 47.88872090437219      231.0000000000000
0.5787081502202869      232.0000000000000
 48.64872571551545      233.0000000000000
 46.51154094252314      234.0000000000000
 39.64144311875044      235.0000000000000
 43.39751931902455      236.0000000000000
 65.79247620401013      237.0000000000000
 75.31525192129303      238.0000000000000
 74.57729665414030      239.0000000000000
 72.38683088628157      240.0000000000000
 70.94602040237531      241.0000000000000
 61.42960667392465      242.0000000000000
 45.95125647678475      243.0000000000000
 38.53544833527893      244.0000000000000
 38.02693097515989      245.0000000000000
 36.52477892840226      246.0000000000000
 35.61782478073837      247.0000000000000
 6.298469821828657      248.0000000000000
 6.204878550029489      249.0000000000000
 5.947504768231463      250.0000000000000
 5.178872148397232      251.0000000000000
 16.36246607608494      252.0000000000000
 20.83641213774640      253.0000000000000
 22.28996128446101      254.0000000000000
 26.95020661935712      255.0000000000000
 28.60348769590660      256.0000000000000
 33.29067229103180      257.0000000000000
 32.52618935495641      258.0000000000000
 26.69754837905614      259.0000000000000
 24.94028183832115      260.0000000000000
 20.03204167250092      261.0000000000000
 18.51714810268910      262.0000000000000
 13.06507931613421      263.0000000000000
 6.333122054046761      264.0000000000000
 6.919479465068774      265.0000000000000
 14.09365997882564      266.0000000000000
 12.62970656885544      267.0000000000000
 11.96786721713697      268.0000000000000
 10.09897670985394      269.0000000000000
 9.412559733998508      270.0000000000000
 7.920633808891127      271.0000000000000
 8.050537154271321      272.0000000000000
