0.1114260000000000E-003     0.0000000000000000E+000
0.1114260000000000E-003      1.000000000000000
0.7625589388226656E-001      2.000000000000000
0.9982995794894563E-001      3.000000000000000
0.3282633615989252      4.000000000000000
0.3811478453229457      5.000000000000000
0.4282959734572879      6.000000000000000
0.4402401659179879      7.000000000000000
0.4827801932792692      8.000000000000000
0.8369983275115250      9.000000000000000
0.8575069524791359      10.00000000000000
0.8627024708042641      11.00000000000000
0.8908690899536376      12.00000000000000
0.9438749398077159      13.00000000000000
 2.385478934719395      14.00000000000000
 2.469553817781895      15.00000000000000
 2.490852788157729      16.00000000000000
 2.485632518778670      17.00000000000000
 2.280939978145582      18.00000000000000
 1.769387558618479      19.00000000000000
 1.701987160192681      20.00000000000000
 1.342723676492848      21.00000000000000
 1.300504307734897      22.00000000000000
 1.256677973384084      23.00000000000000
 1.245575302015211      24.00000000000000
 1.228449865055693      25.00000000000000
 1.245576093072978      26.00000000000000
 1.342726726794101      27.00000000000000
 1.701996794595783      28.00000000000000
 1.769398212229168      29.00000000000000
 2.280957215858121      30.00000000000000
 2.368596929906560      31.00000000000000
 2.459572411617743      32.00000000000000
 2.482619533651242      33.00000000000000
 2.518337198873872      34.00000000000000
 2.482623254703577      35.00000000000000
 2.280971366713259      36.00000000000000
 1.769442758605798      37.00000000000000
 1.702046046146610      38.00000000000000
 1.342806373866420      39.00000000000000
 1.300590555922970      40.00000000000000
 1.256767907538767      41.00000000000000
 1.245666169948102      42.00000000000000
 1.228544900524955      43.00000000000000
 1.245677945859565      44.00000000000000
 1.342851781520566      45.00000000000000
 1.702189466618147      46.00000000000000
 1.769601351292080      47.00000000000000
 2.281227972216939      48.00000000000000
 2.368877769514441      49.00000000000000
 2.459863718266172      50.00000000000000
 2.482913491949945      51.00000000000000
 2.518635148552756      52.00000000000000
 2.482916744541301      53.00000000000000
 2.281240341553612      54.00000000000000
 1.769640289513462      55.00000000000000
 1.702232517656965      56.00000000000000
 1.342921401444093      57.00000000000000
 1.300694929614570      58.00000000000000
 1.256861221833059      59.00000000000000
 1.245756682528409      60.00000000000000
 1.228627971526935      61.00000000000000
 1.245755891470642      62.00000000000000
 1.342918351142840      63.00000000000000
 1.702222883253859      64.00000000000000
 1.769629635902768      65.00000000000000
 2.281223103841065      66.00000000000000
 2.368867957287794      67.00000000000000
 2.459848774014502      68.00000000000000
 2.482897247585267      69.00000000000000
 2.518615133506921      70.00000000000000
 2.482893526532933      71.00000000000000
 2.281208952985928      72.00000000000000
 1.769585089526137      73.00000000000000
 1.702173631703031      74.00000000000000
 1.342838704070517      75.00000000000000
 1.300608681426494      76.00000000000000
 1.256771287678373      77.00000000000000
 1.245665814595516      78.00000000000000
 1.228532936057671      79.00000000000000
 1.245654038684053      80.00000000000000
 1.342793296416373      81.00000000000000
 1.702030211231494      82.00000000000000
 1.769426496839855      83.00000000000000
 2.280952347482247      84.00000000000000
 2.368587117679914      85.00000000000000
 2.459557467366072      86.00000000000000
 2.482603289286565      87.00000000000000
 2.518317183828037      88.00000000000000
 2.482600036695210      89.00000000000000
 2.280939978145576      90.00000000000000
 1.769387558618476      91.00000000000000
 1.701987160192679      92.00000000000000
 1.342723676492849      93.00000000000000
 1.300504307734899      94.00000000000000
 1.256677973384085      95.00000000000000
 1.245575302015212      96.00000000000000
 1.228449865055695      97.00000000000000
 1.245576093072980      98.00000000000000
 1.342726726794104      99.00000000000000
 1.701996794595791      100.0000000000000
 1.769398212229176      101.0000000000000
 2.280957215858133      102.0000000000000
 2.368596929906572      103.0000000000000
 2.459572411617756      104.0000000000000
 2.482619533651255      105.0000000000000
 2.518337198873886      106.0000000000000
 2.482623254703590      107.0000000000000
 2.280971366713271      108.0000000000000
 1.769442758605807      109.0000000000000
 1.702046046146619      110.0000000000000
 1.342806373866427      111.0000000000000
 1.300590555922977      112.0000000000000
 1.256767907538773      113.0000000000000
 1.245666169948107      114.0000000000000
 1.228544900524961      115.0000000000000
 1.245677945859570      116.0000000000000
 1.342851781520572      117.0000000000000
 1.702189466618153      118.0000000000000
 1.769601351292086      119.0000000000000
 2.281227972216945      120.0000000000000
 2.368877769514447      121.0000000000000
 2.459863718266178      122.0000000000000
 2.482913491949950      123.0000000000000
 2.518635148552762      124.0000000000000
 2.482916744541306      125.0000000000000
 2.281240341553616      126.0000000000000
 1.769640289513462      127.0000000000000
 1.702232517656965      128.0000000000000
 1.342921401444089      129.0000000000000
 1.300694929614566      130.0000000000000
 1.256861221833054      131.0000000000000
 1.245756682528404      132.0000000000000
 1.228627971526930      133.0000000000000
 1.245755891470636      134.0000000000000
 1.342918351142832      135.0000000000000
 1.702222883253845      136.0000000000000
 1.769629635902753      137.0000000000000
 2.281223103841045      138.0000000000000
 2.368867957287772      139.0000000000000
 2.459848774014479      140.0000000000000
 2.482897247585244      141.0000000000000
 2.518615133506898      142.0000000000000
 2.482893526532910      143.0000000000000
 2.281208952985908      144.0000000000000
 1.769585089526122      145.0000000000000
 1.702173631703017      146.0000000000000
 1.342838704070508      147.0000000000000
 1.300608681426486      148.0000000000000
 1.256771287678366      149.0000000000000
 1.245665814595508      150.0000000000000
 1.228532936057664      151.0000000000000
 1.245654038684047      152.0000000000000
 1.342793296416368      153.0000000000000
 1.702030211231491      154.0000000000000
 1.769426496839852      155.0000000000000
 2.280952347482247      156.0000000000000
 2.368587117679914      157.0000000000000
 2.459557467366073      158.0000000000000
 2.482603289286567      159.0000000000000
 2.518317183828039      160.0000000000000
 2.482600036695212      161.0000000000000
 2.280939978145578      162.0000000000000
 1.769387558618480      163.0000000000000
 1.701987160192683      164.0000000000000
 1.342723676492854      165.0000000000000
 1.300504307734905      166.0000000000000
 1.256677973384092      167.0000000000000
 1.245575302015219      168.0000000000000
 1.228449865055702      169.0000000000000
 1.245576093072987      170.0000000000000
 1.342726726794113      171.0000000000000
 1.701996794595804      172.0000000000000
 1.769398212229190      173.0000000000000
 2.280957215858152      174.0000000000000
 2.371629445963632      175.0000000000000
 2.462604927674816      176.0000000000000
 2.485652049708316      177.0000000000000
 2.490872808747293      178.0000000000000
 1.049262434781427      179.0000000000000
0.9651871796901051      180.0000000000000
0.9438881150669702      181.0000000000000
0.8908821561137562      182.0000000000000
0.8627157921761981      183.0000000000000
0.5085073349481499      184.0000000000000
0.4879992702625542      185.0000000000000
0.4828038938755366      186.0000000000000
0.4402637136737065      187.0000000000000
0.3282850013662044      188.0000000000000
0.9984640797124733E-001      189.0000000000000
0.7627154054101513E-001      190.0000000000000
0.1218829137717004E-003      191.0000000000000
0.1213071698920275E-003      192.0000000000000
0.1210795502186684E-003      193.0000000000000
0.1387268724286549E-003      194.0000000000000
0.1444824635185776E-003      195.0000000000000
0.1591314609477519E-003      196.0000000000000
0.1640144600908101E-003      197.0000000000000
0.1765045442354844E-003      198.0000000000000
0.1308297136947724E-003      199.0000000000000
0.5058110952368238E-004      200.0000000000000
0.3769423757213207E-005      201.0000000000000
-.5096464371550509E-005      202.0000000000000
-.6456476158692064E-005      203.0000000000000
-.1053651152038018E-004      204.0000000000000
-.1189652330752174E-004      205.0000000000000
-.1837212865696555E-004      206.0000000000000
-.2219755229915402E-004      207.0000000000000
-.2549190140551679E-004      208.0000000000000
-.2566992309302300E-004      209.0000000000000
-.2620398815535162E-004      210.0000000000000
-.2638200984285782E-004      211.0000000000000
-.2941859406198819E-004      212.0000000000000
-.1064070709919608E-003      213.0000000000000
-.1210443863588938E-003      214.0000000000000
-.1238958114303743E-003      215.0000000000000
-.1248462864542011E-003      216.0000000000000
-.2204117977248690E-003      217.0000000000000
-.2221665190273751E-003      218.0000000000000
-.2250179440988555E-003      219.0000000000000
-.2259684191226823E-003      220.0000000000000
-.2390849802535380E-003      221.0000000000000
-.2630656270824973E-003      222.0000000000000
-.2761821882376842E-003      223.0000000000000
-.2780831382933319E-003      224.0000000000000
-.2809345633768032E-003      225.0000000000000
-.2818850384046270E-003      226.0000000000000
-.2605954230432246E-003      227.0000000000000
-.2081730879561758E-003      228.0000000000000
-.1893103532583203E-003      229.0000000000000
-.2030237999409911E-003      230.0000000000000
-.2024284836188983E-003      231.0000000000000
0.2721247383865850E-004      232.0000000000000
0.2568534312962153E-003      233.0000000000000
0.2472019952285308E-003      234.0000000000000
0.2267229293476492E-003      235.0000000000000
0.2288364840053426E-003      236.0000000000000
0.2780284512743622E-003      237.0000000000000
0.2947339526457898E-003      238.0000000000000
0.2928956210982745E-003      239.0000000000000
0.2873806264557289E-003      240.0000000000000
0.2837039633606985E-003      241.0000000000000
0.2583349937421757E-003      242.0000000000000
0.2119536375305479E-003      243.0000000000000
0.1865846678818169E-003      244.0000000000000
0.1847463363293393E-003      245.0000000000000
0.1792313416719064E-003      246.0000000000000
0.1758375023228050E-003      247.0000000000000
-.8997543623003643E-005      248.0000000000000
-.1083587517548124E-004      249.0000000000000
-.1635086983291405E-004      250.0000000000000
-.4466117574136750E-004      251.0000000000000
-.1935660314936227E-003      252.0000000000000
-.2188203941858676E-003      253.0000000000000
-.2263674322410639E-003      254.0000000000000
-.2490085464069450E-003      255.0000000000000
-.2565555844621413E-003      256.0000000000000
-.2768494670505781E-003      257.0000000000000
-.2736457740471852E-003      258.0000000000000
-.2478379308827040E-003      259.0000000000000
-.2395160290422847E-003      260.0000000000000
-.2145503235207319E-003      261.0000000000000
-.2062284216803126E-003      262.0000000000000
-.1726725877619750E-003      263.0000000000000
-.1066058940769030E-003      264.0000000000000
0.6651295097506305E-005      265.0000000000000
0.7111351193594093E-004      266.0000000000000
0.7500942015094743E-004      267.0000000000000
0.7422772001217192E-004      268.0000000000000
0.7188261959611584E-004      269.0000000000000
0.7096122964254118E-004      270.0000000000000
0.7613410685639011E-004      271.0000000000000
0.7794846202228696E-004      272.0000000000000
