   0.0000000000000000       -424.84128182824554       -25.000000000000007       -4.7319380042801056E-003  -4.6283439785244854E-003  -1.8011603697965987E-003   5401.5000000000000       -5.0000000000000001E-003
   5000.0000000000000       -331.02992675276658       -36.579582010904957       -6.9216971037068939E-003  -6.7702354267823355E-003  -1.7078459902410605E-003   5403.0000000000000        2.9999999999999997E-004
   10000.000000000000       -233.62132931326002       -35.079582010904957       -6.6359501230807824E-003  -6.4908098826727649E-003  -1.7082128843024433E-003   5404.5000000000000        2.9999999999999997E-004
   15000.000000000000       -140.29709286825133       -33.579582010904957       -6.3503677665163617E-003  -6.2115394026831215E-003  -1.7085895738298920E-003   5406.0000000000000        2.9999999999999997E-004
   20000.000000000000       -51.056153128302491       -32.079582010904957       -6.0649498903964563E-003  -5.9324238577725301E-003  -1.7089760407403690E-003   5407.5000000000000        2.9999999999999997E-004
   25000.000000000000        34.102482155312856       -30.579582010904957       -5.7796963512718406E-003  -5.6534631190432528E-003  -1.7093722669831136E-003   5409.0000000000000        2.9999999999999997E-004
   30000.000000000000        115.17973344784374       -29.079582010904957       -5.4946070058610012E-003  -5.3746570577404961E-003  -1.7097782345396116E-003   5410.5000000000000        2.9999999999999997E-004
   35000.000000000000        192.17644968753652       -27.579582010904957       -5.2096817110498898E-003  -5.0960055452522086E-003  -1.7101939254235347E-003   5412.0000000000000        2.9999999999999997E-004
   40000.000000000000        265.09340854135121       -26.079582010904957       -4.9249203238916758E-003  -4.8175084531088862E-003  -1.7106193216806600E-003   5413.5000000000000        2.9999999999999997E-004
   45000.000000000000        333.93131665992314       -24.579582010904957       -4.6403227016065043E-003  -4.5391656529833709E-003  -1.7110544053888102E-003   5415.0000000000000        2.9999999999999997E-004
   50000.000000000000        396.64982369419494       -16.893567504882821       -3.1883809589424153E-003  -3.1189084288531007E-003  -1.7558496716703869E-003   5416.5000000000000        5.0000000000000001E-003
   55000.000000000000        408.89505604549549        8.1064324951171844        1.5295151646812517E-003   1.4962038566107760E-003  -1.9248097126368690E-003   5418.0000000000000        5.0000000000000001E-003
   60000.000000000000        350.46004029870545        22.875560811360678        4.3149024779092068E-003   4.2209725641407288E-003  -2.0204496574502732E-003   5419.5000000000000        2.9999999999999997E-004
   65000.000000000000        274.67023582197544        24.375560811360678        4.5965194854036238E-003   4.4965063293415757E-003  -2.0209561460192713E-003   5421.0000000000000        2.9999999999999997E-004
   70000.000000000000        194.07116729221485        25.875560811360678        4.8779747887461363E-003   4.7718876553915508E-003  -2.0214721296212368E-003   5422.5000000000000        2.9999999999999997E-004
   75000.000000000000        108.66273443249848        27.375560811360678        5.1592685285398862E-003   5.0471166687611878E-003  -2.0219975906928937E-003   5424.0000000000000        2.9999999999999997E-004
   80000.000000000000        18.444769981880849        28.875560811360678        5.4404008452241239E-003   5.3221934957811594E-003  -2.0225325117023199E-003   5425.5000000000000        2.9999999999999997E-004
   85000.000000000000       -76.582960061948512        30.375560811360678        5.7213718790744463E-003   5.5971182626424693E-003  -2.0230768751488479E-003   5427.0000000000000        2.9999999999999997E-004
   90000.000000000000       -176.42075620072961        31.875560811360678        6.0021817702030330E-003   5.8718910953966443E-003  -2.0236306635630259E-003   5428.5000000000000        2.9999999999999997E-004
   95000.000000000000       -281.06898519441359        33.375560811360678        6.2828306585588885E-003   6.1465121199559261E-003  -2.0241938595065619E-003   5430.0000000000000        2.9999999999999997E-004
   100000.00000000000       -390.25149874740731        32.856936035156252        6.1834286577528768E-003   6.0493300258043364E-003  -2.0102786448433223E-003   5431.5000000000000       -5.0000000000000001E-003
   105000.00000000000       -452.59699470172586        7.8569360351562469        1.4781927084940988E-003   1.4461505678550059E-003  -1.8206471344076318E-003   5433.0000000000000       -5.0000000000000001E-003
   110000.00000000000       -440.50785633599554       -17.143063964843758       -3.2243476860215926E-003  -3.1544878028970020E-003  -1.6309856120528699E-003   5434.5000000000000       -5.0000000000000001E-003
   115000.00000000000       -369.55085896958889       -38.469224344889334       -7.2333997887759141E-003  -7.0767520869921509E-003  -1.4676698212484247E-003   5436.0000000000000        2.9999999999999997E-004
   120000.00000000000       -282.01311960181522       -36.969224344889334       -6.9493635689712539E-003  -6.7989378105543603E-003  -1.4682223344102039E-003   5437.5000000000000        2.9999999999999997E-004
   125000.00000000000       -197.94842717404737       -35.469224344889334       -6.6654899375534621E-003  -6.5212767686871360E-003  -1.4687843349817310E-003   5439.0000000000000        2.9999999999999997E-004
   130000.00000000000       -117.35694352232207       -33.969224344889334       -6.3817787535980150E-003  -6.2437688346455899E-003  -1.4693558054424431E-003   5440.5000000000000        2.9999999999999997E-004
   135000.00000000000       -40.238898845282279       -32.469224344889334       -6.0982298763441380E-003  -5.9664138818245746E-003  -1.4699367283029440E-003   5442.0000000000000        2.9999999999999997E-004
   140000.00000000000        33.405408541909026       -30.969224344889334       -5.8148431651945534E-003  -5.6892117837584882E-003  -1.4705270861049597E-003   5443.5000000000000        2.9999999999999997E-004
   145000.00000000000        103.57561245292966       -29.469224344889334       -5.5316184797152513E-003  -5.4121624141210889E-003  -1.4711268614212810E-003   5445.0000000000000        2.9999999999999997E-004
   150000.00000000000        170.27127907493428       -27.969224344889334       -5.2485556796352563E-003  -5.1352656467252974E-003  -1.4717360368556734E-003   5446.5000000000000        2.9999999999999997E-004
   155000.00000000000        233.49190721247120       -26.469224344889334       -4.9656546248463759E-003  -4.8585213555230045E-003  -1.4723545950428641E-003   5448.0000000000000        2.9999999999999997E-004
   160000.00000000000        293.23692853067843       -24.969224344889334       -4.6829151754029788E-003  -4.5819294146048871E-003  -1.4729825186484424E-003   5449.5000000000000        2.9999999999999997E-004
   165000.00000000000        349.50570779776319       -23.469224344889334       -4.4003371915217471E-003  -4.3054896982002077E-003  -1.4736197903688166E-003   5451.0000000000000        2.9999999999999997E-004
   170000.00000000000        398.42997018181450       -12.769518432617195       -2.3935238373517559E-003  -2.3419566130430435E-003  -1.5403872881381740E-003   5452.5000000000000        5.0000000000000001E-003
   175000.00000000000        398.52846378227827        12.230481567382810        2.2918323650431170E-003   2.2424792019403758E-003  -1.7099676624313497E-003   5454.0000000000000        5.0000000000000001E-003
   180000.00000000000        343.15920185523004        22.192494405110676        4.1573970060535476E-003   4.0679120896546014E-003  -1.7714870155373307E-003   5455.5000000000000        2.9999999999999997E-004
   185000.00000000000        279.08605269681090        23.692494405110676        4.4371314186146737E-003   4.3416702226700896E-003  -1.7721906385871524E-003   5457.0000000000000        2.9999999999999997E-004
   190000.00000000000        210.81583696547958        25.192494405110676        4.7167063283098760E-003   4.6152778977943901E-003  -1.7729034285073313E-003   5458.5000000000000        2.9999999999999997E-004
   195000.00000000000        138.34719648287242        26.692494405110676        4.9961218728539801E-003   4.8887352390312600E-003  -1.7736253683323924E-003   5460.0000000000000        2.9999999999999997E-004
   200000.00000000000        61.678709906835330        28.192494405110676        5.2753781898024167E-003   5.1620423702482248E-003  -1.7743564411270146E-003   5461.5000000000000        2.9999999999999997E-004
   205000.00000000000       -19.191107037521835        29.692494405110676        5.5544754165514423E-003   5.4351994151767670E-003  -1.7750966299859376E-003   5463.0000000000000        2.9999999999999997E-004
   210000.00000000000       -104.26380132745552        31.192494405110676        5.8334136903383802E-003   5.7082064974125135E-003  -1.7758459180339330E-003   5464.5000000000000        2.9999999999999997E-004
   215000.00000000000       -193.54098241290004        32.692494405110679        6.1121931482418460E-003   5.9810637404154191E-003  -1.7766042884257423E-003   5466.0000000000000        2.9999999999999997E-004
   220000.00000000000       -287.02432198745805        34.192494405110679        6.3908139271819792E-003   6.2537712675099551E-003  -1.7773717243460135E-003   5467.5000000000000        2.9999999999999997E-004
   225000.00000000000       -384.68426903449728        34.973055419921877        6.5348462969336274E-003   6.3947806582413383E-003  -1.7729718508357978E-003   5469.0000000000000       -5.0000000000000001E-003
   230000.00000000000       -444.55173550651307        9.9730554199218719        1.8629726624512395E-003   1.8230610401100214E-003  -1.5830713625179546E-003   5470.5000000000000       -5.0000000000000001E-003
   235000.00000000000       -439.23554964730482       -15.026944580078133       -2.8062439283398737E-003  -2.7461521527920568E-003  -1.3931435982457896E-003   5472.0000000000000       -5.0000000000000001E-003
   240000.00000000000       -383.73673993385069       -40.026944580078137       -7.4728057635650080E-003  -7.3128609811049855E-003  -1.2031887222036563E-003   5473.5000000000000       -5.0000000000000001E-003
   245000.00000000000       -308.71960052981700       -39.135416971842460       -7.3042860970584482E-003  -7.1480213647200841E-003  -1.1995670491422169E-003   5475.0000000000000        2.9999999999999997E-004
   250000.00000000000       -236.48844109241156       -37.635416971842460       -7.0223283735839021E-003  -6.8721659767812396E-003  -1.2003337290004831E-003   5476.5000000000000        2.9999999999999997E-004
   255000.00000000000       -167.05465837383414       -36.135416971842460       -6.7405308335834867E-003  -6.5964616597010695E-003  -1.2011095405238220E-003   5478.0000000000000        2.9999999999999997E-004
   260000.00000000000       -100.41981666437461       -34.635416971842460       -6.4588933392698503E-003  -6.3209082894137162E-003  -1.2018944668373568E-003   5479.5000000000000        2.9999999999999997E-004
   265000.00000000000       -36.585544383734110       -33.135416971842460       -6.1774157530145269E-003  -6.0455057419891373E-003  -1.2026884910960986E-003   5481.0000000000000        2.9999999999999997E-004
   270000.00000000000        24.446466152297734       -31.635416971842460       -5.8960979373477015E-003  -5.7702538936329154E-003  -1.2034915964849082E-003   5482.5000000000000        2.9999999999999997E-004
   275000.00000000000        82.674458964477822       -30.135416971842460       -5.6149397549579861E-003  -5.4951526206860786E-003  -1.2043037662184165E-003   5484.0000000000000        2.9999999999999997E-004
   280000.00000000000        138.09661464206056       -28.635416971842460       -5.3339410686921891E-003  -5.2202017996249121E-003  -1.2051249835409823E-003   5485.5000000000000        2.9999999999999997E-004
   285000.00000000000        190.71105057406515       -27.135416971842460       -5.0531017415550846E-003  -4.9454013070607721E-003  -1.2059552317266141E-003   5487.0000000000000        2.9999999999999997E-004
   290000.00000000000        240.51582117986399       -25.635416971842460       -4.7724216367091904E-003  -4.6707510197399032E-003  -1.2067944940789515E-003   5488.5000000000000        2.9999999999999997E-004
   295000.00000000000        287.50891813909016       -24.135416971842460       -4.4919006174745316E-003  -4.3962508145432523E-003  -1.2076427539311674E-003   5490.0000000000000        2.9999999999999997E-004
   300000.00000000000        331.68827062086916       -22.635416971842460       -4.2115385473284203E-003  -4.1219005684862888E-003  -1.2084999946459279E-003   5491.5000000000000        2.9999999999999997E-004
   305000.00000000000        373.05174551237616       -21.135416971842460       -3.9313352899052311E-003  -3.8477001587188162E-003  -1.2093661996153463E-003   5493.0000000000000        2.9999999999999997E-004
   310000.00000000000        398.90329628769388       -1.4581392415364662       -2.7114729840877069E-004  -2.6538160734124422E-004  -1.3412334503897921E-003   5494.5000000000000        5.0000000000000001E-003
   315000.00000000000        374.51026588555868        19.671527608235674        3.6569702322735652E-003   3.5792444702029977E-003  -1.4836006077868678E-003   5496.0000000000000        2.9999999999999997E-004
   320000.00000000000        327.12845206085325        21.171527608235674        3.9347090465883900E-003   3.8511191647541024E-003  -1.4845180517205829E-003   5497.5000000000000        2.9999999999999997E-004
   325000.00000000000        276.24907366643720        22.671527608235674        4.2122907282233259E-003   4.1228455370495871E-003  -1.4854443100896242E-003   5499.0000000000000        2.9999999999999997E-004
   330000.00000000000        221.86943184252982        24.171527608235674        4.4897154117832560E-003   4.3944237084329934E-003  -1.4863793665679732E-003   5500.5000000000000        2.9999999999999997E-004
   335000.00000000000        163.98676857796946        25.671527608235674        4.7669832317184871E-003   4.6658538001155356E-003  -1.4873232048585147E-003   5502.0000000000000        2.9999999999999997E-004
   340000.00000000000        102.59826692911348        27.171527608235674        5.0440943223249704E-003   4.9371359331762841E-003  -1.4882758086929228E-003   5503.5000000000000        2.9999999999999997E-004
   345000.00000000000        37.701051238090720        28.671527608235674        5.3210488177445258E-003   5.2082702285623393E-003  -1.4892371618316321E-003   5505.0000000000000        2.9999999999999997E-004
   350000.00000000000       -30.707812649590899        30.171527608235674        5.5978468519650576E-003   5.4792568070890181E-003  -1.4902072480637981E-003   5506.5000000000000        2.9999999999999997E-004
   355000.00000000000       -102.63131716807840        31.671527608235674        5.8744885588207828E-003   5.7500957894400283E-003  -1.4911860512072130E-003   5508.0000000000000        2.9999999999999997E-004
   360000.00000000000       -178.07251281484901        33.171527608235678        6.1509740719924485E-003   6.0207872961676517E-003  -1.4921735551082687E-003   5509.5000000000000        2.9999999999999997E-004
   365000.00000000000       -257.03450793502429        34.671527608235678        6.4273035250075519E-003   6.2913314476929190E-003  -1.4931697436418988E-003   5511.0000000000000        2.9999999999999997E-004
   370000.00000000000       -339.52046850632058        36.171527608235678        6.7034770512405641E-003   6.5617283643057923E-003  -1.4941746007115127E-003   5512.5000000000000        2.9999999999999997E-004
   375000.00000000000       -416.72503271986506        24.417780558268227        4.5239410998536480E-003   4.4283243667515831E-003  -1.3995672612147337E-003   5514.0000000000000       -5.0000000000000001E-003
   380000.00000000000       -441.52418102230234      -0.58221944173177875       -1.0783878179496791E-004  -1.0556059137553780E-004  -1.2093771184422447E-003   5515.5000000000000       -5.0000000000000001E-003
   385000.00000000000       -419.43050471845697       -25.582219441731784       -4.7370071368382297E-003  -4.6369801416950851E-003  -1.0191628659259166E-003   5517.0000000000000       -5.0000000000000001E-003
   390000.00000000000       -366.09935749834159       -43.564318339029967       -8.0644420706627151E-003  -7.8942318273135751E-003  -8.7956921596793144E-004   5518.5000000000000        2.9999999999999997E-004
   395000.00000000000       -307.57722061158336       -42.064318339029967       -7.7845744929548651E-003  -7.6203475251865882E-003  -8.8056455385104805E-004   5520.0000000000000        2.9999999999999997E-004
   400000.00000000000       -251.05664111662742       -40.564318339029967       -7.5048645884248939E-003  -7.3466120327863749E-003  -8.8156864949447990E-004   5521.5000000000000        2.9999999999999997E-004
   405000.00000000000       -196.54064848214944       -39.064318339029967       -7.2253122225816096E-003  -7.0730252288665517E-003  -8.8258148669978866E-004   5523.0000000000000        2.9999999999999997E-004
   410000.00000000000       -144.03233199605052       -37.564318339029967       -6.9459172610876110E-003  -6.7995869923124204E-003  -8.8360304929708394E-004   5524.5000000000000        2.9999999999999997E-004
   415000.00000000000       -93.534840545110697       -36.064318339029967       -6.6666795697590550E-003  -6.5262972021407828E-003  -8.8463332114496849E-004   5526.0000000000000        2.9999999999999997E-004
   420000.00000000000       -45.051382395288719       -34.564318339029967       -6.3875990145654425E-003  -6.2531557374997677E-003  -8.8567228613049788E-004   5527.5000000000000        2.9999999999999997E-004
   425000.00000000000        1.4147750273327904       -33.064318339029967       -6.1086754616293953E-003  -5.9801624776686501E-003  -8.8671992816913270E-004   5529.0000000000000        2.9999999999999997E-004
   430000.00000000000        45.860305354956616       -31.564318339029967       -5.8299087772264403E-003  -5.7073173020576731E-003  -8.8777623120464501E-004   5530.5000000000000        2.9999999999999997E-004
   435000.00000000000        88.281823495840385       -30.064318339029967       -5.5512988277847891E-003  -5.4346200902078744E-003  -8.8884117920910006E-004   5532.0000000000000        2.9999999999999997E-004
   440000.00000000000        128.67588585142570       -28.564318339029967       -5.2728454798851203E-003  -5.1620707217909035E-003  -8.8991475618279380E-004   5533.5000000000000        2.9999999999999997E-004
   445000.00000000000        167.03899053282902       -27.064318339029967       -4.9945486002603585E-003  -4.8896690766088461E-003  -8.9099694615419212E-004   5535.0000000000000        2.9999999999999997E-004
   450000.00000000000        203.36757757669642       -25.564318339029967       -4.7164080557954603E-003  -4.6174150345940513E-003  -8.9208773317988438E-004   5536.5000000000000        2.9999999999999997E-004
   455000.00000000000        237.65802916042412       -24.064318339029967       -4.4384237135271926E-003  -4.3453084758089495E-003  -8.9318710134452450E-004   5538.0000000000000        2.9999999999999997E-004
   460000.00000000000        269.90666981674656       -22.564318339029967       -4.1605954406439237E-003  -4.0733492804458822E-003  -8.9429503476078174E-004   5539.5000000000000        2.9999999999999997E-004
   465000.00000000000        300.10976664769322       -21.064318339029967       -3.8829231044853942E-003  -3.8015373288269199E-003  -8.9541151756927567E-004   5541.0000000000000        2.9999999999999997E-004
   470000.00000000000        328.26352953791792       -19.564318339029967       -3.6054065725425145E-003  -3.5298725014036919E-003  -8.9653653393855447E-004   5542.5000000000000        2.9999999999999997E-004
   475000.00000000000        354.36411136739929       -18.064318339029967       -3.3280457124571371E-003  -3.2583546787572082E-003  -8.9767006806499509E-004   5544.0000000000000        2.9999999999999997E-004
   480000.00000000000        378.40760822351729       -16.564318339029967       -3.0508403920218503E-003  -2.9869837415976851E-003  -8.9881210417278533E-004   5545.5000000000000        2.9999999999999997E-004
   485000.00000000000        388.99157141598926        4.7241666666666520        8.6986003794859530E-004   8.5166155880055019E-004  -1.0429893894540459E-003   5547.0000000000000        5.0000000000000001E-003
   490000.00000000000        366.30344669723763        16.072713928222644        2.9586368864514944E-003   2.8967674016802097E-003  -1.1153484799561843E-003   5548.5000000000000        2.9999999999999997E-004
   495000.00000000000        337.26935255504236        17.572713928222644        3.2338480548173673E-003   3.1662547618419184E-003  -1.1165328567531553E-003   5550.0000000000000        2.9999999999999997E-004
   500000.00000000000        305.62155018979757        19.072713928222644        3.5089050751515604E-003   3.4355964925196158E-003  -1.1177256107220504E-003   5551.5000000000000        2.9999999999999997E-004
   505000.00000000000        271.35569319424587        20.572713928222644        3.7838080781739188E-003   3.7047927117274714E-003  -1.1189267263254513E-003   5553.0000000000000        2.9999999999999997E-004
   510000.00000000000        234.46738090824584        22.072713928222644        4.0585571944556781E-003   3.9738435373521735E-003  -1.1201361880532571E-003   5554.5000000000000        2.9999999999999997E-004
   515000.00000000000        194.95215862290181        23.572713928222644        4.3331525544196793E-003   4.2427490871531047E-003  -1.1213539804226375E-003   5556.0000000000000        2.9999999999999997E-004
   520000.00000000000        152.80551778409287        25.072713928222644        4.6075942883405854E-003   4.5115094787625100E-003  -1.1225800879779641E-003   5557.5000000000000        2.9999999999999997E-004
   525000.00000000000        108.02289619540132        26.572713928222644        4.8818825263450792E-003   4.7801248296856710E-003  -1.1238144952907775E-003   5559.0000000000000        2.9999999999999997E-004
   530000.00000000000        60.599678220443948        28.072713928222644        5.1560173984120930E-003   5.0485952573010784E-003  -1.1250571869597123E-003   5560.5000000000000        2.9999999999999997E-004
   535000.00000000000        10.531194984606037        29.572713928222644        5.4299990343729980E-003   5.3169208788605982E-003  -1.1263081476104715E-003   5562.0000000000000        2.9999999999999997E-004
   540000.00000000000       -42.187275423818924        31.072713928222644        5.7038275639118311E-003   5.5851018114896466E-003  -1.1275673618957611E-003   5563.5000000000000        2.9999999999999997E-004
   545000.00000000000       -97.560507753082021        32.572713928222647        5.9775031165654920E-003   5.8531381721873580E-003  -1.1288348144952338E-003   5565.0000000000000        2.9999999999999997E-004
   550000.00000000000       -155.59332938802385        34.072713928222647        6.2510258217239661E-003   6.1210300778267576E-003  -1.1301104901154562E-003   5566.5000000000000        2.9999999999999997E-004
   555000.00000000000       -216.29062015070747        35.572713928222647        6.5243958086305216E-003   6.3887776451549295E-003  -1.1313943734898274E-003   5568.0000000000000        2.9999999999999997E-004
   560000.00000000000       -279.65731210164120        37.072713928222647        6.7976132063819160E-003   6.6563809907931853E-003  -1.1326864493785692E-003   5569.5000000000000        2.9999999999999997E-004
   565000.00000000000       -345.69838934158548        38.572713928222647        7.0706781439286194E-003   6.9238402312372374E-003  -1.1339867025686339E-003   5571.0000000000000        2.9999999999999997E-004
   570000.00000000000       -408.36086604259987        27.728804524739573        5.0814874376427640E-003   4.9760079900833688E-003  -1.0459592709125957E-003   5572.5000000000000       -5.0000000000000001E-003
   575000.00000000000       -431.21838725503522        2.7288045247395676        4.9993208346956364E-004   4.8955947698951698E-004  -8.5546804320954745E-004   5574.0000000000000       -5.0000000000000001E-003
   580000.00000000000       -420.39064671587244       -22.271195475260438       -4.0790686889943155E-003  -3.9944750202242736E-003  -6.6495655827332901E-004   5575.5000000000000       -5.0000000000000001E-003
   585000.00000000000       -390.61773889786065       -47.271195475260441       -8.6555170361936329E-003  -8.4760974493922250E-003  -4.7442496271521688E-004   5577.0000000000000       -5.0000000000000001E-003
   590000.00000000000       -356.01982871487706       -52.410488179524762       -9.5938651602049778E-003  -9.3950861664470302E-003  -4.2765263749091302E-004   5578.5000000000000        2.9999999999999997E-004
   595000.00000000000       -322.22876703492591       -50.910488179524762       -9.3166906726331565E-003  -9.1237434013485240E-003  -4.2894943814739589E-004   5580.0000000000000        2.9999999999999997E-004
   600000.00000000000       -289.32700027376194       -49.410488179524762       -9.0396705702507751E-003  -8.8525464802516815E-003  -4.3025450977292844E-004   5581.5000000000000        2.9999999999999997E-004
   605000.00000000000       -257.31945496237239       -47.910488179524762       -8.7628047228759266E-003  -8.5814952856035753E-003  -4.3156783704464941E-004   5583.0000000000000        2.9999999999999997E-004
   610000.00000000000       -226.21111197838869       -46.410488179524762       -8.4860930004738554E-003  -8.3105896999775743E-003  -4.3288940466650988E-004   5584.5000000000000        2.9999999999999997E-004
   615000.00000000000       -196.00700634213905       -44.910488179524762       -8.2095352731567511E-003  -8.0398296060731761E-003  -4.3421919736924959E-004   5586.0000000000000        2.9999999999999997E-004
   620000.00000000000       -166.71222701329935       -43.410488179524762       -7.9331314111835416E-003  -7.7692148867158414E-003  -4.3555719991034201E-004   5587.5000000000000        2.9999999999999997E-004
   625000.00000000000       -138.33191668814086       -41.910488179524762       -7.6568812849596816E-003  -7.4987454248568192E-003  -4.3690339707392901E-004   5589.0000000000000        2.9999999999999997E-004
   630000.00000000000       -110.87127159737095       -40.410488179524762       -7.3807847650369544E-003  -7.2284211035729832E-003  -4.3825777367078938E-004   5590.5000000000000        2.9999999999999997E-004
   635000.00000000000       -84.335541304567400       -38.910488179524762       -7.1048417221132500E-003  -6.9582418060666600E-003  -4.3962031453827514E-004   5592.0000000000000        2.9999999999999997E-004
   640000.00000000000       -58.730028505203215       -37.410488179524762       -6.8290520270323707E-003  -6.6882074156654620E-003  -4.4099100454026569E-004   5593.5000000000000        2.9999999999999997E-004
   645000.00000000000       -34.060088826260568       -35.910488179524762       -6.5534155507838213E-003  -6.4183178158221197E-003  -4.4236982856711750E-004   5595.0000000000000        2.9999999999999997E-004
   650000.00000000000       -10.331130626431817       -34.410488179524762       -6.2779321645026016E-003  -6.1485728901143144E-003  -4.4375677153562322E-004   5596.5000000000000        2.9999999999999997E-004
   655000.00000000000        12.451385203092416       -32.910488179524762       -6.0026017394690006E-003  -5.8789725222445095E-003  -4.4515181838893992E-004   5598.0000000000000        2.9999999999999997E-004
   660000.00000000000        34.281945437252027       -31.410488179524762       -5.7274241471083932E-003  -5.6095165960397819E-003  -4.4655495409655528E-004   5599.5000000000000        2.9999999999999997E-004
   665000.00000000000        55.154984715163621       -29.910488179524762       -5.4523992589910336E-003  -5.3402049954516624E-003  -4.4796616365423719E-004   5601.0000000000000        2.9999999999999997E-004
   670000.00000000000        75.064885737585556       -28.410488179524762       -5.1775269468318499E-003  -5.0710376045559587E-003  -4.4938543208397587E-004   5602.5000000000000        2.9999999999999997E-004
   675000.00000000000        94.005979463804294       -26.910488179524762       -4.9028070824902450E-003  -4.8020143075525983E-003  -4.5081274443394350E-004   5604.0000000000000        2.9999999999999997E-004
   680000.00000000000        111.97254530794302       -25.410488179524762       -4.6282395379698867E-003  -4.5331349887654552E-003  -4.5224808577844038E-004   5605.5000000000000        2.9999999999999997E-004
   685000.00000000000        128.95881133469436       -23.910488179524762       -4.3538241854185061E-003  -4.2643995326421902E-003  -4.5369144121784106E-004   5607.0000000000000        2.9999999999999997E-004
   690000.00000000000        144.95895445447894       -22.410488179524762       -4.0795608971276936E-003  -3.9958078237540802E-003  -4.5514279587854732E-004   5608.5000000000000        2.9999999999999997E-004
   695000.00000000000        159.96710061803213       -20.910488179524762       -3.8054495455327000E-003  -3.7273597467958573E-003  -4.5660213491295523E-004   5610.0000000000000        2.9999999999999997E-004
   700000.00000000000        173.97732501041887       -19.410488179524762       -3.5314900032122278E-003  -3.4590551865855404E-003  -4.5806944349938085E-004   5611.5000000000000        2.9999999999999997E-004
   705000.00000000000        186.98365224447966       -17.910488179524762       -3.2576821428882338E-003  -3.1908940280642719E-003  -4.5954470684202023E-004   5613.0000000000000        2.9999999999999997E-004
   710000.00000000000        198.98005655370915       -16.410488179524762       -2.9840258374257277E-003  -2.9228761562961544E-003  -4.6102791017090986E-004   5614.5000000000000        2.9999999999999997E-004
   715000.00000000000        209.96046198456847       -14.910488179524762       -2.7105209598325634E-003  -2.6550014564680844E-003  -4.6251903874186344E-004   5616.0000000000000        2.9999999999999997E-004
   720000.00000000000        219.91874258823333       -13.410488179524762       -2.4371673832592469E-003  -2.3872698138895881E-003  -4.6401807783643501E-004   5617.5000000000000        2.9999999999999997E-004
   725000.00000000000        228.84872261177924       -11.910488179524762       -2.1639649809987302E-003  -2.1196811139926608E-003  -4.6552501276186280E-004   5619.0000000000000        2.9999999999999997E-004
   730000.00000000000        236.74417668880574       -10.410488179524762       -1.8909136264862133E-003  -1.8522352423316008E-003  -4.6703982885102648E-004   5620.5000000000000        2.9999999999999997E-004
   735000.00000000000        243.59883002950090       -8.9104881795247621       -1.6180131932989408E-003  -1.5849320845828464E-003  -4.6856251146238693E-004   5622.0000000000000        2.9999999999999997E-004
   740000.00000000000        249.40635861014826       -7.4104881795247621       -1.3452635551560051E-003  -1.3177715265448142E-003  -4.7009304597996494E-004   5623.5000000000000        2.9999999999999997E-004
   745000.00000000000        254.16038936207684       -5.9104881795247621       -1.0726645859181465E-003  -1.0507534541377354E-003  -4.7163141781325640E-004   5625.0000000000000        2.9999999999999997E-004
   750000.00000000000        257.85450036005687       -4.4104881795247621       -8.0021615958755343E-004  -7.8387775340349453E-004  -4.7317761239721153E-004   5626.5000000000000        2.9999999999999997E-004
   755000.00000000000        260.48222101014215       -2.9104881795247621       -5.2791815030766318E-004  -5.1714431050546594E-004  -4.7473161519217112E-004   5628.0000000000000        2.9999999999999997E-004
   760000.00000000000        262.03703223696095       -1.4104881795247619       -2.5577043236296395E-004  -2.5055301172835281E-004  -4.7629341168383863E-004   5629.5000000000000        2.9999999999999997E-004
   765000.00000000000        262.51236667045691        8.9511820475238202E-002   1.6227119821202652E-005   1.5896256521974464E-005  -4.7786298738320315E-004   5631.0000000000000        2.9999999999999997E-004
   770000.00000000000        261.90160883208125        1.5895118204752383        2.8807463167884035E-004   2.8220360771863976E-004  -4.7944032782651813E-004   5632.5000000000000        2.9999999999999997E-004
   775000.00000000000        260.19809532043848        3.0895118204752383        5.5977222850349525E-004   5.4836915521392228E-004  -4.8102541857523886E-004   5634.0000000000000        2.9999999999999997E-004
   780000.00000000000        257.39511499638667        4.5895118204752388        8.3132003544845318E-004   8.1439301223941777E-004  -4.8261824521597337E-004   5635.5000000000000        2.9999999999999997E-004
   785000.00000000000        253.48590916759377        6.0895118204752388        1.1027181775269360E-003   1.0802752919061981E-003  -4.8421879336046502E-004   5637.0000000000000        2.9999999999999997E-004
   790000.00000000000        248.46367177255223        7.5895118204752388        1.3739667796122987E-003   1.3460161072049728E-003  -4.8582704864549202E-004   5638.5000000000000        2.9999999999999997E-004
   795000.00000000000        242.32154956405242        9.0895118204752396        1.6450659664382255E-003   1.6116155710062482E-003  -4.8744299673286718E-004   5640.0000000000000        2.9999999999999997E-004
   800000.00000000000        235.05264229211741        10.589511820475240        1.9160158625989247E-003   1.8770737960604874E-003  -4.8906662330936855E-004   5641.5000000000000        2.9999999999999997E-004
   805000.00000000000        226.65000288640002        12.089511820475240        2.1868165925493254E-003   2.1423908949982705E-003  -4.9069791408669155E-004   5643.0000000000000        2.9999999999999997E-004
   810000.00000000000        217.10663763804382        13.589511820475240        2.4574682806052716E-003   2.4075669803304525E-003  -4.9233685480141380E-004   5644.5000000000000        2.9999999999999997E-004
   815000.00000000000        206.41550638100972        15.089511820475240        2.7279710509437198E-003   2.6726021644483244E-003  -4.9398343121494074E-004   5646.0000000000000        2.9999999999999997E-004
   820000.00000000000        194.56952267286954        16.589511820475241        2.9983250276029274E-003   2.9374965596237700E-003  -4.9563762911346352E-004   5647.5000000000000        2.9999999999999997E-004
   825000.00000000000        181.56155397506853        18.089511820475241        3.2685303344826538E-003   3.2022502780094256E-003  -4.9729943430789096E-004   5649.0000000000000        2.9999999999999997E-004
   830000.00000000000        167.38442183265698        19.589511820475241        3.5385870953443493E-003   3.4668634316388364E-003  -4.9896883263385338E-004   5650.5000000000000        2.9999999999999997E-004
   835000.00000000000        152.03090205349483        21.089511820475241        3.8084954338113504E-003   3.7313361324266179E-003  -5.0064580995159188E-004   5652.0000000000000        2.9999999999999997E-004
   840000.00000000000        135.49372488692816        22.589511820475241        4.0782554733690760E-003   3.9956684921686114E-003  -5.0233035214596305E-004   5653.5000000000000        2.9999999999999997E-004
   845000.00000000000        117.76557520194118        24.089511820475241        4.3478673373652139E-003   4.2598606225420412E-003  -5.0402244512636320E-004   5655.0000000000000        2.9999999999999997E-004
   850000.00000000000        98.839092664783394        25.589511820475241        4.6173311490099187E-003   4.5239126351056744E-003  -5.0572207482670517E-004   5656.5000000000000        2.9999999999999997E-004
   855000.00000000000        78.706871916075826        27.089511820475241        4.8866470313759999E-003   4.7878246412999727E-003  -5.0742922720533928E-004   5658.0000000000000        2.9999999999999997E-004
   860000.00000000000        57.361462747394341        28.589511820475241        5.1558151073991193E-003   5.0515967524472558E-003  -5.0914388824505486E-004   5659.5000000000000        2.9999999999999997E-004
   865000.00000000000        34.795370277335920        30.089511820475241        5.4248354998779761E-003   5.3152290797518539E-003  -5.1086604395297690E-004   5661.0000000000000        2.9999999999999997E-004
   870000.00000000000        11.001055127064783        31.589511820475241        5.6937083314745037E-003   5.5787217343002639E-003  -5.1259568036057476E-004   5662.5000000000000        2.9999999999999997E-004
   875000.00000000000       -14.029066404656890        33.089511820475245        5.9624337247140557E-003   5.8420748270613075E-003  -5.1433278352358948E-004   5664.0000000000000        2.9999999999999997E-004
   880000.00000000000       -40.302622166952446        34.589511820475245        6.2310118019856002E-003   6.1052884688862843E-003  -5.1607733952197432E-004   5665.5000000000000        2.9999999999999997E-004
   885000.00000000000       -67.827283982829528        36.089511820475245        6.4994426855419117E-003   6.3683627705091311E-003  -5.1782933445988517E-004   5667.0000000000000        2.9999999999999997E-004
   890000.00000000000       -96.610767475689343        37.589511820475245        6.7677264974997514E-003   6.6312978425465720E-003  -5.1958875446560509E-004   5668.5000000000000        2.9999999999999997E-004
   895000.00000000000       -126.66083189634769        39.089511820475245        7.0358633598400734E-003   6.8940937954982797E-003  -5.2135558569151941E-004   5670.0000000000000        2.9999999999999997E-004
   900000.00000000000       -157.98527995056367        40.589511820475245        7.3038533944081952E-003   7.1567507397470240E-003  -5.2312981431404707E-004   5671.5000000000000        2.9999999999999997E-004
   905000.00000000000       -190.59195762707739        42.089511820475245        7.5716967229139997E-003   7.4192687855588304E-003  -5.2491142653361884E-004   5673.0000000000000        2.9999999999999997E-004
   910000.00000000000       -224.48875402615403        43.589511820475245        7.8393934669321215E-003   7.6816480430831344E-003  -5.2670040857463046E-004   5674.5000000000000        2.9999999999999997E-004
   915000.00000000000       -259.68360118863035        45.089511820475245        8.1069437479021310E-003   7.9438886223529327E-003  -5.2849674668536462E-004   5676.0000000000000        2.9999999999999997E-004
   920000.00000000000       -296.18447392546869        46.589511820475245        8.3743476871287279E-003   8.2059906332849399E-003  -5.3030042713801012E-004   5677.5000000000000        2.9999999999999997E-004
   925000.00000000000       -333.99938964780881        48.089511820475245        8.6416054057819273E-003   8.4679541856797404E-003  -5.3211143622855094E-004   5679.0000000000000        2.9999999999999997E-004
   930000.00000000000       -373.13640819752186        49.589511820475245        8.9087170248972423E-003   8.7297793892219429E-003  -5.3392976027675219E-004   5680.5000000000000        2.9999999999999997E-004
   935000.00000000000       -403.89057612964120        30.509349365234357        5.4794829335261617E-003   5.3694736651239625E-003  -3.8610942284734122E-004   5682.0000000000000       -5.0000000000000001E-003
   940000.00000000000       -412.27343901120111        5.5093493652343515        9.8920950332486530E-004   9.6935855814803400E-004  -1.9523232387916092E-004   5683.5000000000000       -5.0000000000000001E-003
   945000.00000000000       -411.83854974760948       -19.490650634765654       -3.4986111098838724E-003  -3.4284345883492796E-003  -4.3415540893725199E-006   5685.0000000000000       -5.0000000000000001E-003
   950000.00000000000       -417.04700514643309       -44.490650634765657       -7.9839809342673214E-003  -7.8239076118465940E-003   1.8656275638316935E-004   5686.5000000000000       -5.0000000000000001E-003
   955000.00000000000       -442.34958859627085       -69.490650634765657       -1.2466901995744595E-002  -1.2217062347884257E-002   3.7748047768457736E-004   5688.0000000000000       -5.0000000000000001E-003
   960000.00000000000       -494.85082529964620       -79.732772013346391       -1.4300476111755119E-002  -1.4014020918067737E-002   4.6107241453230039E-004   5689.5000000000000        0.0000000000000000     
   965000.00000000000       -551.58270333121584       -79.732772013346391       -1.4296574641044637E-002  -1.4010327185617007E-002   4.7016762164369199E-004   5691.0000000000000        0.0000000000000000     
   970000.00000000000       -609.39550519930094       -79.732772013346391       -1.4292675318600703E-002  -1.4006635399797346E-002   4.7925653445214699E-004   5692.5000000000000        0.0000000000000000     
   975000.00000000000       -668.28788313654434       -79.732772013346391       -1.4288778142639355E-002  -1.4002945559070319E-002   4.8833915875250297E-004   5694.0000000000000        0.0000000000000000     
   980000.00000000000       -728.25849118011524       -79.732772013346391       -1.4284883111378618E-002  -1.3999257661899111E-002   4.9741550033293878E-004   5695.5000000000000        0.0000000000000000     
   985000.00000000000       -789.30598516892451       -79.732772013346391       -1.4280990223038494E-002  -1.3995571706748533E-002   5.0648556497497120E-004   5697.0000000000000        0.0000000000000000     
   990000.00000000000       -851.42902274084508       -79.732772013346391       -1.4277099475840957E-002  -1.3991887692085004E-002   5.1554935845345986E-004   5698.5000000000000        0.0000000000000000     
   995000.00000000000       -914.62626332993773       -79.732772013346391       -1.4273210868009955E-002  -1.3988205616376559E-002   5.2460688653662834E-004   5700.0000000000000        0.0000000000000000     
   1000000.0000000000       -978.89636816368170       -79.732772013346391       -1.4269324397771409E-002  -1.3984525478092851E-002   5.3365815498606446E-004   5701.5000000000000        0.0000000000000000     
   1005000.0000000000       -1044.2380002602101       -79.732772013346391       -1.4265440063353202E-002  -1.3980847275705137E-002   5.4270316955673233E-004   5703.0000000000000        0.0000000000000000     
   1010000.0000000000       -1110.6498244255504       -79.732772013346391       -1.4261557862985184E-002  -1.3977171007686280E-002   5.5174193599698274E-004   5704.5000000000000        0.0000000000000000     
   1015000.0000000000       -1178.1305072508694       -79.732772013346391       -1.4257677794899171E-002  -1.3973496672510759E-002   5.6077446004856098E-004   5706.0000000000000        0.0000000000000000     
   1020000.0000000000       -1246.6787171097237       -79.732772013346391       -1.4253799857328922E-002  -1.3969824268654646E-002   5.6980074744661412E-004   5707.5000000000000        0.0000000000000000     
   1025000.0000000000       -1316.2931241553144       -79.732772013346391       -1.4249924048510170E-002  -1.3966153794595619E-002   5.7882080391970638E-004   5709.0000000000000        0.0000000000000000     
   1030000.0000000000       -1386.9724003177478       -79.732772013346391       -1.4246050366680594E-002  -1.3962485248812957E-002   5.8783463518982237E-004   5710.5000000000000        0.0000000000000000     
   1035000.0000000000       -1458.7152193012982       -79.732772013346391       -1.4242178810079826E-002  -1.3958818629787534E-002   5.9684224697237223E-004   5712.0000000000000        0.0000000000000000     
   1040000.0000000000       -1531.5202565816805       -79.732772013346391       -1.4238309376949436E-002  -1.3955153936001819E-002   6.0584364497621838E-004   5713.5000000000000        0.0000000000000000     
   1045000.0000000000       -1605.3861894033216       -79.732772013346391       -1.4234442065532954E-002  -1.3951491165939876E-002   6.1483883490366111E-004   5715.0000000000000        0.0000000000000000     
   1050000.0000000000       -1680.3116967766421       -79.732772013346391       -1.4230576874075843E-002  -1.3947830318087360E-002   6.2382782245047239E-004   5716.5000000000000        0.0000000000000000     
   1055000.0000000000       -1756.2954594753373       -79.732772013346391       -1.4226713800825509E-002  -1.3944171390931513E-002   6.3281061330586522E-004   5718.0000000000000        0.0000000000000000     
   1060000.0000000000       -1833.3361600336686       -79.732772013346391       -1.4222852844031294E-002  -1.3940514382961166E-002   6.4178721315255084E-004   5719.5000000000000        0.0000000000000000     
   1065000.0000000000       -1911.4324827437565       -79.732772013346391       -1.4218994001944478E-002  -1.3936859292666736E-002   6.5075762766672476E-004   5721.0000000000000        0.0000000000000000     
   1070000.0000000000       -1990.5831136528786       -79.732772013346391       -1.4215137272818262E-002  -1.3933206118540218E-002   6.5972186251807079E-004   5722.5000000000000        0.0000000000000000     
   1075000.0000000000       -2070.7867405607735       -79.732772013346391       -1.4211282654907795E-002  -1.3929554859075191E-002   6.6867992336978052E-004   5724.0000000000000        0.0000000000000000     
   1080000.0000000000       -2152.0420530169481       -79.732772013346391       -1.4207430146470131E-002  -1.3925905512766814E-002   6.7763181587855118E-004   5725.5000000000000        0.0000000000000000     
   1085000.0000000000       -2234.3477423179902       -79.732772013346391       -1.4203579745764265E-002  -1.3922258078111819E-002   6.8657754569460328E-004   5727.0000000000000        0.0000000000000000     
   1090000.0000000000       -2317.7025015048857       -79.732772013346391       -1.4199731451051108E-002  -1.3918612553608517E-002   6.9551711846168945E-004   5728.5000000000000        0.0000000000000000     
   1095000.0000000000       -2402.1050253603430       -79.732772013346391       -1.4195885260593488E-002  -1.3914968937756787E-002   7.0445053981710662E-004   5730.0000000000000        0.0000000000000000     
   1100000.0000000000       -2487.5540104061160       -79.732772013346391       -1.4192041172656144E-002  -1.3911327229058081E-002   7.1337781539168208E-004   5731.5000000000000        0.0000000000000000     
   1105000.0000000000       -2574.0481549003393       -79.732772013346391       -1.4188199185505734E-002  -1.3907687426015418E-002   7.2229895080981642E-004   5733.0000000000000        0.0000000000000000     
   1110000.0000000000       -2661.5861588348621       -79.732772013346391       -1.4184359297410831E-002  -1.3904049527133384E-002   7.3121395168946669E-004   5734.5000000000000        0.0000000000000000     
   1115000.0000000000       -2750.1667239325907       -79.732772013346391       -1.4180521506641909E-002  -1.3900413530918129E-002   7.4012282364216777E-004   5736.0000000000000        0.0000000000000000     
   1120000.0000000000       -2839.7885536448343       -79.732772013346391       -1.4176685811471348E-002  -1.3896779435877367E-002   7.4902557227304314E-004   5737.5000000000000        0.0000000000000000     
   1125000.0000000000       -2930.4503531486539       -79.732772013346391       -1.4172852210173427E-002  -1.3893147240520367E-002   7.5792220318079517E-004   5739.0000000000000        0.0000000000000000     
   1130000.0000000000       -3022.1508293442184       -79.732772013346391       -1.4169020701024344E-002  -1.3889516943357964E-002   7.6681272195773856E-004   5740.5000000000000        0.0000000000000000     
   1135000.0000000000       -3114.8886908521645       -79.732772013346391       -1.4165191282302168E-002  -1.3885888542902541E-002   7.7569713418979111E-004   5742.0000000000000        0.0000000000000000     
   1140000.0000000000       -3208.6626480109608       -79.732772013346391       -1.4161363952286879E-002  -1.3882262037668040E-002   7.8457544545649420E-004   5743.5000000000000        0.0000000000000000     
   1145000.0000000000       -3303.4714128742767       -79.732772013346391       -1.4157538709260344E-002  -1.3878637426169954E-002   7.9344766133100859E-004   5745.0000000000000        0.0000000000000000     
   1150000.0000000000       -3399.3136992083550       -79.732772013346391       -1.4153715551506329E-002  -1.3875014706925327E-002   8.0231378738013378E-004   5746.5000000000000        0.0000000000000000     
   1155000.0000000000       -3496.1882224893925       -79.732772013346391       -1.4149894477310469E-002  -1.3871393878452747E-002   8.1117382916431706E-004   5748.0000000000000        0.0000000000000000     
   1160000.0000000000       -3594.0936999009205       -79.732772013346391       -1.4146075484960299E-002  -1.3867774939272352E-002   8.2002779223765642E-004   5749.5000000000000        0.0000000000000000     
   1165000.0000000000       -3693.0288503311945       -79.732772013346391       -1.4142258572745229E-002  -1.3864157887905824E-002   8.2887568214791972E-004   5751.0000000000000        0.0000000000000000     
   1170000.0000000000       -3792.9923943705844       -79.732772013346391       -1.4138443738956551E-002  -1.3860542722876382E-002   8.3771750443652670E-004   5752.5000000000000        0.0000000000000000     
   1175000.0000000000       -3893.9830543089720       -79.732772013346391       -1.4134630981887435E-002  -1.3856929442708792E-002   8.4655326463859337E-004   5754.0000000000000        0.0000000000000000     
   1180000.0000000000       -3995.9995541331523       -79.732772013346391       -1.4130820299832914E-002  -1.3853318045929352E-002   8.5538296828292196E-004   5755.5000000000000        0.0000000000000000     
   1185000.0000000000       -4099.0406195242394       -79.732772013346391       -1.4127011691089913E-002  -1.3849708531065900E-002   8.6420662089200324E-004   5757.0000000000000        0.0000000000000000     
   1190000.0000000000       -4203.1049778550750       -79.732772013346391       -1.4123205153957206E-002  -1.3846100896647806E-002   8.7302422798203258E-004   5758.5000000000000        0.0000000000000000     
   1195000.0000000000       -4308.1913581876461       -79.732772013346391       -1.4119400686735444E-002  -1.3842495141205970E-002   8.8183579506292888E-004   5760.0000000000000        0.0000000000000000     
   1200000.0000000000       -4414.2984912705033       -79.732772013346391       -1.4115598287727139E-002  -1.3838891263272826E-002   8.9064132763833201E-004   5761.5000000000000        0.0000000000000000     
   1205000.0000000000       -4521.4251095361842       -79.732772013346391       -1.4111797955236663E-002  -1.3835289261382335E-002   8.9944083120560624E-004   5763.0000000000000        0.0000000000000000     
   1210000.0000000000       -4629.5699470986428       -79.732772013346391       -1.4107999687570254E-002  -1.3831689134069979E-002   9.0823431125585882E-004   5764.5000000000000        0.0000000000000000     
   1215000.0000000000       -4738.7317397506813       -79.732772013346391       -1.4104203483035992E-002  -1.3828090879872770E-002   9.1702177327394278E-004   5766.0000000000000        0.0000000000000000     
   1220000.0000000000       -4848.9092249613896       -79.732772013346391       -1.4100409339943828E-002  -1.3824494497329240E-002   9.2580322273847382E-004   5767.5000000000000        0.0000000000000000     
   1225000.0000000000       -4960.1011418735852       -79.732772013346391       -1.4096617256605550E-002  -1.3820899984979441E-002   9.3457866512183221E-004   5769.0000000000000        0.0000000000000000     
   1230000.0000000000       -5072.3062313012615       -79.732772013346391       -1.4092827231334796E-002  -1.3817307341364941E-002   9.4334810589016729E-004   5770.5000000000000        0.0000000000000000     
   1235000.0000000000       -5185.5232357270361       -79.732772013346391       -1.4089039262447065E-002  -1.3813716565028828E-002   9.5211155050340659E-004   5772.0000000000000        0.0000000000000000     
   1240000.0000000000       -5299.7508992996090       -79.732772013346391       -1.4085253348259679E-002  -1.3810127654515699E-002   9.6086900441527852E-004   5773.5000000000000        0.0000000000000000     
   1245000.0000000000       -5414.9879678312218       -79.732772013346391       -1.4081469487091814E-002  -1.3806540608371670E-002   9.6962047307330745E-004   5775.0000000000000        0.0000000000000000     
   1250000.0000000000       -5531.2331887951214       -79.732772013346391       -1.4077687677264479E-002  -1.3802955425144359E-002   9.7836596191882446E-004   5776.5000000000000        0.0000000000000000     
   1255000.0000000000       -5648.4853113230283       -79.732772013346391       -1.4073907917100519E-002  -1.3799372103382898E-002   9.8710547638697441E-004   5778.0000000000000        0.0000000000000000     
   1260000.0000000000       -5766.7430862026122       -79.732772013346391       -1.4070130204924619E-002  -1.3795790641637926E-002   9.9583902190673542E-004   5779.5000000000000        0.0000000000000000     
   1265000.0000000000       -5886.0052658749673       -79.732772013346391       -1.4066354539063287E-002  -1.3792211038461580E-002   1.0045666039009064E-003   5781.0000000000000        0.0000000000000000     
   1270000.0000000000       -6006.2706044320958       -79.732772013346391       -1.4062580917844864E-002  -1.3788633292407504E-002   1.0132882277861422E-003   5782.5000000000000        0.0000000000000000     
   1275000.0000000000       -6127.5378576143930       -79.732772013346391       -1.4058809339599512E-002  -1.3785057402030843E-002   1.0220038989729335E-003   5784.0000000000000        0.0000000000000000     
   1280000.0000000000       -6249.8057828081382       -79.732772013346391       -1.4055039802659222E-002  -1.3781483365888237E-002   1.0307136228656375E-003   5785.5000000000000        0.0000000000000000     
   1285000.0000000000       -6373.0731390429919       -79.732772013346391       -1.4051272305357802E-002  -1.3777911182537825E-002   1.0394174048624714E-003   5787.0000000000000        0.0000000000000000     
   1290000.0000000000       -6497.3386869894939       -79.732772013346391       -1.4047506846030882E-002  -1.3774340850539239E-002   1.0481152503555363E-003   5788.5000000000000        0.0000000000000000     
   1295000.0000000000       -6622.6011889565671       -79.732772013346391       -1.4043743423015904E-002  -1.3770772368453608E-002   1.0568071647308144E-003   5790.0000000000000        0.0000000000000000     
   1300000.0000000000       -6748.8594088890259       -79.732772013346391       -1.4039982034652126E-002  -1.3767205734843545E-002   1.0654931533681711E-003   5791.5000000000000        0.0000000000000000     
   1305000.0000000000       -6876.1121123650901       -79.732772013346391       -1.4036222679280615E-002  -1.3763640948273155E-002   1.0741732216413813E-003   5793.0000000000000        0.0000000000000000     
   1310000.0000000000       -7004.3580665939016       -79.732772013346391       -1.4032465355244255E-002  -1.3760078007308031E-002   1.0828473749181287E-003   5794.5000000000000        0.0000000000000000     
   1315000.0000000000       -7133.5960404130446       -79.732772013346391       -1.4028710060887718E-002  -1.3756516910515250E-002   1.0915156185600074E-003   5796.0000000000000        0.0000000000000000     
   1320000.0000000000       -7263.8248042860723       -79.732772013346391       -1.4024956794557500E-002  -1.3752957656463371E-002   1.1001779579225424E-003   5797.5000000000000        0.0000000000000000     
   1325000.0000000000       -7395.0431303000378       -79.732772013346391       -1.4021205554601884E-002  -1.3749400243722433E-002   1.1088343983551810E-003   5799.0000000000000        0.0000000000000000     
   1330000.0000000000       -7527.2497921630247       -79.732772013346391       -1.4017456339370954E-002  -1.3745844670863958E-002   1.1174849452013228E-003   5800.5000000000000        0.0000000000000000     
   1335000.0000000000       -7660.4435652016909       -79.732772013346391       -1.4013709147216599E-002  -1.3742290936460943E-002   1.1261296037983093E-003   5802.0000000000000        0.0000000000000000     
   1340000.0000000000       -7794.6232263588090       -79.732772013346391       -1.4009963976492491E-002  -1.3738739039087859E-002   1.1347683794774551E-003   5803.5000000000000        0.0000000000000000     
   1345000.0000000000       -7929.7875541908124       -79.732772013346391       -1.4006220825554099E-002  -1.3735188977320654E-002   1.1434012775640222E-003   5805.0000000000000        0.0000000000000000     
   1350000.0000000000       -8065.9353288653492       -79.732772013346391       -1.4002479692758675E-002  -1.3731640749736741E-002   1.1520283033772572E-003   5806.5000000000000        0.0000000000000000     
   1355000.0000000000       -8203.0653321588361       -79.732772013346391       -1.3998740576465272E-002  -1.3728094354915012E-002   1.1606494622303897E-003   5808.0000000000000        0.0000000000000000     
   1360000.0000000000       -8341.1763474540203       -79.732772013346391       -1.3995003475034705E-002  -1.3724549791435819E-002   1.1692647594306316E-003   5809.5000000000000        0.0000000000000000     
   1365000.0000000000       -8480.2671597375429       -79.732772013346391       -1.3991268386829596E-002  -1.3721007057880983E-002   1.1778742002792075E-003   5811.0000000000000        0.0000000000000000     
   1370000.0000000000       -8620.3365555975051       -79.732772013346391       -1.3987535310214324E-002  -1.3717466152833788E-002   1.1864777900713313E-003   5812.5000000000000        0.0000000000000000     
   1375000.0000000000       -8761.3833232210436       -79.732772013346391       -1.3983804243555052E-002  -1.3713927074878981E-002   1.1950755340962411E-003   5814.0000000000000        0.0000000000000000     
   1380000.0000000000       -8903.4062523919092       -79.732772013346391       -1.3980075185219725E-002  -1.3710389822602767E-002   1.2036674376372091E-003   5815.5000000000000        0.0000000000000000     
   1385000.0000000000       -9046.4041344880443       -79.732772013346391       -1.3976348133578049E-002  -1.3706854394592813E-002   1.2122535059715198E-003   5817.0000000000000        0.0000000000000000     
   1390000.0000000000       -9190.3757624791706       -79.732772013346391       -1.3972623087001510E-002  -1.3703320789438238E-002   1.2208337443705092E-003   5818.5000000000000        0.0000000000000000     
   1395000.0000000000       -9335.3199309243792       -79.732772013346391       -1.3968900043863350E-002  -1.3699789005729620E-002   1.2294081580995532E-003   5820.0000000000000        0.0000000000000000     
   1400000.0000000000       -9481.2354359697201       -79.732772013346391       -1.3965179002538583E-002  -1.3696259042058987E-002   1.2379767524180931E-003   5821.5000000000000        0.0000000000000000     
   1405000.0000000000       -9628.1210753458054       -79.732772013346391       -1.3961459961403987E-002  -1.3692730897019816E-002   1.2465395325796252E-003   5823.0000000000000        0.0000000000000000     
   1410000.0000000000       -9775.9756483654110       -79.732772013346391       -1.3957742918838089E-002  -1.3689204569207037E-002   1.2550965038317266E-003   5824.5000000000000        0.0000000000000000     
   1415000.0000000000       -9924.7979559210780       -79.732772013346391       -1.3954027873221187E-002  -1.3685680057217025E-002   1.2636476714160379E-003   5826.0000000000000        0.0000000000000000     
   1420000.0000000000       -10074.586800482728       -79.732772013346391       -1.3950314822935329E-002  -1.3682157359647600E-002   1.2721930405683044E-003   5827.5000000000000        0.0000000000000000     
   1425000.0000000000       -10225.340986095278       -79.732772013346391       -1.3946603766364316E-002  -1.3678636475098026E-002   1.2807326165183617E-003   5829.0000000000000        0.0000000000000000     
   1430000.0000000000       -10377.059318376258       -79.732772013346391       -1.3942894701893692E-002  -1.3675117402169007E-002   1.2892664044901448E-003   5830.5000000000000        0.0000000000000000     
   1435000.0000000000       -10529.740604513428       -79.732772013346391       -1.3939187627910755E-002  -1.3671600139462687E-002   1.2977944097017011E-003   5832.0000000000000        0.0000000000000000     
   1440000.0000000000       -10683.383653262419       -79.732772013346391       -1.3935482542804561E-002  -1.3668084685582650E-002   1.3063166373652112E-003   5833.5000000000000        0.0000000000000000     
   1445000.0000000000       -10837.987274944349       -79.732772013346391       -1.3931779444965885E-002  -1.3664571039133915E-002   1.3148330926869606E-003   5835.0000000000000        0.0000000000000000     
   1450000.0000000000       -10993.550281443469       -79.732772013346391       -1.3928078332787260E-002  -1.3661059198722932E-002   1.3233437808673927E-003   5836.5000000000000        0.0000000000000000     
   1455000.0000000000       -11150.071486204797       -79.732772013346391       -1.3924379204662954E-002  -1.3657549162957586E-002   1.3318487071010804E-003   5838.0000000000000        0.0000000000000000     
   1460000.0000000000       -11307.549704231762       -79.732772013346391       -1.3920682058988965E-002  -1.3654040930447194E-002   1.3403478765767534E-003   5839.5000000000000        0.0000000000000000     
   1465000.0000000000       -11465.983752083854       -79.732772013346391       -1.3916986894163040E-002  -1.3650534499802499E-002   1.3488412944772971E-003   5841.0000000000000        0.0000000000000000     
   1470000.0000000000       -11625.372447874273       -79.732772013346391       -1.3913293708584641E-002  -1.3647029869635669E-002   1.3573289659797622E-003   5842.5000000000000        0.0000000000000000     
   1475000.0000000000       -11785.714611267589       -79.732772013346391       -1.3909602500654965E-002  -1.3643527038560300E-002   1.3658108962553901E-003   5844.0000000000000        0.0000000000000000     
   1480000.0000000000       -11947.009063477395       -79.732772013346391       -1.3905913268776939E-002  -1.3640026005191411E-002   1.3742870904695894E-003   5845.5000000000000        0.0000000000000000     
   1485000.0000000000       -12109.254627263976       -79.732772013346391       -1.3902226011355214E-002  -1.3636526768145441E-002   1.3827575537819598E-003   5847.0000000000000        0.0000000000000000     
   1490000.0000000000       -12272.450126931975       -79.732772013346391       -1.3898540726796159E-002  -1.3633029326040248E-002   1.3912222913463116E-003   5848.5000000000000        0.0000000000000000     
   1495000.0000000000       -12436.594388328069       -79.732772013346391       -1.3894857413507865E-002  -1.3629533677495110E-002   1.3996813083106538E-003   5850.0000000000000        0.0000000000000000     
   1500000.0000000000       -12601.686238838638       -79.732772013346391       -1.3891176069900139E-002  -1.3626039821130717E-002   1.4081346098172142E-003   5851.5000000000000        0.0000000000000000     
   1505000.0000000000       -12767.724507387447       -79.732772013346391       -1.3887496694384511E-002  -1.3622547755569177E-002   1.4165822010024278E-003   5853.0000000000000        0.0000000000000000     
   1510000.0000000000       -12934.708024433334       -79.732772013346391       -1.3883819285374212E-002  -1.3619057479434007E-002   1.4250240869969765E-003   5854.5000000000000        0.0000000000000000     
   1515000.0000000000       -13102.635621967895       -79.732772013346391       -1.3880143841284194E-002  -1.3615568991350135E-002   1.4334602729257787E-003   5856.0000000000000        0.0000000000000000     
   1520000.0000000000       -13271.506133513174       -79.732772013346391       -1.3876470360531112E-002  -1.3612082289943900E-002   1.4418907639079904E-003   5857.5000000000000        0.0000000000000000     
   1525000.0000000000       -13441.318394119366       -79.732772013346391       -1.3872798841533323E-002  -1.3608597373843043E-002   1.4503155650570296E-003   5859.0000000000000        0.0000000000000000     
   1530000.0000000000       -13612.071240362508       -79.732772013346391       -1.3869129282710899E-002  -1.3605114241676715E-002   1.4587346814805701E-003   5860.5000000000000        0.0000000000000000     
   1535000.0000000000       -13783.763510342187       -79.732772013346391       -1.3865461682485607E-002  -1.3601632892075468E-002   1.4671481182805491E-003   5862.0000000000000        0.0000000000000000     
   1540000.0000000000       -13956.394043679255       -79.732772013346391       -1.3861796039280909E-002  -1.3598153323671253E-002   1.4755558805531915E-003   5863.5000000000000        0.0000000000000000     
   1545000.0000000000       -14129.961681513525       -79.732772013346391       -1.3858132351521968E-002  -1.3594675535097423E-002   1.4839579733890078E-003   5865.0000000000000        0.0000000000000000     
   1550000.0000000000       -14304.465266501502       -79.732772013346391       -1.3854470617635648E-002  -1.3591199524988731E-002   1.4923544018727801E-003   5866.5000000000000        0.0000000000000000     
   1555000.0000000000       -14479.903642814095       -79.732772013346391       -1.3850810836050491E-002  -1.3587725291981321E-002   1.5007451710836149E-003   5868.0000000000000        0.0000000000000000     
   1560000.0000000000       -14656.275656134343       -79.732772013346391       -1.3847153005196738E-002  -1.3584252834712734E-002   1.5091302860949125E-003   5869.5000000000000        0.0000000000000000     
   1565000.0000000000       -14833.580153655139       -79.732772013346391       -1.3843497123506320E-002  -1.3580782151821904E-002   1.5175097519743888E-003   5871.0000000000000        0.0000000000000000     
   1570000.0000000000       -15011.815984076968       -79.732772013346391       -1.3839843189412846E-002  -1.3577313241949151E-002   1.5258835737840917E-003   5872.5000000000000        0.0000000000000000     
   1575000.0000000000       -15190.981997605639       -79.732772013346391       -1.3836191201351614E-002  -1.3573846103736192E-002   1.5342517565803864E-003   5874.0000000000000        0.0000000000000000     
   1580000.0000000000       -15371.077045950024       -79.732772013346391       -1.3832541157759599E-002  -1.3570380735826124E-002   1.5426143054139856E-003   5875.5000000000000        0.0000000000000000     
   1585000.0000000000       -15552.099982319800       -79.732772013346391       -1.3828893057075461E-002  -1.3566917136863432E-002   1.5509712253299400E-003   5877.0000000000000        0.0000000000000000     
   1590000.0000000000       -15734.049661423200       -79.732772013346391       -1.3825246897739528E-002  -1.3563455305493985E-002   1.5593225213676705E-003   5878.5000000000000        0.0000000000000000     
   1595000.0000000000       -15916.924939464761       -79.732772013346391       -1.3821602678193805E-002  -1.3559995240365032E-002   1.5676681985609296E-003   5880.0000000000000        0.0000000000000000     
   1600000.0000000000       -16100.724674143081       -79.732772013346391       -1.3817960396881972E-002  -1.3556536940125204E-002   1.5760082619378588E-003   5881.5000000000000        0.0000000000000000     
   1605000.0000000000       -16285.447724648575       -79.732772013346391       -1.3814320052249375E-002  -1.3553080403424509E-002   1.5843427165209744E-003   5883.0000000000000        0.0000000000000000     
   1610000.0000000000       -16471.092951661241       -79.732772013346391       -1.3810681642743032E-002  -1.3549625628914333E-002   1.5926715673271715E-003   5884.5000000000000        0.0000000000000000     
   1615000.0000000000       -16657.659217348428       -79.732772013346391       -1.3807045166811621E-002  -1.3546172615247433E-002   1.6009948193677387E-003   5886.0000000000000        0.0000000000000000     
   1620000.0000000000       -16845.145385362594       -79.732772013346391       -1.3803410622905481E-002  -1.3542721361077942E-002   1.6093124776483624E-003   5887.5000000000000        0.0000000000000000     
   1625000.0000000000       -17033.550320839098       -79.732772013346391       -1.3799778009476621E-002  -1.3539271865061367E-002   1.6176245471691332E-003   5889.0000000000000        0.0000000000000000     
   1630000.0000000000       -17222.872890393966       -79.732772013346391       -1.3796147324978704E-002  -1.3535824125854579E-002   1.6259310329245539E-003   5890.5000000000000        0.0000000000000000     
   1635000.0000000000       -17413.111962121679       -79.732772013346391       -1.3792518567867043E-002  -1.3532378142115817E-002   1.6342319399035585E-003   5892.0000000000000        0.0000000000000000     
   1640000.0000000000       -17604.266405592949       -79.732772013346391       -1.3788891736598615E-002  -1.3528933912504690E-002   1.6425272730894972E-003   5893.5000000000000        0.0000000000000000     
   1645000.0000000000       -17796.335091852525       -79.732772013346391       -1.3785266829632041E-002  -1.3525491435682170E-002   1.6508170374601580E-003   5895.0000000000000        0.0000000000000000     
   1650000.0000000000       -17989.316893416970       -79.732772013346391       -1.3781643845427597E-002  -1.3522050710310589E-002   1.6591012379877828E-003   5896.5000000000000        0.0000000000000000     
   1655000.0000000000       -18183.210684272468       -79.732772013346391       -1.3778022782447203E-002  -1.3518611735053645E-002   1.6673798796390514E-003   5898.0000000000000        0.0000000000000000     
   1660000.0000000000       -18378.015339872622       -79.732772013346391       -1.3774403639154425E-002  -1.3515174508576387E-002   1.6756529673751081E-003   5899.5000000000000        0.0000000000000000     
   1665000.0000000000       -18573.729737136255       -79.732772013346391       -1.3770786414014472E-002  -1.3511739029545227E-002   1.6839205061515657E-003   5901.0000000000000        0.0000000000000000     
   1670000.0000000000       -18770.352754445223       -79.732772013346391       -1.3767171105494198E-002  -1.3508305296627936E-002   1.6921825009185061E-003   5902.5000000000000        0.0000000000000000     
   1675000.0000000000       -18967.883271642226       -79.732772013346391       -1.3763557712062086E-002  -1.3504873308493631E-002   1.7004389566204958E-003   5904.0000000000000        0.0000000000000000     
   1680000.0000000000       -19166.320170028626       -79.732772013346391       -1.3759946232188264E-002  -1.3501443063812783E-002   1.7086898781965797E-003   5905.5000000000000        0.0000000000000000     
   1685000.0000000000       -19365.662332362263       -79.732772013346391       -1.3756336664344488E-002  -1.3498014561257219E-002   1.7169352705803098E-003   5907.0000000000000        0.0000000000000000     
   1690000.0000000000       -19565.908642855276       -79.732772013346391       -1.3752729007004158E-002  -1.3494587799500109E-002   1.7251751386997310E-003   5908.5000000000000        0.0000000000000000     
   1695000.0000000000       -19767.057987171942       -79.732772013346391       -1.3749123258642281E-002  -1.3491162777215971E-002   1.7334094874774057E-003   5910.0000000000000        0.0000000000000000     
   1700000.0000000000       -19969.109252426493       -79.732772013346391       -1.3745519417735516E-002  -1.3487739493080672E-002   1.7416383218304124E-003   5911.5000000000000        0.0000000000000000     
   1705000.0000000000       -20172.061327180956       -79.732772013346391       -1.3741917482762139E-002  -1.3484317945771417E-002   1.7498616466703524E-003   5913.0000000000000        0.0000000000000000     
   1710000.0000000000       -20375.913101442995       -79.732772013346391       -1.3738317452202040E-002  -1.3480898133966758E-002   1.7580794669033583E-003   5914.5000000000000        0.0000000000000000     
   1715000.0000000000       -20580.663466663747       -79.732772013346391       -1.3734719324536739E-002  -1.3477480056346584E-002   1.7662917874301061E-003   5916.0000000000000        0.0000000000000000     
   1720000.0000000000       -20786.311315735675       -79.732772013346391       -1.3731123098249377E-002  -1.3474063711592123E-002   1.7744986131458119E-003   5917.5000000000000        0.0000000000000000     
   1725000.0000000000       -20992.855542990405       -79.732772013346391       -1.3727528771824709E-002  -1.3470649098385943E-002   1.7826999489402591E-003   5919.0000000000000        0.0000000000000000     
   1730000.0000000000       -21200.295044196591       -79.732772013346391       -1.3723936343749101E-002  -1.3467236215411941E-002   1.7908957996977681E-003   5920.5000000000000        0.0000000000000000     
   1735000.0000000000       -21408.628716557774       -79.732772013346391       -1.3720345812510536E-002  -1.3463825061355352E-002   1.7990861702972534E-003   5922.0000000000000        0.0000000000000000     
   1740000.0000000000       -21617.855458710223       -79.732772013346391       -1.3716757176598603E-002  -1.3460415634902741E-002   1.8072710656121913E-003   5923.5000000000000        0.0000000000000000     
   1745000.0000000000       -21827.974170720823       -79.732772013346391       -1.3713170434504511E-002  -1.3457007934742008E-002   1.8154504905106461E-003   5925.0000000000000        0.0000000000000000     
   1750000.0000000000       -22038.983754084929       -79.732772013346391       -1.3709585584721054E-002  -1.3453601959562371E-002   1.8236244498552696E-003   5926.5000000000000        0.0000000000000000     
   1755000.0000000000       -22250.883111724237       -79.732772013346391       -1.3706002625742652E-002  -1.3450197708054385E-002   1.8317929485033128E-003   5928.0000000000000        0.0000000000000000     
   1760000.0000000000       -22463.671147984667       -79.732772013346391       -1.3702421556065313E-002  -1.3446795178909924E-002   1.8399559913066326E-003   5929.5000000000000        0.0000000000000000     
   1765000.0000000000       -22677.346768634234       -79.732772013346391       -1.3698842374186646E-002  -1.3443394370822186E-002   1.8481135831116954E-003   5931.0000000000000        0.0000000000000000     
   1770000.0000000000       -22891.908880860930       -79.732772013346391       -1.3695265078605865E-002  -1.3439995282485696E-002   1.8562657287595902E-003   5932.5000000000000        0.0000000000000000     
   1775000.0000000000       -23107.356393270624       -79.732772013346391       -1.3691689667823779E-002  -1.3436597912596292E-002   1.8644124330860204E-003   5934.0000000000000        0.0000000000000000     
   1780000.0000000000       -23323.688215884929       -79.732772013346391       -1.3688116140342772E-002  -1.3433202259851132E-002   1.8725537009213374E-003   5935.5000000000000        0.0000000000000000     
   1785000.0000000000       -23540.903260139115       -79.732772013346391       -1.3684544494666842E-002  -1.3429808322948694E-002   1.8806895370905312E-003   5937.0000000000000        0.0000000000000000     
   1790000.0000000000       -23759.000438879990       -79.732772013346391       -1.3680974729301566E-002  -1.3426416100588767E-002   1.8888199464132283E-003   5938.5000000000000        0.0000000000000000     
   1795000.0000000000       -23977.978666363815       -79.732772013346391       -1.3677406842754111E-002  -1.3423025591472456E-002   1.8969449337037239E-003   5940.0000000000000        0.0000000000000000     
   1800000.0000000000       -24197.836858254199       -79.732772013346391       -1.3673840833533228E-002  -1.3419636794302178E-002   1.9050645037709652E-003   5941.5000000000000        0.0000000000000000     
   1805000.0000000000       -24418.573931620005       -79.732772013346391       -1.3670276700149243E-002  -1.3416249707781658E-002   1.9131786614185746E-003   5943.0000000000000        0.0000000000000000     
   1810000.0000000000       -24640.188804933267       -79.732772013346391       -1.3666714441114071E-002  -1.3412864330615929E-002   1.9212874114448502E-003   5944.5000000000000        0.0000000000000000     
   1815000.0000000000       -24862.680398067103       -79.732772013346391       -1.3663154054941205E-002  -1.3409480661511333E-002   1.9293907586427706E-003   5946.0000000000000        0.0000000000000000     
   1820000.0000000000       -25086.047632293630       -79.732772013346391       -1.3659595540145720E-002  -1.3406098699175518E-002   1.9374887078000024E-003   5947.5000000000000        0.0000000000000000     
   1825000.0000000000       -25310.289430281886       -79.732772013346391       -1.3656038895244247E-002  -1.3402718442317430E-002   1.9455812636989156E-003   5949.0000000000000        0.0000000000000000     
   1830000.0000000000       -25535.404716095760       -79.732772013346391       -1.3652484118755010E-002  -1.3399339889647323E-002   1.9536684311165799E-003   5950.5000000000000        0.0000000000000000     
   1835000.0000000000       -25761.392415191920       -79.732772013346391       -1.3648931209197787E-002  -1.3395963039876746E-002   1.9617502148247764E-003   5952.0000000000000        0.0000000000000000     
   1840000.0000000000       -25988.251454417736       -79.732772013346391       -1.3645380165093935E-002  -1.3392587891718551E-002   1.9698266195900139E-003   5953.5000000000000        0.0000000000000000     
   1845000.0000000000       -26215.980762009229       -79.732772013346391       -1.3641830984966375E-002  -1.3389214443886884E-002   1.9778976501735141E-003   5955.0000000000000        0.0000000000000000     
   1850000.0000000000       -26444.579267589004       -79.732772013346391       -1.3638283667339586E-002  -1.3385842695097187E-002   1.9859633113312350E-003   5956.5000000000000        0.0000000000000000     
   1855000.0000000000       -26674.045902164191       -79.732772013346391       -1.3634738210739610E-002  -1.3382472644066196E-002   1.9940236078138844E-003   5958.0000000000000        0.0000000000000000     
   1860000.0000000000       -26904.379598124397       -79.732772013346391       -1.3631194613694060E-002  -1.3379104289511938E-002   2.0020785443669027E-003   5959.5000000000000        0.0000000000000000     
   1865000.0000000000       -27135.579289239649       -79.732772013346391       -1.3627652874732091E-002  -1.3375737630153732E-002   2.0101281257304880E-003   5961.0000000000000        0.0000000000000000     
   1870000.0000000000       -27367.643910658353       -79.732772013346391       -1.3624112992384425E-002  -1.3372372664712183E-002   2.0181723566396045E-003   5962.5000000000000        0.0000000000000000     
   1875000.0000000000       -27600.572398905246       -79.732772013346391       -1.3620574965183331E-002  -1.3369009391909187E-002   2.0262112418239736E-003   5964.0000000000000        0.0000000000000000     
   1880000.0000000000       -27834.363691879360       -79.732772013346391       -1.3617038791662638E-002  -1.3365647810467923E-002   2.0342447860081008E-003   5965.5000000000000        0.0000000000000000     
   1885000.0000000000       -28069.016728851988       -79.732772013346391       -1.3613504470357710E-002  -1.3362287919112852E-002   2.0422729939112696E-003   5967.0000000000000        0.0000000000000000     
   1890000.0000000000       -28304.530450464645       -79.732772013346391       -1.3609971999805473E-002  -1.3358929716569722E-002   2.0502958702475465E-003   5968.5000000000000        0.0000000000000000     
   1895000.0000000000       -28540.903798727042       -79.732772013346391       -1.3606441378544391E-002  -1.3355573201565560E-002   2.0583134197258070E-003   5970.0000000000000        0.0000000000000000     
   1900000.0000000000       -28778.135717015062       -79.732772013346391       -1.3602912605114476E-002  -1.3352218372828668E-002   2.0663256470497150E-003   5971.5000000000000        0.0000000000000000     
   1905000.0000000000       -29016.225150068738       -79.732772013346391       -1.3599385678057269E-002  -1.3348865229088631E-002   2.0743325569177466E-003   5973.0000000000000        0.0000000000000000     
   1910000.0000000000       -29255.171043990224       -79.732772013346391       -1.3595860595915865E-002  -1.3345513769076306E-002   2.0823341540231952E-003   5974.5000000000000        0.0000000000000000     
   1915000.0000000000       -29494.972346241790       -79.732772013346391       -1.3592337357234896E-002  -1.3342163991523827E-002   2.0903304430541767E-003   5976.0000000000000        0.0000000000000000     
   1920000.0000000000       -29735.628005643808       -79.732772013346391       -1.3588815960560515E-002  -1.3338815895164599E-002   2.0983214286936394E-003   5977.5000000000000        0.0000000000000000     
   1925000.0000000000       -29977.136972372744       -79.732772013346391       -1.3585296404440422E-002  -1.3335469478733299E-002   2.1063071156193595E-003   5979.0000000000000        0.0000000000000000     
   1930000.0000000000       -30219.498197959147       -79.732772013346391       -1.3581778687423839E-002  -1.3332124740965871E-002   2.1142875085039688E-003   5980.5000000000000        0.0000000000000000     
   1935000.0000000000       -30462.710635285654       -79.732772013346391       -1.3578262808061525E-002  -1.3328781680599531E-002   2.1222626120149368E-003   5982.0000000000000        0.0000000000000000     
   1940000.0000000000       -30706.773238584989       -79.732772013346391       -1.3574748764905761E-002  -1.3325440296372757E-002   2.1302324308146037E-003   5983.5000000000000        0.0000000000000000     
   1945000.0000000000       -30951.684963437961       -79.732772013346391       -1.3571236556510357E-002  -1.3322100587025295E-002   2.1381969695601554E-003   5985.0000000000000        0.0000000000000000     
   1950000.0000000000       -31197.444766771489       -79.732772013346391       -1.3567726181430642E-002  -1.3318762551298153E-002   2.1461562329036640E-003   5986.5000000000000        0.0000000000000000     
   1955000.0000000000       -31444.051606856596       -79.732772013346391       -1.3564217638223471E-002  -1.3315426187933599E-002   2.1541102254920784E-003   5988.0000000000000        0.0000000000000000     
   1960000.0000000000       -31691.504443306436       -79.732772013346391       -1.3560710925447207E-002  -1.3312091495675164E-002   2.1620589519672135E-003   5989.5000000000000        0.0000000000000000     
   1965000.0000000000       -31939.802237074302       -79.732772013346391       -1.3557206041661742E-002  -1.3308758473267634E-002   2.1700024169657986E-003   5991.0000000000000        0.0000000000000000     
   1970000.0000000000       -32188.943950451659       -79.732772013346391       -1.3553702985428481E-002  -1.3305427119457054E-002   2.1779406251194386E-003   5992.5000000000000        0.0000000000000000     
   1975000.0000000000       -32438.928547066160       -79.732772013346391       -1.3550201755310336E-002  -1.3302097432990722E-002   2.1858735810546641E-003   5994.0000000000000        0.0000000000000000     
   1980000.0000000000       -32689.754991879679       -79.732772013346391       -1.3546702349871740E-002  -1.3298769412617194E-002   2.1938012893929050E-003   5995.5000000000000        0.0000000000000000     
   1985000.0000000000       -32941.422251186341       -79.732772013346391       -1.3543204767678627E-002  -1.3295443057086275E-002   2.2017237547505052E-003   5997.0000000000000        0.0000000000000000     
   1990000.0000000000       -33193.929292610563       -79.732772013346391       -1.3539709007298437E-002  -1.3292118365149019E-002   2.2096409817387442E-003   5998.5000000000000        0.0000000000000000     
   1995000.0000000000       -33447.275085105081       -79.732772013346391       -1.3536215067300123E-002  -1.3288795335557732E-002   2.2175529749638200E-003   6000.0000000000000        0.0000000000000000     
