   23400.000000000000       -52.810386145807570       -3.5633503902190147       -6.8693820701313569E-004  -6.7144091980414749E-004  -2.6231840575583628E-003   5307.0200000000114        0.0000000000000000        6.6578038379531037        7.0866198691007671        1.9912313669919971E-002  -6.8721681833267212E-002  -2.6476299331177379E-003  -3.5585462629796158E-002   1.0000000000000000      -0.60883885234858914        1.4175916309011696     
   23400.000000000000        217.87112463610043       -5.5244710252431624       -1.0650005767586911E-003  -1.0409742238098123E-003  -2.5891489713620272E-003   5307.0200000000114        5.0000000000000001E-003   6.6578038379531037        7.0866198691007671        1.9912313669919971E-002  -6.8721681833267212E-002  -2.6476299331177379E-003  -3.5585462629796158E-002   1.0000000000000000        2.5117863201587345       -13.330195877500756     
   23400.000000000000       -141.65402245774860       -1.0262443430608825       -1.9783809386656655E-004  -1.9337487762640434E-004  -2.6405895248623945E-003   5307.0200000000114        0.0000000000000000        6.6578038379531037        7.0866198691007671        1.9912313669919971E-002  -6.8721681833267212E-002  -2.6476299331177379E-003  -3.5585462629796158E-002   1.0000000000000000       -1.6330967970129786      -0.64370755373442734     
   10800.000000000000        281.43361689288645       -14.301429830662705       -2.7590539373955449E-003  -2.6967344171982960E-003  -2.5690267703862126E-003   5303.2400000000052        0.0000000000000000        6.6537739872068284        7.0866198691007671        1.9912313669919971E-002  -6.8721681833267212E-002  -2.6749650173811743E-003  -3.5545621359735838E-002   0.0000000000000000        3.2445837424534751       -12.879433373387922     
   23400.000000000000        167.32274902763541       -8.3610775612550920       -1.6118380174994012E-003  -1.5754750427273826E-003  -2.5902699097628177E-003   5307.0200000000114        0.0000000000000000        6.6578038379531037        7.0866198691007671        1.9912313669919971E-002  -6.8721681833267212E-002  -2.6476299331177379E-003  -3.5585462629796158E-002   1.0000000000000000        1.9290256694683128       -8.9020055099700510     
   23400.000000000000        16.519694420478505        18.857043180922648        3.6352370700979846E-003   3.5532263268129023E-003  -2.7769960859058357E-003   5307.0200000000114        0.0000000000000000        6.6578038379531037        7.0866198691007671        1.9912313669919971E-002  -6.8721681833267212E-002  -2.6476299331177379E-003  -3.5585462629796158E-002   1.0000000000000000       0.19045177523118678        1.0470407718874286     
   23400.000000000000        79.469691828367971       -6.0014013116158358       -1.1569425975856043E-003  -1.1308420378321211E-003  -2.6064581443292051E-003   5307.0200000000114        0.0000000000000000        6.6578038379531037        7.0866198691007671        1.9912313669919971E-002  -6.8721681833267212E-002  -2.6476299331177379E-003  -3.5585462629796158E-002   1.0000000000000000       0.91618788462732448       -1.0008936146262710     
   23400.000000000000        87.511718903850081       -8.7154107664614209       -1.6801459271952232E-003  -1.6422419298328255E-003  -2.5878390555126138E-003   5307.0200000000114        0.0000000000000000        6.6578038379531037        7.0866198691007671        1.9912313669919971E-002  -6.8721681833267212E-002  -2.6476299331177379E-003  -3.5585462629796158E-002   1.0000000000000000        1.0089025737734010       -1.3895822357554166     
   23400.000000000000        66.093146957961707       -8.1067617362951818       -1.5628113325872027E-003  -1.5275543970618471E-003  -2.5920146085235160E-003   5307.0200000000114        0.0000000000000000        6.6578038379531037        7.0866198691007671        1.9912313669919971E-002  -6.8721681833267212E-002  -2.6476299331177379E-003  -3.5585462629796158E-002   1.0000000000000000       0.76197276101883926        6.9670333141230766E-003
   23400.000000000000        206.99302571279600        1.7075118102102649        3.2917197943239582E-004   3.2174587814070069E-004  -2.6387629955478909E-003   5307.0200000000114        5.0000000000000001E-003   6.6578038379531037        7.0866198691007671        1.9912313669919971E-002  -6.8721681833267212E-002  -2.6476299331177379E-003  -3.5585462629796158E-002   1.0000000000000000        2.3863752079219633       -13.106452438216838     
   23400.000000000000        63.575271192478901       -5.2317931567781715       -1.0085785053430842E-003  -9.8582503114330827E-004  -2.6117379352906230E-003   5307.0200000000114        0.0000000000000000        6.6578038379531037        7.0866198691007671        1.9912313669919971E-002  -6.8721681833267212E-002  -2.6476299331177379E-003  -3.5585462629796158E-002   1.0000000000000000       0.73294474771894824       -1.5010420401664195E-002
   3000.0000000000000       -283.93123532731715        13.688015853115619        2.6419246733442639E-003   2.5822060127743619E-003  -2.7906943725531305E-003   5300.9000000000015        0.0000000000000000        6.6512793176972300        7.0866198691007671        1.9912313669919971E-002  -6.8721681833267212E-002  -2.6919116406782899E-003  -3.5520921792966141E-002   0.0000000000000000       -3.2733782136210410        23.431386056173803     
   23400.000000000000        85.622565958068833       -9.3180125787158445       -1.7963147467390903E-003  -1.7557899873593514E-003  -2.5837049886089885E-003   5307.0200000000114        0.0000000000000000        6.6578038379531037        7.0866198691007671        1.9912313669919971E-002  -6.8721681833267212E-002  -2.6476299331177379E-003  -3.5585462629796158E-002   1.0000000000000000       0.98712296193256377       -1.2054177101659809     
   23400.000000000000        205.04462011750337        2.7300748220491995        5.2630039089557941E-004   5.1442708375871841E-004  -2.6457781485363955E-003   5307.0200000000114        5.0000000000000001E-003   6.6578038379531037        7.0866198691007671        1.9912313669919971E-002  -6.8721681833267212E-002  -2.6476299331177379E-003  -3.5585462629796158E-002   1.0000000000000000        2.3639124858492200       -13.047706500065543     
   23400.000000000000        189.07348977995719       -13.874782523402150       -2.6747631261536567E-003  -2.6144206208761453E-003  -2.5524438947445546E-003   5307.0200000000114        0.0000000000000000        6.6578038379531037        7.0866198691007671        1.9912313669919971E-002  -6.8721681833267212E-002  -2.6476299331177379E-003  -3.5585462629796158E-002   1.0000000000000000        2.1797849803510747       -10.489451437781341     
   23400.000000000000        139.91706803449594       -11.855386385954798       -2.2854664783373089E-003  -2.2339064834793862E-003  -2.5662976843737265E-003   5307.0200000000114        0.0000000000000000        6.6578038379531037        7.0866198691007671        1.9912313669919971E-002  -6.8721681833267212E-002  -2.6476299331177379E-003  -3.5585462629796158E-002   1.0000000000000000        1.6130718470965897       -5.7890276797019666     
   23400.000000000000        47.785412950705052       -8.5131915187430778       -1.6411623549278198E-003  -1.6041378247572196E-003  -2.5892263528659704E-003   5307.0200000000114        0.0000000000000000        6.6578038379531037        7.0866198691007671        1.9912313669919971E-002  -6.8721681833267212E-002  -2.6476299331177379E-003  -3.5585462629796158E-002   1.0000000000000000       0.55090708671556099       0.96247863509969322     
   23400.000000000000       -33.057142025352597       -6.0146856565091369       -1.1595035368879522E-003  -1.1333452024882371E-003  -2.6063670089070362E-003   5307.0200000000114        0.0000000000000000        6.6578038379531037        7.0866198691007671        1.9912313669919971E-002  -6.8721681833267212E-002  -2.6476299331177379E-003  -3.5585462629796158E-002   1.0000000000000000      -0.38110822286115320        1.7966342830833972     
   3000.0000000000000       -278.92193339242215        16.508187149253015        3.1862460863434144E-003   3.1142234619126962E-003  -2.8184522559871117E-003   5300.9000000000015        0.0000000000000000        6.6512793176972300        7.0866198691007671        1.9912313669919971E-002  -6.8721681833267212E-002  -2.6919116406782899E-003  -3.5520921792966141E-002   0.0000000000000000       -3.2156271183594294        21.249942313235078     
   23400.000000000000       -157.63447922697139       -2.7068570817024931       -5.2182450410980549E-004  -5.1005217272640522E-004  -2.6290599121739804E-003   5307.0200000000114        0.0000000000000000        6.6578038379531037        7.0866198691007671        1.9912313669919971E-002  -6.8721681833267212E-002  -2.6476299331177379E-003  -3.5585462629796158E-002   1.0000000000000000       -1.8173318248068862      -0.45928127422092896     
   23400.000000000000       -155.12060307485930       -2.8750411203674164       -5.5424681157803339E-004  -5.4174303476666949E-004  -2.6279061086940977E-003   5307.0200000000114        0.0000000000000000        6.6578038379531037        7.0866198691007671        1.9912313669919971E-002  -6.8721681833267212E-002  -2.6476299331177379E-003  -3.5585462629796158E-002   1.0000000000000000       -1.7883499221339418      -0.50847819802257899     
   5400.0000000000000       -276.72121210639028        4.3169944747218851        8.3310573059754709E-004   8.1427836674863210E-004  -2.7180686564477088E-003   5301.6200000000026        0.0000000000000000        6.6520469083155680        7.0866198691007671        1.9912313669919971E-002  -6.8721681833267212E-002  -2.6866952642894300E-003  -3.5528524588884655E-002   0.0000000000000000       -3.1902555064490867        20.330779210659625     
   23400.000000000000        126.69924715027190       -12.398544980235474       -2.3901759090750509E-003  -2.3362536753649783E-003  -2.5625714194963691E-003   5307.0200000000114        0.0000000000000000        6.6578038379531037        7.0866198691007671        1.9912313669919971E-002  -6.8721681833267212E-002  -2.6476299331177379E-003  -3.5585462629796158E-002   1.0000000000000000        1.4606866159891849       -4.4477586868039012     
   4800.0000000000000       -282.04044122060469        9.1275769186903855        1.7615276122942205E-003   1.7217165371465832E-003  -2.7513032347951626E-003   5301.4400000000023        0.0000000000000000        6.6518550106609835        7.0866198691007671        1.9912313669919971E-002  -6.8721681833267212E-002  -2.6879991890916312E-003  -3.5526624134099384E-002   0.0000000000000000       -3.2515796812115276        22.587546479032863     
   23400.000000000000        42.937333797993254       -9.4050706473896497       -1.8130976917351714E-003  -1.7721943100628280E-003  -2.5831077386952329E-003   5307.0200000000114        0.0000000000000000        6.6578038379531037        7.0866198691007671        1.9912313669919971E-002  -6.8721681833267212E-002  -2.6476299331177379E-003  -3.5585462629796158E-002   1.0000000000000000       0.49501469200209236        1.1952437010381542     
   23400.000000000000        178.37592113104967        8.4033373974312902        1.6199848155721446E-003   1.5834380494950597E-003  -2.7052798742700094E-003   5307.0200000000114        0.0000000000000000        6.6578038379531037        7.0866198691007671        1.9912313669919971E-002  -6.8721681833267212E-002  -2.6476299331177379E-003  -3.5585462629796158E-002   1.0000000000000000        2.0564551603202443       -11.583757061307837     
   23400.000000000000       -63.632737232816240       -6.1259675440138111       -1.1809563192147555E-003  -1.1543140112556195E-003  -2.6056035748138247E-003   5307.0200000000114        0.0000000000000000        6.6578038379531037        7.0866198691007671        1.9912313669919971E-002  -6.8721681833267212E-002  -2.6476299331177379E-003  -3.5585462629796158E-002   1.0000000000000000      -0.73360726054268355        1.0438293181678173     
   4800.0000000000000       -284.54581836815868        11.410910033156359        2.2021872051990439E-003   2.1524170853874330E-003  -2.7668740990285171E-003   5301.4400000000023        0.0000000000000000        6.6518550106609835        7.0866198691007671        1.9912313669919971E-002  -6.8721681833267212E-002  -2.6879991890916312E-003  -3.5526624134099384E-002   0.0000000000000000       -3.2804636008065420        23.704669163358627     
   23400.000000000000       -78.269293841031001      -0.12699295462042612       -2.4481542087387655E-005  -2.3929239878580796E-005  -2.6467587154081098E-003   5307.0200000000114        0.0000000000000000        6.6578038379531037        7.0866198691007671        1.9912313669919971E-002  -6.8721681833267212E-002  -2.6476299331177379E-003  -3.5585462629796158E-002   1.0000000000000000      -0.90234877103035238       0.78641816680285115     
   23400.000000000000        93.460163400450867       -4.1601895387722401       -8.0199610749572057E-004  -7.8390312054076137E-004  -2.6190895246169647E-003   5307.0200000000114        0.0000000000000000        6.6578038379531037        7.0866198691007671        1.9912313669919971E-002  -6.8721681833267212E-002  -2.6476299331177379E-003  -3.5585462629796158E-002   1.0000000000000000        1.0774808286373301       -2.2171037566806686     
   4200.0000000000000       -286.38500406788120        16.393981460489524        3.1639799204704480E-003   3.0924688584392235E-003  -2.8065094777671765E-003   5301.2600000000020        0.0000000000000000        6.6516631130063990        7.0866198691007671        1.9912313669919971E-002  -6.8721681833267212E-002  -2.6893032267484955E-003  -3.5524723516530222E-002   0.0000000000000000       -3.3016671517062335        24.549004116584062     
   23400.000000000000        115.21653581981825       -13.366916685501437       -2.5768573886072303E-003  -2.5187236312471800E-003  -2.5559280385178580E-003   5307.0200000000114        0.0000000000000000        6.6578038379531037        7.0866198691007671        1.9912313669919971E-002  -6.8721681833267212E-002  -2.6476299331177379E-003  -3.5585462629796158E-002   1.0000000000000000        1.3283050657202413       -3.2993280388209021     
   23400.000000000000       -124.05328001718081        20.839524645668092        4.0174173537341684E-003   3.9267846448040608E-003  -2.7905966274969635E-003   5307.0200000000114        0.0000000000000000        6.6578038379531037        7.0866198691007671        1.9912313669919971E-002  -6.8721681833267212E-002  -2.6476299331177379E-003  -3.5585462629796158E-002   1.0000000000000000       -1.4301818666352333        9.0771111225069714E-002
   23400.000000000000        114.42964706407567       -13.670675181533040       -2.6354155694703054E-003  -2.5759607428524878E-003  -2.5538441451083086E-003   5307.0200000000114        0.0000000000000000        6.6578038379531037        7.0866198691007671        1.9912313669919971E-002  -6.8721681833267212E-002  -2.6476299331177379E-003  -3.5585462629796158E-002   1.0000000000000000        1.3192332053924343       -3.2029746379505326     
   23400.000000000000        51.592729795821924       -11.146704505605998       -2.1488476766708302E-003  -2.1003697942736177E-003  -2.5711594990035043E-003   5307.0200000000114        0.0000000000000000        6.6578038379531037        7.0866198691007671        1.9912313669919971E-002  -6.8721681833267212E-002  -2.6476299331177379E-003  -3.5585462629796158E-002   1.0000000000000000       0.59480077103948126       0.90994326991186003     
   23400.000000000000       -188.10239774547921        3.1055094692038581        5.9867621003335976E-004   5.8517010849852677E-004  -2.6689348539700353E-003   5307.0200000000114        0.0000000000000000        6.6578038379531037        7.0866198691007671        1.9912313669919971E-002  -6.8721681833267212E-002  -2.6476299331177379E-003  -3.5585462629796158E-002   1.0000000000000000       -2.1685894825911447       0.62085261784219281     
   23400.000000000000       -8.8636546220533141       -1.0398186269341436       -2.0045492724084840E-004  -1.9593267538734382E-004  -2.6404964003537063E-003   5307.0200000000114        0.0000000000000000        6.6578038379531037        7.0866198691007671        1.9912313669919971E-002  -6.8721681833267212E-002  -2.6476299331177379E-003  -3.5585462629796158E-002   1.0000000000000000      -0.10218704504082896        2.0439588417452339     
   23400.000000000000       -112.30163005116373        18.643156971470830        3.5940043556197889E-003   3.5129238200479348E-003  -2.7755287489651640E-003   5307.0200000000114        0.0000000000000000        6.6578038379531037        7.0866198691007671        1.9912313669919971E-002  -6.8721681833267212E-002  -2.6476299331177379E-003  -3.5585462629796158E-002   1.0000000000000000       -1.2946997844031913       0.36646686884409269     
   23400.000000000000       -89.374609221771649        1.0583179109139373        2.0402119594206507E-004   1.9941848926778778E-004  -2.6548903776767332E-003   5307.0200000000114        0.0000000000000000        6.6578038379531037        7.0866198691007671        1.9912313669919971E-002  -6.8721681833267212E-002  -2.6476299331177379E-003  -3.5585462629796158E-002   1.0000000000000000       -1.0303794097897705       0.48004705038308082     
   23400.000000000000        68.481941038397309        10.230413469004427        1.9722062429479445E-003   1.9277133813334799E-003  -2.7178142785221951E-003   5307.0200000000114        0.0000000000000000        6.6578038379531037        7.0866198691007671        1.9912313669919971E-002  -6.8721681833267212E-002  -2.6476299331177379E-003  -3.5585462629796158E-002   1.0000000000000000       0.78951262112162268       -1.4478419584327482     
   23400.000000000000       -32.058601267647077       -8.8795986841609675       -1.7117978674892045E-003  -1.6731798041388479E-003  -2.5867126668713361E-003   5307.0200000000114        0.0000000000000000        6.6578038379531037        7.0866198691007671        1.9912313669919971E-002  -6.8721681833267212E-002  -2.6476299331177379E-003  -3.5585462629796158E-002   1.0000000000000000      -0.36959627505478443        1.7626169553297224     
   23400.000000000000        2.4408236014222449        12.390088109592828        2.3885456041877889E-003   2.3346601500640286E-003  -2.7326304295404837E-003   5307.0200000000114        0.0000000000000000        6.6578038379531037        7.0866198691007671        1.9912313669919971E-002  -6.8721681833267212E-002  -2.6476299331177379E-003  -3.5585462629796158E-002   1.0000000000000000        2.8139696539470266E-002   1.7320648194888479     
   23400.000000000000       -160.32247687484917        20.446503596574999        3.9416512501470793E-003   3.8527278202409180E-003  -2.7879003606115301E-003   5307.0200000000114        0.0000000000000000        6.6578038379531037        7.0866198691007671        1.9912313669919971E-002  -6.8721681833267212E-002  -2.6476299331177379E-003  -3.5585462629796158E-002   1.0000000000000000       -1.8483211343440509      -0.62777144769501803     
   23400.000000000000        166.51233536264235        6.5274537804163835        1.2583543309656806E-003   1.2299659282264566E-003  -2.6924106325610575E-003   5307.0200000000114        0.0000000000000000        6.6578038379531037        7.0866198691007671        1.9912313669919971E-002  -6.8721681833267212E-002  -2.6476299331177379E-003  -3.5585462629796158E-002   1.0000000000000000        1.9196825958471562       -10.327416800673856     
   23400.000000000000        120.01759483985177       -15.974055923804775       -3.0794584122701349E-003  -3.0099860041614204E-003  -2.5380421181322370E-003   5307.0200000000114        0.0000000000000000        6.6578038379531037        7.0866198691007671        1.9912313669919971E-002  -6.8721681833267212E-002  -2.6476299331177379E-003  -3.5585462629796158E-002   1.0000000000000000        1.3836553760880648       -3.5057165871396219     
   23400.000000000000        95.494379919038849       -14.891188454784162       -2.8707045833894019E-003  -2.8059416498871551E-003  -2.5454709815602166E-003   5307.0200000000114        0.0000000000000000        6.6578038379531037        7.0866198691007671        1.9912313669919971E-002  -6.8721681833267212E-002  -2.6476299331177379E-003  -3.5585462629796158E-002   1.0000000000000000        1.1009328452006282       -1.5367168828125837     
   23400.000000000000       -167.63743416468512        19.798890168360256        3.8168051478842807E-003   3.7306982390042272E-003  -2.7834574977035841E-003   5307.0200000000114        0.0000000000000000        6.6578038379531037        7.0866198691007671        1.9912313669919971E-002  -6.8721681833267212E-002  -2.6476299331177379E-003  -3.5585462629796158E-002   1.0000000000000000       -1.9326536023746073      -0.64000294016578596     
   23400.000000000000       -175.46354346671183       -5.1763314679731787       -9.9788667072300353E-004  -9.7537440370926956E-004  -2.6121184225833013E-003   5307.0200000000114        0.0000000000000000        6.6578038379531037        7.0866198691007671        1.9912313669919971E-002  -6.8721681833267212E-002  -2.6476299331177379E-003  -3.5585462629796158E-002   1.0000000000000000       -2.0228790249391193       0.36095528654617193     
   23400.000000000000       -176.03847948823216        19.805103958102766        3.8180030344564771E-003   3.7318691013229124E-003  -2.7835001265540094E-003   5307.0200000000114        0.0000000000000000        6.6578038379531037        7.0866198691007671        1.9912313669919971E-002  -6.8721681833267212E-002  -2.6476299331177379E-003  -3.5585462629796158E-002   1.0000000000000000       -2.0295073307149920      -0.57020854047805625     
   23400.000000000000       -189.92027054381737        20.480966447172772        3.9482949551453801E-003   3.8592216436291417E-003  -2.7881367882610386E-003   5307.0200000000114        0.0000000000000000        6.6578038379531037        7.0866198691007671        1.9912313669919971E-002  -6.8721681833267212E-002  -2.6476299331177379E-003  -3.5585462629796158E-002   1.0000000000000000       -2.1895473219297950      -0.25935801349353438     
   23400.000000000000       -52.675907911204575        13.137127095289497        2.5325588403859391E-003   2.4754244557754577E-003  -2.7377553878192066E-003   5307.0200000000114        0.0000000000000000        6.6578038379531037        7.0866198691007671        1.9912313669919971E-002  -6.8721681833267212E-002  -2.6476299331177379E-003  -3.5585462629796158E-002   1.0000000000000000      -0.60728848356704879        1.8087193418444329     
   23400.000000000000       -101.85354451100295        15.088157020935244        2.9086759358674433E-003   2.8430563707947608E-003  -2.7511401604494450E-003   5307.0200000000114        0.0000000000000000        6.6578038379531037        7.0866198691007671        1.9912313669919971E-002  -6.8721681833267212E-002  -2.6476299331177379E-003  -3.5585462629796158E-002   1.0000000000000000       -1.1742461980206127       0.56516136106843839     
   6600.0000000000000        278.38673329159496       -12.503849479127448       -2.4128577463947837E-003  -2.3583358441803702E-003  -2.5872882093387296E-003   5301.9800000000032        0.0000000000000000        6.6524307036247370        7.0866198691007671        1.9912313669919971E-002  -6.8721681833267212E-002  -2.6840877531969058E-003  -3.5532325010177744E-002   0.0000000000000000        3.2094569189167510       -13.170298369477171     
   23400.000000000000        166.29230253822928        5.3697272449108651        1.0351692653895700E-003   1.0118159051427833E-003  -2.6844682087970514E-003   5307.0200000000114        0.0000000000000000        6.6578038379531037        7.0866198691007671        1.9912313669919971E-002  -6.8721681833267212E-002  -2.6476299331177379E-003  -3.5585462629796158E-002   1.0000000000000000        1.9171458877851320       -10.188633952092779     
   23400.000000000000       -42.604848626515675       -10.398726692438599       -2.0046534544935269E-003  -1.9594285856165184E-003  -2.5762908979790455E-003   5307.0200000000114        0.0000000000000000        6.6578038379531037        7.0866198691007671        1.9912313669919971E-002  -6.8721681833267212E-002  -2.6476299331177379E-003  -3.5585462629796158E-002   1.0000000000000000      -0.49118154657372093        1.5014538480349982     
   23400.000000000000       -192.85457117574518        18.970351901170019        3.6570805826920123E-003   3.5745770509947161E-003  -2.7781250476976564E-003   5307.0200000000114       -5.0000000000000001E-003   6.6578038379531037        7.0866198691007671        1.9912313669919971E-002  -6.8721681833267212E-002  -2.6476299331177379E-003  -3.5585462629796158E-002   1.0000000000000000       -2.2233762021855874       -8.2503206854892500E-002
   23400.000000000000        120.33082554595350       -18.614277673015991       -3.5884370407818157E-003  -3.5074821035187263E-003  -2.5199292397278189E-003   5307.0200000000114        0.0000000000000000        6.6578038379531037        7.0866198691007671        1.9912313669919971E-002  -6.8721681833267212E-002  -2.6476299331177379E-003  -3.5585462629796158E-002   1.0000000000000000        1.3872665411929135       -3.3085719143065289     
   23400.000000000000       -155.62945016292161        4.3433931919857303        8.3731387736819048E-004   8.1842412351672332E-004  -2.6774271850995152E-003   5307.0200000000114        0.0000000000000000        6.6578038379531037        7.0866198691007671        1.9912313669919971E-002  -6.8721681833267212E-002  -2.6476299331177379E-003  -3.5585462629796158E-002   1.0000000000000000       -1.7942163037252714      -0.60858656776926645     
   23400.000000000000       -214.13310269874103        16.429734306123237        3.1673035177595360E-003   3.0958493290251781E-003  -2.7809249546522381E-003   5307.0200000000114       -5.0000000000000001E-003   6.6578038379531037        7.0866198691007671        1.9912313669919971E-002  -6.8721681833267212E-002  -2.6476299331177379E-003  -3.5585462629796158E-002   1.0000000000000000       -2.4686915209631328        1.3905214041646792     
   23400.000000000000        105.32092078303894       -18.343643974864801       -3.5362646167969025E-003  -3.4564866864765465E-003  -2.5217858850146080E-003   5307.0200000000114        0.0000000000000000        6.6578038379531037        7.0866198691007671        1.9912313669919971E-002  -6.8721681833267212E-002  -2.6476299331177379E-003  -3.5585462629796158E-002   1.0000000000000000        1.2142207852977920       -2.0505313690885454     
   23400.000000000000        108.66264830734102       -18.806686081762489       -3.6255292918501835E-003  -3.5437375554948822E-003  -2.5186092482867004E-003   5307.0200000000114        0.0000000000000000        6.6578038379531037        7.0866198691007671        1.9912313669919971E-002  -6.8721681833267212E-002  -2.6476299331177379E-003  -3.5585462629796158E-002   1.0000000000000000        1.2527467969262693       -2.2878808290956241     
   23400.000000000000       -110.24123536135697       -8.9096290346384670       -1.7175870806885613E-003  -1.6788384130149213E-003  -2.5865066477796430E-003   5307.0200000000114        0.0000000000000000        6.6578038379531037        7.0866198691007671        1.9912313669919971E-002  -6.8721681833267212E-002  -2.6476299331177379E-003  -3.5585462629796158E-002   1.0000000000000000       -1.2709459656967048      -0.36853321833523645     
   23400.000000000000        154.20964371964746        4.7042440968893215        9.0687826101509448E-004   8.8641913859177309E-004  -2.6799027531326154E-003   5307.0200000000114        0.0000000000000000        6.6578038379531037        7.0866198691007671        1.9912313669919971E-002  -6.8721681833267212E-002  -2.6476299331177379E-003  -3.5585462629796158E-002   1.0000000000000000        1.7778476802675014       -8.9381335782709908     
   23400.000000000000       -17.147289705518141       -12.763991644827675       -2.4606262574951698E-003  -2.4051146678979252E-003  -2.5600643228856257E-003   5307.0200000000114        0.0000000000000000        6.6578038379531037        7.0866198691007671        1.9912313669919971E-002  -6.8721681833267212E-002  -2.6476299331177379E-003  -3.5585462629796158E-002   1.0000000000000000      -0.19768717760124219        1.9351947473111213     
   23400.000000000000        139.31478724045132       -1.9808519352464287       -3.8186614498863456E-004  -3.7325126629378152E-004  -2.6340405706897544E-003   5307.0200000000114        0.0000000000000000        6.6578038379531037        7.0866198691007671        1.9912313669919971E-002  -6.8721681833267212E-002  -2.6476299331177379E-003  -3.5585462629796158E-002   1.0000000000000000        1.6061282896981399       -6.7241785068225912     
   23400.000000000000       -69.489369695103392       -10.939375139869041       -2.1088789822782021E-003  -2.0613027913723744E-003  -2.5725818536191272E-003   5307.0200000000114        0.0000000000000000        6.6578038379531037        7.0866198691007671        1.9912313669919971E-002  -6.8721681833267212E-002  -2.6476299331177379E-003  -3.5585462629796158E-002   1.0000000000000000      -0.80112703548092201       0.71973353488965452     
   8400.0000000000000       -281.66252854729606        10.236062740066346        1.9750357114335874E-003   1.9304147348932843E-003  -2.7539531139417353E-003   5302.5200000000041        0.0000000000000000        6.6530063965884905        7.0866198691007671        1.9912313669919971E-002  -6.8721681833267212E-002  -2.6801773326425686E-003  -3.5538024421701703E-002   0.0000000000000000       -3.2472228125139586        22.414358083672511     
   23400.000000000000        51.488977422567260       -16.848270749089497       -3.2479884468897382E-003  -3.1747140107045877E-003  -2.5320446874867041E-003   5307.0200000000114        0.0000000000000000        6.6578038379531037        7.0866198691007671        1.9912313669919971E-002  -6.8721681833267212E-002  -2.6476299331177379E-003  -3.5585462629796158E-002   1.0000000000000000       0.59360463367956107        1.1438397017103357     
   23400.000000000000       -91.663465061132840       -10.523742885259768       -2.0287539189271986E-003  -1.9829853449317594E-003  -2.5754332415720295E-003   5307.0200000000114        0.0000000000000000        6.6578038379531037        7.0866198691007671        1.9912313669919971E-002  -6.8721681833267212E-002  -2.6476299331177379E-003  -3.5585462629796158E-002   1.0000000000000000       -1.0567671047893963        5.8096895813111338E-002
   23400.000000000000        85.651023376835454       -19.477389425335648       -3.7548266389582636E-003  -3.6701179617441818E-003  -2.5140079801882135E-003   5307.0200000000114        0.0000000000000000        6.6578038379531037        7.0866198691007671        1.9912313669919971E-002  -6.8721681833267212E-002  -2.6476299331177379E-003  -3.5585462629796158E-002   1.0000000000000000       0.98745104099895875      -0.52710127416753016     
   23400.000000000000       -60.115311414616052        10.370161916541063        1.9991467729186122E-003   1.9540461344673735E-003  -2.7187730035376956E-003   5307.0200000000114        0.0000000000000000        6.6578038379531037        7.0866198691007671        1.9912313669919971E-002  -6.8721681833267212E-002  -2.6476299331177379E-003  -3.5585462629796158E-002   1.0000000000000000      -0.69305566350528303        1.5982251600580462     
   23400.000000000000       -185.40818489001973        6.2918437874207847        1.2129337328154026E-003   1.1855700162088651E-003  -2.6907942625893798E-003   5307.0200000000114        0.0000000000000000        6.6578038379531037        7.0866198691007671        1.9912313669919971E-002  -6.8721681833267212E-002  -2.6476299331177379E-003  -3.5585462629796158E-002   1.0000000000000000       -2.1375285193485767       0.24404681320724403     
   7200.0000000000000       -273.03801192436680        15.674216890094392        3.0245342722653311E-003   2.9561946244727397E-003  -2.8101951769423064E-003   5302.1600000000035        0.0000000000000000        6.6526226012793215        7.0866198691007671        1.9912313669919971E-002  -6.8721681833267212E-002  -2.6827841668805481E-003  -3.5534224976722630E-002   0.0000000000000000       -3.1477927347207775        18.855704523306112     
   9600.0000000000000       -279.52769330559317        7.8830989264509794        1.5209269234695132E-003   1.4865693597537512E-003  -2.7351654806037546E-003   5302.8800000000047        0.0000000000000000        6.6533901918976595        7.0866198691007671        1.9912313669919971E-002  -6.8721681833267212E-002  -2.6775709495108040E-003  -3.5541823215990059E-002   0.0000000000000000       -3.2226107857258359        21.492662480075523     
   9000.0000000000000       -275.22028514800684        9.3482060458901639        1.8036612223544487E-003   1.7629143730345212E-003  -2.7580359508072253E-003   5302.7000000000044        0.0000000000000000        6.6531982942430750        7.0866198691007671        1.9912313669919971E-002  -6.8721681833267212E-002  -2.6788740846949120E-003  -3.5539923900172972E-002   0.0000000000000000       -3.1729516631429950        19.715449020803369     
   23400.000000000000        175.71680064712058       -1.8278327250896624       -3.5236729408916000E-004  -3.4441790780695354E-004  -2.6350903379481062E-003   5307.0200000000114        0.0000000000000000        6.6578038379531037        7.0866198691007671        1.9912313669919971E-002  -6.8721681833267212E-002  -2.6476299331177379E-003  -3.5585462629796158E-002   1.0000000000000000        2.0257987689955899       -10.365069537728372     
   23400.000000000000        39.624424510752782        6.4029646558136664        1.2343554740803296E-003   1.2065084841989765E-003  -2.6915565920331073E-003   5307.0200000000114        0.0000000000000000        6.6578038379531037        7.0866198691007671        1.9912313669919971E-002  -6.8721681833267212E-002  -2.6476299331177379E-003  -3.5585462629796158E-002   1.0000000000000000       0.45682091923153301       0.62577877656856173     
   23400.000000000000      -0.67046191595199744        7.4996870776052917        1.4457802433324879E-003   1.4131635225805208E-003  -2.6990805054601689E-003   5307.0200000000114        0.0000000000000000        6.6578038379531037        7.0866198691007671        1.9912313669919971E-002  -6.8721681833267212E-002  -2.6476299331177379E-003  -3.5585462629796158E-002   1.0000000000000000       -7.7296019446745920E-003   1.8949346729931305     
   23400.000000000000       -157.80665591653889        6.2831110674317232        1.2112502500380422E-003   1.1839245127080187E-003  -2.6907343529642322E-003   5307.0200000000114        0.0000000000000000        6.6578038379531037        7.0866198691007671        1.9912313669919971E-002  -6.8721681833267212E-002  -2.6476299331177379E-003  -3.5585462629796158E-002   1.0000000000000000       -1.8193168104456587      -0.60762093601862899     
   23400.000000000000       -73.686765661902399        9.5940966545831738        1.8495378876858116E-003   1.8078124172479382E-003  -2.7134489144804278E-003   5307.0200000000114        0.0000000000000000        6.6578038379531037        7.0866198691007671        1.9912313669919971E-002  -6.8721681833267212E-002  -2.6476299331177379E-003  -3.5585462629796158E-002   1.0000000000000000      -0.84951785270052649        1.2302546317686185     
   23400.000000000000       -221.58221622333053        8.8907072596461028        1.7139393647012595E-003   1.6752729892945727E-003  -2.7292044958607533E-003   5307.0200000000114       -5.0000000000000001E-003   6.6578038379531037        7.0866198691007671        1.9912313669919971E-002  -6.8721681833267212E-002  -2.6476299331177379E-003  -3.5585462629796158E-002   1.0000000000000000       -2.5545706455126793        3.1740414636776784     
   8400.0000000000000       -279.42823980606772        14.657666876047289        2.8281787892111866E-003   2.7642831853622951E-003  -2.7924139058481162E-003   5302.5200000000041        0.0000000000000000        6.6530063965884905        7.0866198691007671        1.9912313669919971E-002  -6.8721681833267212E-002  -2.6801773326425686E-003  -3.5538024421701703E-002   0.0000000000000000       -3.2214642090970278        21.452935653377772     
   23400.000000000000       -256.38898098860449        2.8561786231635931        5.5061052308825954E-004   5.3818878074014928E-004  -2.6878054416134187E-003   5307.0200000000114       -5.0000000000000001E-003   6.6578038379531037        7.0866198691007671        1.9912313669919971E-002  -6.8721681833267212E-002  -2.6476299331177379E-003  -3.5585462629796158E-002   1.0000000000000000       -2.9558498684130217        11.676854517114963     
   23400.000000000000        27.379775825342293       -18.959876003923718       -3.6550610523951935E-003  -3.5726030811874983E-003  -2.5175583098821074E-003   5307.0200000000114        0.0000000000000000        6.6578038379531037        7.0866198691007671        1.9912313669919971E-002  -6.8721681833267212E-002  -2.6476299331177379E-003  -3.5585462629796158E-002   1.0000000000000000       0.31565516762248497        1.8735583671317046     
   23400.000000000000        69.298476075169361        1.5355827717317017        2.9602771560974727E-004   2.8934934704065527E-004  -2.6581645876529508E-003   5307.0200000000114        0.0000000000000000        6.6578038379531037        7.0866198691007671        1.9912313669919971E-002  -6.8721681833267212E-002  -2.6476299331177379E-003  -3.5585462629796158E-002   1.0000000000000000       0.79892626663669486      -0.83153693635566983     
   11400.000000000000       -273.31396860246150        3.6808855092652699        7.1009707080166003E-004   6.9405883548074004E-004  -2.7152213392752241E-003   5303.4200000000055        0.0000000000000000        6.6539658848614129        7.0866198691007671        1.9912313669919971E-002  -6.8721681833267212E-002  -2.6736622204096526E-003  -3.5547520187701541E-002   0.0000000000000000       -3.1509741760896253        18.955808014690831     
   23400.000000000000       -263.18814270238352       0.30670055028889398        5.9125346382915088E-005   5.7791481903006455E-005  -2.6703150977275287E-003   5307.0200000000114       -5.0000000000000001E-003   6.6578038379531037        7.0866198691007671        1.9912313669919971E-002  -6.8721681833267212E-002  -2.6476299331177379E-003  -3.5585462629796158E-002   1.0000000000000000       -3.0342358473248296        14.606669520530774     
   23400.000000000000       -154.67561155314920        7.0155077500921879        1.3524407614708025E-003   1.3219297741655718E-003  -2.6957588597356016E-003   5307.0200000000114        0.0000000000000000        6.6578038379531037        7.0866198691007671        1.9912313669919971E-002  -6.8721681833267212E-002  -2.6476299331177379E-003  -3.5585462629796158E-002   1.0000000000000000       -1.7832197167490613      -0.63516442850962562     
   23400.000000000000       -247.53510499057009       0.20512413483141434        3.9543572751921219E-005   3.8651471980775257E-005  -2.6696182466912520E-003   5307.0200000000114       -5.0000000000000001E-003   6.6578038379531037        7.0866198691007671        1.9912313669919971E-002  -6.8721681833267212E-002  -2.6476299331177379E-003  -3.5585462629796158E-002   1.0000000000000000       -2.8537755588899527        10.024953854360865     
   23400.000000000000       -238.02221908168201        1.4480561353093699        2.7915444071236855E-004   2.7285673227335998E-004  -2.6781452108359657E-003   5307.0200000000114       -5.0000000000000001E-003   6.6578038379531037        7.0866198691007671        1.9912313669919971E-002  -6.8721681833267212E-002  -2.6476299331177379E-003  -3.5585462629796158E-002   1.0000000000000000       -2.7441036749673566        7.4409480549960074     
   23400.000000000000       -31.481731021133694       -16.914967194189611       -3.2608461036997402E-003  -3.1872815995020887E-003  -2.5315871256927124E-003   5307.0200000000114        0.0000000000000000        6.6578038379531037        7.0866198691007671        1.9912313669919971E-002  -6.8721681833267212E-002  -2.6476299331177379E-003  -3.5585462629796158E-002   1.0000000000000000      -0.36294567004175632        1.6140679141586736     
   23400.000000000000       -19.096544510442715       -17.851071775756949       -3.4413071677039243E-003  -3.3636714720797945E-003  -2.5251651088811270E-003   5307.0200000000114        0.0000000000000000        6.6578038379531037        7.0866198691007671        1.9912313669919971E-002  -6.8721681833267212E-002  -2.6476299331177379E-003  -3.5585462629796158E-002   1.0000000000000000      -0.22015969001742844        1.8374507109420417     
   23400.000000000000       -246.54499586084549       -2.3728831007138167       -4.5744142005522303E-004  -4.4712156741708373E-004  -2.6519321824062759E-003   5307.0200000000114       -5.0000000000000001E-003   6.6578038379531037        7.0866198691007671        1.9912313669919971E-002  -6.8721681833267212E-002  -2.6476299331177379E-003  -3.5585462629796158E-002   1.0000000000000000       -2.8423608173923798        10.476909156312662     
   23400.000000000000       -201.48294102630669        9.9015638332496376        1.9088110237232548E-003   1.8657483546792016E-003  -2.7311522476295160E-003   5307.0200000000114       -5.0000000000000001E-003   6.6578038379531037        7.0866198691007671        1.9912313669919971E-002  -6.8721681833267212E-002  -2.6476299331177379E-003  -3.5585462629796158E-002   1.0000000000000000       -2.3228507029580472       0.95041800716805591     
   23400.000000000000        52.830605017570875        2.8365767013148040        5.4683168924531795E-004   5.3449519717558972E-004  -2.6670898776815122E-003   5307.0200000000114        0.0000000000000000        6.6578038379531037        7.0866198691007671        1.9912313669919971E-002  -6.8721681833267212E-002  -2.6476299331177379E-003  -3.5585462629796158E-002   1.0000000000000000       0.60907195109257806       0.12447802959297603     
   23400.000000000000       -247.65864672006060       -4.6371538467750186       -8.9394468696970034E-004  -8.7377734524742869E-004  -2.6363984641834255E-003   5307.0200000000114       -5.0000000000000001E-003   6.6578038379531037        7.0866198691007671        1.9912313669919971E-002  -6.8721681833267212E-002  -2.6476299331177379E-003  -3.5585462629796158E-002   1.0000000000000000       -2.8551998432076720        11.428282714053267     
   23400.000000000000       -77.831981805137531        6.0533294893947733        1.1669532463937698E-003   1.1406268469677447E-003  -2.6891579680322461E-003   5307.0200000000114        0.0000000000000000        6.6578038379531037        7.0866198691007671        1.9912313669919971E-002  -6.8721681833267212E-002  -2.6476299331177379E-003  -3.5585462629796158E-002   1.0000000000000000      -0.89730710067943897       0.99859272260370546     
   12600.000000000000       -273.78619053599078        3.8656727723754103        7.4569265170463281E-004   7.2885239817175782E-004  -2.7117276638562084E-003   5303.7800000000061        0.0000000000000000        6.6543496801705819        7.0866198691007671        1.9912313669919971E-002  -6.8721681833267212E-002  -2.6710569645881539E-003  -3.5551317355911195E-002   0.0000000000000000       -3.1564183146586942        19.138855121994066     
   23400.000000000000       -241.87097551492960       -6.3519408494312808       -1.2245191688526683E-003  -1.1968940854625134E-003  -2.6246344036540896E-003   5307.0200000000114       -5.0000000000000001E-003   6.6578038379531037        7.0866198691007671        1.9912313669919971E-002  -6.8721681833267212E-002  -2.6476299331177379E-003  -3.5585462629796158E-002   1.0000000000000000       -2.7884751068163496        10.323257518626171     
   23400.000000000000       -246.82613576095562       -7.2426847634192812       -1.3962356604057683E-003  -1.3647366626504641E-003  -2.6185235774674786E-003   5307.0200000000114       -5.0000000000000001E-003   6.6578038379531037        7.0866198691007671        1.9912313669919971E-002  -6.8721681833267212E-002  -2.6476299331177379E-003  -3.5585462629796158E-002   1.0000000000000000       -2.8456020149412837        11.952745634826789     
