   23400.000000000000       -192.27466661963939        7.8206821116892860        1.4074108894365580E-003   1.3790609293723652E-003   2.1217102564563144E-004   5671.0200000000114        0.0000000000000000        7.0458635394456408        7.0006716400029170        2.0404247560635958E-002  -7.5263173772348924E-002   2.6090471955387412E-004  -4.5662046395160687E-002   1.0000000000000000       -2.2166906153118924        10.822760327413107     
   23400.000000000000       -233.06597561749589        10.738936329681172        1.9325802680010048E-003   1.8936516410947503E-003   1.9730910194812749E-004   5671.0200000000114        5.0000000000000001E-003   7.0458635394456408        7.0006716400029170        2.0404247560635958E-002  -7.5263173772348924E-002   2.6090471955387412E-004  -4.5662046395160687E-002   1.0000000000000000       -2.6869642786682286        18.059953892659792     
   23400.000000000000       -184.19619174721510       -1.7547617705979224       -3.1578713838977869E-004  -3.0942612979638915E-004   2.7532468035961524E-004   5671.0200000000114        0.0000000000000000        7.0458635394456408        7.0006716400029170        2.0404247560635958E-002  -7.5263173772348924E-002   2.6090471955387412E-004  -4.5662046395160687E-002   1.0000000000000000       -2.1235557278586183        9.4300473544921157     
   16200.000000000000       -281.43085288386646       -52.433245617221480       -9.4396154158274057E-003  -9.2493456563085708E-003   6.9006144667249961E-004   5668.8600000000079        0.0000000000000000        7.0435607675906269        6.9989228191007671        2.0414445653585873E-002  -7.5397184493974923E-002   2.5792961588683855E-004  -4.5777037108032617E-002   0.0000000000000000       -3.2445518768262298        28.100837355415841     
   23400.000000000000       -192.58131780233327       -14.173127340285976       -2.5505976935534585E-003  -2.4992201297625379E-003   3.7838786237681795E-004   5671.0200000000114        5.0000000000000001E-003   7.0458635394456408        7.0006716400029170        2.0404247560635958E-002  -7.5263173772348924E-002   2.6090471955387412E-004  -4.5662046395160687E-002   1.0000000000000000       -2.2202259265975779        10.463063260271868     
   23400.000000000000       -231.78785823465745        2.7555274180502218        4.9588504415853225E-004   4.8589626170428182E-004   2.6291370168971863E-004   5671.0200000000114        5.0000000000000001E-003   7.0458635394456408        7.0006716400029170        2.0404247560635958E-002  -7.5263173772348924E-002   2.6090471955387412E-004  -4.5662046395160687E-002   1.0000000000000000       -2.6722291559522984        17.709665437658856     
   23400.000000000000       -175.79022179457118       -10.261717555713668       -1.8466999202853562E-003  -1.8095012106664494E-003   3.4523158798260422E-004   5671.0200000000114        0.0000000000000000        7.0458635394456408        7.0006716400029170        2.0404247560635958E-002  -7.5263173772348924E-002   2.6090471955387412E-004  -4.5662046395160687E-002   1.0000000000000000       -2.0266452245967383        7.9922183092253150     
   23400.000000000000       -189.33193418043831        23.961337922199078        4.3120852421257398E-003   4.2252254307336302E-003   6.3999612843295014E-005   5671.0200000000114        0.0000000000000000        7.0458635394456408        7.0006716400029170        2.0404247560635958E-002  -7.5263173772348924E-002   2.6090471955387412E-004  -4.5662046395160687E-002   1.0000000000000000       -2.1827645266802840        10.351412064374545     
   23400.000000000000       -199.96486023025460        49.671069316422276        8.9388115828672385E-003   8.7587540365617073E-003  -1.2262027032296669E-004   5671.0200000000114        5.0000000000000001E-003   7.0458635394456408        7.0006716400029170        2.0404247560635958E-002  -7.5263173772348924E-002   2.6090471955387412E-004  -4.5662046395160687E-002   1.0000000000000000       -2.3053490969843864        11.632146164446711     
   23400.000000000000       -178.15651854365387       -16.041600507738174       -2.8868483485393849E-003  -2.8286975725245445E-003   3.9272845452396107E-004   5671.0200000000114        0.0000000000000000        7.0458635394456408        7.0006716400029170        2.0404247560635958E-002  -7.5263173772348924E-002   2.6090471955387412E-004  -4.5662046395160687E-002   1.0000000000000000       -2.0539257181165169        8.1922788374062954     
   23400.000000000000       -158.07723441375612       -8.9457746444752058       -1.6098826763795296E-003  -1.5774542576952979E-003   3.3441767265768486E-004   5671.0200000000114        0.0000000000000000        7.0458635394456408        7.0006716400029170        2.0404247560635958E-002  -7.5263173772348924E-002   2.6090471955387412E-004  -4.5662046395160687E-002   1.0000000000000000       -1.8224362479983609        5.5313219848018766     
   23400.000000000000       -240.93113755997314        41.872783383864714        7.5354311125094267E-003   7.3836423401547925E-003  -5.8536940389738502E-005   5671.0200000000114        5.0000000000000001E-003   7.0458635394456408        7.0006716400029170        2.0404247560635958E-002  -7.5263173772348924E-002   2.6090471955387412E-004  -4.5662046395160687E-002   1.0000000000000000       -2.7776399301844372        19.293247595752145     
   23400.000000000000       -180.89450631582540        15.676206671695908        2.8210920300450891E-003   2.7642658060976467E-003   1.3208365131762737E-004   5671.0200000000114        0.0000000000000000        7.0458635394456408        7.0006716400029170        2.0404247560635958E-002  -7.5263173772348924E-002   2.6090471955387412E-004  -4.5662046395160687E-002   1.0000000000000000       -2.0854913523527610        9.0668257897798874     
   23400.000000000000       -160.69070449870506       -15.404710172970928       -2.7722334876197022E-003  -2.7163914380430500E-003   3.8749473344638728E-004   5671.0200000000114        0.0000000000000000        7.0458635394456408        7.0006716400029170        2.0404247560635958E-002  -7.5263173772348924E-002   2.6090471955387412E-004  -4.5662046395160687E-002   1.0000000000000000       -1.8525663463236126        5.7357093771945289     
   23400.000000000000       -213.38170777448042        52.886712010238185        9.5174990271566801E-003   9.3257847812629972E-003  -1.4904519157839903E-004   5671.0200000000114        5.0000000000000001E-003   7.0458635394456408        7.0006716400029170        2.0404247560635958E-002  -7.5263173772348924E-002   2.6090471955387412E-004  -4.5662046395160687E-002   1.0000000000000000       -2.4600288608931176        13.803869509350818     
   23400.000000000000       -206.54674224709046        55.850999047599458        1.0050952477407801E-002   9.8484926957759528E-003  -1.7340456822537885E-004   5671.0200000000114        5.0000000000000001E-003   7.0458635394456408        7.0006716400029170        2.0404247560635958E-002  -7.5263173772348924E-002   2.6090471955387412E-004  -4.5662046395160687E-002   1.0000000000000000       -2.3812301080105156        12.516430461332769     
   23400.000000000000       -160.21897736182203        14.339356495562759        2.5805123122449283E-003   2.5285321680337453E-003   1.4306937454569807E-004   5671.0200000000114        0.0000000000000000        7.0458635394456408        7.0006716400029170        2.0404247560635958E-002  -7.5263173772348924E-002   2.6090471955387412E-004  -4.5662046395160687E-002   1.0000000000000000       -1.8471279121518080        6.0719082071673833     
   23400.000000000000       -142.93604698295297        10.178426433870236        1.8317108400233389E-003   1.7948140605870224E-003   1.7726230569474594E-004   5671.0200000000114        0.0000000000000000        7.0458635394456408        7.0006716400029170        2.0404247560635958E-002  -7.5263173772348924E-002   2.6090471955387412E-004  -4.5662046395160687E-002   1.0000000000000000       -1.6478769642788098        3.8081127302958286     
   23400.000000000000       -259.86579589482687        51.686637506054907        9.3015334756610824E-003   9.1141694979130390E-003  -1.3918343848789516E-004   5671.0200000000114        5.0000000000000001E-003   7.0458635394456408        7.0006716400029170        2.0404247560635958E-002  -7.5263173772348924E-002   2.6090471955387412E-004  -4.5662046395160687E-002   1.0000000000000000       -2.9959332715430129        22.804225604880443     
   23400.000000000000       -123.25273409671652        4.6096265144842112        8.2954893960256106E-004   8.1283905090869055E-004   2.2302457264064502E-004   5671.0200000000114        0.0000000000000000        7.0458635394456408        7.0006716400029170        2.0404247560635958E-002  -7.5263173772348924E-002   2.6090471955387412E-004  -4.5662046395160687E-002   1.0000000000000000       -1.4209525559817924        1.4866568535499343     
   23400.000000000000       -119.80508734120897        4.8941616226612110        8.8075391174645737E-004   8.6301258374352435E-004   2.2068637199340187E-004   5671.0200000000114        0.0000000000000000        7.0458635394456408        7.0006716400029170        2.0404247560635958E-002  -7.5263173772348924E-002   2.6090471955387412E-004  -4.5662046395160687E-002   1.0000000000000000       -1.3812054257841240        1.1178237931257846     
   23400.000000000000       -242.51806943550645        56.328965801786886        1.0136967431733406E-002   9.9327750213871174E-003  -1.7733231612672591E-004   5671.0200000000114        5.0000000000000001E-003   7.0458635394456408        7.0006716400029170        2.0404247560635958E-002  -7.5263173772348924E-002   2.6090471955387412E-004  -4.5662046395160687E-002   1.0000000000000000       -2.7959353044918220        19.073781763911658     
   23400.000000000000       -165.00106141118127        20.740074450302689        3.7323862819397826E-003   3.6572035454473179E-003   9.0470723502312714E-005   5671.0200000000114        0.0000000000000000        7.0458635394456408        7.0006716400029170        2.0404247560635958E-002  -7.5263173772348924E-002   2.6090471955387412E-004  -4.5662046395160687E-002   1.0000000000000000       -1.9022594644265400        6.7262540928857364     
   23400.000000000000       -252.64033772948167        58.561732900621195        1.0538776466239262E-002   1.0326490278754277E-002  -1.9568034182058870E-004   5671.0200000000114        5.0000000000000001E-003   7.0458635394456408        7.0006716400029170        2.0404247560635958E-002  -7.5263173772348924E-002   2.6090471955387412E-004  -4.5662046395160687E-002   1.0000000000000000       -2.9126326184302780        20.992387414001868     
   23400.000000000000       -134.78834861561432        15.816543949602224        2.8463471433841188E-003   2.7890121970301977E-003   1.3093041326508878E-004   5671.0200000000114        0.0000000000000000        7.0458635394456408        7.0006716400029170        2.0404247560635958E-002  -7.5263173772348924E-002   2.6090471955387412E-004  -4.5662046395160687E-002   1.0000000000000000       -1.5539440149995376        2.8364633342023668     
   23400.000000000000       -111.63289691347650       -14.561233725961827       -2.6204413651999040E-003  -2.5676569163857292E-003   3.8056336674451724E-004   5671.0200000000114        0.0000000000000000        7.0458635394456408        7.0006716400029170        2.0404247560635958E-002  -7.5263173772348924E-002   2.6090471955387412E-004  -4.5662046395160687E-002   1.0000000000000000       -1.2869901131473738        3.1591252825917682E-002
   23400.000000000000       -108.45309849470192        10.364593455869635        1.8652134795980005E-003   1.8276418450066502E-003   1.7573245634109941E-004   5671.0200000000114        0.0000000000000000        7.0458635394456408        7.0006716400029170        2.0404247560635958E-002  -7.5263173772348924E-002   2.6090471955387412E-004  -4.5662046395160687E-002   1.0000000000000000       -1.2503309451071820       -1.5331088505976868E-002
   23400.000000000000       -268.03484678483505        63.803628018057992        1.1482108539350633E-002   1.1250820490503978E-002  -2.3875623018775331E-004   5671.0200000000114        5.0000000000000001E-003   7.0458635394456408        7.0006716400029170        2.0404247560635958E-002  -7.5263173772348924E-002   2.6090471955387412E-004  -4.5662046395160687E-002   1.0000000000000000       -3.0901123891680533        23.921894545956565     
   23400.000000000000       -83.508918351701027      -0.21714359100733213       -3.9077186643130928E-005  -3.8290041475313385E-005   2.6268912249905379E-004   5671.0200000000114        0.0000000000000000        7.0458635394456408        7.0006716400029170        2.0404247560635958E-002  -7.5263173772348924E-002   2.6090471955387412E-004  -4.5662046395160687E-002   1.0000000000000000      -0.96275520254187674       -2.3000311749759770     
   23400.000000000000       -81.825305445162456       -7.1134536433160580       -1.2801379695693397E-003  -1.2543517115644178E-003   3.1936035977170373E-004   5671.0200000000114        0.0000000000000000        7.0458635394456408        7.0006716400029170        2.0404247560635958E-002  -7.5263173772348924E-002   2.6090471955387412E-004  -4.5662046395160687E-002   1.0000000000000000      -0.94334521476056987       -2.4980088640860769     
   22200.000000000000       -275.84631481163211        57.922546565500376        1.0424433513233121E-002   1.0214427697216949E-002  -2.0922703043259284E-004   5670.6600000000108        0.0000000000000000        7.0454797441364718        7.0002878446937480        2.0406484974109788E-002  -7.5292583694357096E-002   2.6094749722116103E-004  -4.5688298426958013E-002   0.0000000000000000       -3.1801690158221714        26.826283094189243     
   23400.000000000000       -138.35050660938879        22.321567262787124        4.0169919178764998E-003   3.9360762724848578E-003   7.7474620696393870E-005   5671.0200000000114        0.0000000000000000        7.0458635394456408        7.0006716400029170        2.0404247560635958E-002  -7.5263173772348924E-002   2.6090471955387412E-004  -4.5662046395160687E-002   1.0000000000000000       -1.5950113190488977        3.2453515611046653     
   23400.000000000000       -200.38465897563864       -33.604347820379949       -6.0474424582641099E-003  -5.9256267515155796E-003   5.6170524400896192E-004   5671.0200000000114        5.0000000000000001E-003   7.0458635394456408        7.0006716400029170        2.0404247560635958E-002  -7.5263173772348924E-002   2.6090471955387412E-004  -4.5662046395160687E-002   1.0000000000000000       -2.3101888606182164        10.872523112009215     
   23400.000000000000       -133.29514801587590        22.815645765328899        4.1059063443655217E-003   4.0231996651975931E-003   7.3414472611913986E-005   5671.0200000000114        0.0000000000000000        7.0458635394456408        7.0006716400029170        2.0404247560635958E-002  -7.5263173772348924E-002   2.6090471955387412E-004  -4.5662046395160687E-002   1.0000000000000000       -1.5367292471135212        2.6446301012945757     
   23400.000000000000       -108.31288982874382        18.684527630739915        3.3624698301158076E-003   3.2947384475349897E-003   1.0736242075097178E-004   5671.0200000000114        0.0000000000000000        7.0458635394456408        7.0006716400029170        2.0404247560635958E-002  -7.5263173772348924E-002   2.6090471955387412E-004  -4.5662046395160687E-002   1.0000000000000000       -1.2487145114943778       -2.2445435681034891E-002
   23400.000000000000       -62.149092471593484        5.3100699961329632        9.5560083244626234E-004   9.3635183725907379E-004   2.1726859611935907E-004   5671.0200000000114        0.0000000000000000        7.0458635394456408        7.0006716400029170        2.0404247560635958E-002  -7.5263173772348924E-002   2.6090471955387412E-004  -4.5662046395160687E-002   1.0000000000000000      -0.71650265973136040       -3.8283987650521212     
   23400.000000000000       -51.971597022413363       -1.7779722609310509       -3.1996410100985266E-004  -3.1351895442637256E-004   2.7551541528813585E-004   5671.0200000000114        0.0000000000000000        7.0458635394456408        7.0006716400029170        2.0404247560635958E-002  -7.5263173772348924E-002   2.6090471955387412E-004  -4.5662046395160687E-002   1.0000000000000000      -0.59916864456332852       -4.5036020508445533     
   23400.000000000000       -152.25189228539361       -32.848308947586780       -5.9113856121718695E-003  -5.7923105451200517E-003   5.3083955372664957E-004   5671.0200000000114        0.0000000000000000        7.0458635394456408        7.0006716400029170        2.0404247560635958E-002  -7.5263173772348924E-002   2.6090471955387412E-004  -4.5662046395160687E-002   1.0000000000000000       -1.7552772121568541        4.0886544158866212     
   23400.000000000000       -45.981383608240407        1.8096039444873819        3.2565654257090922E-004   3.1909673118546195E-004   2.4603408674738722E-004   5671.0200000000114        0.0000000000000000        7.0458635394456408        7.0006716400029170        2.0404247560635958E-002  -7.5263173772348924E-002   2.6090471955387412E-004  -4.5662046395160687E-002   1.0000000000000000      -0.53010884541058712       -4.8277591995875309     
   23400.000000000000       -67.161032477354013       -17.779507818015212       -3.1996023562313011E-003  -3.1351516690145999E-003   4.0700991182381242E-004   5671.0200000000114        0.0000000000000000        7.0458635394456408        7.0006716400029170        2.0404247560635958E-002  -7.5263173772348924E-002   2.6090471955387412E-004  -4.5662046395160687E-002   1.0000000000000000      -0.77428416870806516       -3.6994585710495187     
   23400.000000000000       -69.165639303428804        14.947531564763471        2.6899595705342731E-003   2.6357747926763512E-003   1.3807162453321922E-004   5671.0200000000114        0.0000000000000000        7.0458635394456408        7.0006716400029170        2.0404247560635958E-002  -7.5263173772348924E-002   2.6090471955387412E-004  -4.5662046395160687E-002   1.0000000000000000      -0.79739482190472644       -3.3246387825448012     
   23400.000000000000       -74.240175222486783       -21.607017314067743       -3.8884014235293562E-003  -3.8100760205514528E-003   4.3846292034124378E-004   5671.0200000000114        0.0000000000000000        7.0458635394456408        7.0006716400029170        2.0404247560635958E-002  -7.5263173772348924E-002   2.6090471955387412E-004  -4.5662046395160687E-002   1.0000000000000000      -0.85589798483617618       -3.2648762589356117     
   23400.000000000000       -156.38390758187151       -36.136352275302244       -6.5031022832086859E-003  -6.3721080643873891E-003   5.5785943568879186E-004   5671.0200000000114        0.0000000000000000        7.0458635394456408        7.0006716400029170        2.0404247560635958E-002  -7.5263173772348924E-002   2.6090471955387412E-004  -4.5662046395160687E-002   1.0000000000000000       -1.8029142705954835        4.4852923895441741     
   23400.000000000000       -33.824791786012511       -11.274990254125269       -2.0290485964426096E-003  -1.9881767749232496E-003   3.5355827530930846E-004   5671.0200000000114        0.0000000000000000        7.0458635394456408        7.0006716400029170        2.0404247560635958E-002  -7.5263173772348924E-002   2.6090471955387412E-004  -4.5662046395160687E-002   1.0000000000000000      -0.38995828121890591       -5.5365214660188560     
   23400.000000000000       -112.81766454295625        26.545170645877839        4.7770720885227623E-003   4.6808458876670843E-003   4.2766664172807752E-005   5671.0200000000114        0.0000000000000000        7.0458635394456408        7.0006716400029170        2.0404247560635958E-002  -7.5263173772348924E-002   2.6090471955387412E-004  -4.5662046395160687E-002   1.0000000000000000       -1.3006490279267628       0.39485305032570328     
   23400.000000000000       -98.079209292325800        24.795051778586735        4.4621204875681195E-003   4.3722384647888182E-003   5.7148471375688945E-005   5671.0200000000114        0.0000000000000000        7.0458635394456408        7.0006716400029170        2.0404247560635958E-002  -7.5263173772348924E-002   2.6090471955387412E-004  -4.5662046395160687E-002   1.0000000000000000       -1.1307327513176542       -1.0093890995073802     
   23400.000000000000       -132.10815188369122       -34.958719680187691       -6.2911753803567743E-003  -6.1644500777968724E-003   5.4818210162006016E-004   5671.0200000000114        0.0000000000000000        7.0458635394456408        7.0006716400029170        2.0404247560635958E-002  -7.5263173772348924E-002   2.6090471955387412E-004  -4.5662046395160687E-002   1.0000000000000000       -1.5230446404366034        1.6444387957302349     
   23400.000000000000       -22.617499532058048        8.7742021609161718        1.5790064716904605E-003   1.5472000029829122E-003   1.8880168347111968E-004   5671.0200000000114        0.0000000000000000        7.0458635394456408        7.0006716400029170        2.0404247560635958E-002  -7.5263173772348924E-002   2.6090471955387412E-004  -4.5662046395160687E-002   1.0000000000000000      -0.26075197443308523       -5.9439651744545401     
   23400.000000000000       -124.35581668173214       -34.962217232665473       -6.2918048003195483E-003  -6.1650668191375454E-003   5.4821084316805310E-004   5671.0200000000114        0.0000000000000000        7.0458635394456408        7.0006716400029170        2.0404247560635958E-002  -7.5263173772348924E-002   2.6090471955387412E-004  -4.5662046395160687E-002   1.0000000000000000       -1.4336697425831622       0.81443910397841446     
   23400.000000000000       -129.62393846912900       -36.197638598025073       -6.5141313771856302E-003  -6.3829149955431297E-003   5.5836306323892363E-004   5671.0200000000114        0.0000000000000000        7.0458635394456408        7.0006716400029170        2.0404247560635958E-002  -7.5263173772348924E-002   2.6090471955387412E-004  -4.5662046395160687E-002   1.0000000000000000       -1.4944047126743802        1.3321794290154714     
   23400.000000000000       -45.180486937718427       -22.940402788528637       -4.1283576332016396E-003  -4.0451987100254610E-003   4.4942017197667180E-004   5671.0200000000114        0.0000000000000000        7.0458635394456408        7.0006716400029170        2.0404247560635958E-002  -7.5263173772348924E-002   2.6090471955387412E-004  -4.5662046395160687E-002   1.0000000000000000      -0.52087549104002617       -5.0850290832843896     
   23400.000000000000       -58.702102098817527       -26.428898296693070       -4.7561477026385156E-003  -4.6603429888614429E-003   4.7808729325866451E-004   5671.0200000000114        0.0000000000000000        7.0458635394456408        7.0006716400029170        2.0404247560635958E-002  -7.5263173772348924E-002   2.6090471955387412E-004  -4.5662046395160687E-002   1.0000000000000000      -0.67676309681994340       -4.3675257008394706     
   23400.000000000000       -175.43834554932758       -43.108715137456855       -7.7578495389029611E-003  -7.6015805159313082E-003   6.1515564585264539E-004   5671.0200000000114        0.0000000000000000        7.0458635394456408        7.0006716400029170        2.0404247560635958E-002  -7.5263173772348924E-002   2.6090471955387412E-004  -4.5662046395160687E-002   1.0000000000000000       -2.0225885239179866        6.7280767913590633     
   23400.000000000000        8.6695416534413834       -9.2569679821048787       -1.6658850666883597E-003  -1.6323285726562171E-003   3.3697494043432365E-004   5671.0200000000114        0.0000000000000000        7.0458635394456408        7.0006716400029170        2.0404247560635958E-002  -7.5263173772348924E-002   2.6090471955387412E-004  -4.5662046395160687E-002   1.0000000000000000        9.9949161062678038E-002  -7.0337092473864287     
   23400.000000000000       -24.987956780890510        17.454639338993253        3.1411389858397591E-003   3.0778659463365000E-003   1.1746917214001284E-004   5671.0200000000114        0.0000000000000000        7.0458635394456408        7.0006716400029170        2.0404247560635958E-002  -7.5263173772348924E-002   2.6090471955387412E-004  -4.5662046395160687E-002   1.0000000000000000      -0.28808043340204359       -5.8366253063423059     
   23400.000000000000       -86.998368903702328       -33.538037948658896       -6.0355093258078170E-003  -5.9139339922375219E-003   5.3650748274624172E-004   5671.0200000000114        0.0000000000000000        7.0458635394456408        7.0006716400029170        2.0404247560635958E-002  -7.5263173772348924E-002   2.6090471955387412E-004  -4.5662046395160687E-002   1.0000000000000000       -1.0029842791394596       -2.5448447459574357     
   23400.000000000000       -95.308477083919570        30.792019488733445        5.5413355148922257E-003   5.4297144938182870E-003   7.8676853552911799E-006   5671.0200000000114        0.0000000000000000        7.0458635394456408        7.0006716400029170        2.0404247560635958E-002  -7.5263173772348924E-002   2.6090471955387412E-004  -4.5662046395160687E-002   1.0000000000000000       -1.0987896139720235       -1.2962332139553319     
   23400.000000000000        19.363729115224292        7.4267111721556978        1.3365118319755259E-003   1.3095900159328802E-003   1.9987484882586436E-004   5671.0200000000114        0.0000000000000000        7.0458635394456408        7.0006716400029170        2.0404247560635958E-002  -7.5263173772348924E-002   2.6090471955387412E-004  -4.5662046395160687E-002   1.0000000000000000       0.22324000016118112       -7.2348473577470962     
   23400.000000000000       -84.258950190737693       -34.795743959782598       -6.2618462501944508E-003  -6.1357117343586393E-003   5.4684282950922094E-004   5671.0200000000114        0.0000000000000000        7.0458635394456408        7.0006716400029170        2.0404247560635958E-002  -7.5263173772348924E-002   2.6090471955387412E-004  -4.5662046395160687E-002   1.0000000000000000      -0.97140214791438728       -2.7849213436888851     
   23400.000000000000       -80.482998200615526        30.358676548299762        5.4633510674339603E-003   5.3533009138214465E-003   1.1428731829633474E-005   5671.0200000000114        0.0000000000000000        7.0458635394456408        7.0006716400029170        2.0404247560635958E-002  -7.5263173772348924E-002   2.6090471955387412E-004  -4.5662046395160687E-002   1.0000000000000000      -0.92787006182355569       -2.5278394836446321     
   23400.000000000000       -82.039868991661834        31.102239210699349        5.5971626932096027E-003   5.4844171261429668E-003   5.3184183796424326E-006   5671.0200000000114        0.0000000000000000        7.0458635394456408        7.0006716400029170        2.0404247560635958E-002  -7.5263173772348924E-002   2.6090471955387412E-004  -4.5662046395160687E-002   1.0000000000000000      -0.94581886876957211       -2.4105736673981712     
   23400.000000000000        12.312407037760499        14.996883127518696        2.6988408836781230E-003   2.6444772064846654E-003   1.3766607227390034E-004   5671.0200000000114        0.0000000000000000        7.0458635394456408        7.0006716400029170        2.0404247560635958E-002  -7.5263173772348924E-002   2.6090471955387412E-004  -4.5662046395160687E-002   1.0000000000000000       0.14194692214182753       -7.0755691733673514     
   23400.000000000000        45.326620594654109       -8.1013995958479370       -1.4579288415049079E-003  -1.4285612810125729E-003   3.2747892159154892E-004   5671.0200000000114        0.0000000000000000        7.0458635394456408        7.0006716400029170        2.0404247560635958E-002  -7.5263173772348924E-002   2.6090471955387412E-004  -4.5662046395160687E-002   1.0000000000000000       0.52256023251744266       -7.6285605089747888     
   23400.000000000000       -8.6103567020575049        21.330810097093334        3.8386951396836388E-003   3.7613709874225959E-003   8.5616283990348302E-005   5671.0200000000114        0.0000000000000000        7.0458635394456408        7.0006716400029170        2.0404247560635958E-002  -7.5263173772348924E-002   2.6090471955387412E-004  -4.5662046395160687E-002   1.0000000000000000       -9.9266831306986061E-002  -6.4746691036206716     
   23400.000000000000        56.789934453694165       -3.3870327984639941       -6.0953082804785321E-004  -5.9725283960627670E-004   2.8873805911025632E-004   5671.0200000000114        0.0000000000000000        7.0458635394456408        7.0006716400029170        2.0404247560635958E-002  -7.5263173772348924E-002   2.6090471955387412E-004  -4.5662046395160687E-002   1.0000000000000000       0.65471815377899134       -7.7031064982284674     
   23400.000000000000        13.795356821780953        18.347683282976629        3.3018512809513279E-003   3.2353409585888591E-003   1.1013047871403470E-004   5671.0200000000114        0.0000000000000000        7.0458635394456408        7.0006716400029170        2.0404247560635958E-002  -7.5263173772348924E-002   2.6090471955387412E-004  -4.5662046395160687E-002   1.0000000000000000       0.15904351072008160       -7.1104736078284825     
   23400.000000000000       -130.28823184389159        39.666582754278146        7.1384029829910361E-003   6.9946116843668448E-003  -6.5060079884100342E-005   5671.0200000000114        0.0000000000000000        7.0458635394456408        7.0006716400029170        2.0404247560635958E-002  -7.5263173772348924E-002   2.6090471955387412E-004  -4.5662046395160687E-002   1.0000000000000000       -1.5020631989198050        2.1202478350280471     
   23400.000000000000       -32.618525601939126        27.956535379807640        5.0310614550679866E-003   4.9297190593239988E-003   3.1168608820292205E-005   5671.0200000000114        0.0000000000000000        7.0458635394456408        7.0006716400029170        2.0404247560635958E-002  -7.5263173772348924E-002   2.6090471955387412E-004  -4.5662046395160687E-002   1.0000000000000000      -0.37605151452512642       -5.5091424407345411     
   23400.000000000000        28.551403635139440        17.660503575859018        3.1781863385607410E-003   3.1141670415302685E-003   1.1577745861134585E-004   5671.0200000000114        0.0000000000000000        7.0458635394456408        7.0006716400029170        2.0404247560635958E-002  -7.5263173772348924E-002   2.6090471955387412E-004  -4.5662046395160687E-002   1.0000000000000000       0.32916259642876372       -7.3984827088093343     
   23400.000000000000       -55.055066276539236        32.167403203817663        5.7888497329768576E-003   5.6722429481499978E-003  -3.4346917517796317E-006   5671.0200000000114        0.0000000000000000        7.0458635394456408        7.0006716400029170        2.0404247560635958E-002  -7.5263173772348924E-002   2.6090471955387412E-004  -4.5662046395160687E-002   1.0000000000000000      -0.63471725571627291       -4.3095803362830365     
   23400.000000000000        52.543078807046179       -18.023930791511354       -3.2435887438141391E-003  -3.1782520237120162E-003   4.0901848629636671E-004   5671.0200000000114        0.0000000000000000        7.0458635394456408        7.0006716400029170        2.0404247560635958E-002  -7.5263173772348924E-002   2.6090471955387412E-004  -4.5662046395160687E-002   1.0000000000000000       0.60575712723287989       -7.6930147191188141     
   23400.000000000000        65.427953044193885        10.758341343748619        1.9360723966565568E-003   1.8970734266055484E-003   1.7249678685838461E-004   5671.0200000000114        0.0000000000000000        7.0458635394456408        7.0006716400029170        2.0404247560635958E-002  -7.5263173772348924E-002   2.6090471955387412E-004  -4.5662046395160687E-002   1.0000000000000000       0.75430389266537767       -7.7316847979392085     
   23400.000000000000       -153.79569845286949        44.427448684785716        7.9951689860138266E-003   7.8341195560561634E-003  -1.0418305444942537E-004   5671.0200000000114        0.0000000000000000        7.0458635394456408        7.0006716400029170        2.0404247560635958E-002  -7.5263173772348924E-002   2.6090471955387412E-004  -4.5662046395160687E-002   1.0000000000000000       -1.7730754000485232        4.8868175317769165     
   23400.000000000000       -89.037668966113017        38.131612856588561        6.8621696163724561E-003   6.7239425811562092E-003  -5.2446284590888499E-005   5671.0200000000114        0.0000000000000000        7.0458635394456408        7.0006716400029170        2.0404247560635958E-002  -7.5263173772348924E-002   2.6090471955387412E-004  -4.5662046395160687E-002   1.0000000000000000       -1.0264949027157484       -1.9060440059167456     
   23400.000000000000       -93.514268704927304        39.053828323684868        7.0281316222770545E-003   6.8865615574772773E-003  -6.0024698431899873E-005   5671.0200000000114        0.0000000000000000        7.0458635394456408        7.0006716400029170        2.0404247560635958E-002  -7.5263173772348924E-002   2.6090471955387412E-004  -4.5662046395160687E-002   1.0000000000000000       -1.0781045963066755       -1.5362727927248476     
   23400.000000000000        99.627593966954478       -3.1253872537496461       -5.6244506448598520E-004  -5.5111554072276943E-004   2.8658795613730853E-004   5671.0200000000114        0.0000000000000000        7.0458635394456408        7.0006716400029170        2.0404247560635958E-002  -7.5263173772348924E-002   2.6090471955387412E-004  -4.5662046395160687E-002   1.0000000000000000        1.1485837237701610       -7.6594717963054748     
   23400.000000000000        94.942268047090110       -11.056663433271481       -1.9897584756146049E-003  -1.9496780884693510E-003   3.5176414903399019E-004   5671.0200000000114        0.0000000000000000        7.0458635394456408        7.0006716400029170        2.0404247560635958E-002  -7.5263173772348924E-002   2.6090471955387412E-004  -4.5662046395160687E-002   1.0000000000000000        1.0945676738201879       -7.6793712809802912     
   23400.000000000000        94.664822707045502       -12.972076982109787       -2.3344565272564277E-003  -2.2874327690802997E-003   3.6750428468307176E-004   5671.0200000000114        0.0000000000000000        7.0458635394456408        7.0006716400029170        2.0404247560635958E-002  -7.5263173772348924E-002   2.6090471955387412E-004  -4.5662046395160687E-002   1.0000000000000000        1.0913690700085088       -7.6791365440795758     
   23400.000000000000        92.693237266512369        10.743409380134148        1.9333852386962218E-003   1.8944403969892764E-003   1.7261949202194651E-004   5671.0200000000114        0.0000000000000000        7.0458635394456408        7.0006716400029170        2.0404247560635958E-002  -7.5263173772348924E-002   2.6090471955387412E-004  -4.5662046395160687E-002   1.0000000000000000        1.0686391128063935       -7.7003475220454005     
   23400.000000000000        92.150330212899391       -16.651992137657491       -2.9966944993611083E-003  -2.9363310546704924E-003   3.9774441938430209E-004   5671.0200000000114        0.0000000000000000        7.0458635394456408        7.0006716400029170        2.0404247560635958E-002  -7.5263173772348924E-002   2.6090471955387412E-004  -4.5662046395160687E-002   1.0000000000000000        1.0623800616693491       -7.6884213158789034     
   23400.000000000000        49.893690612590227       -27.194338491282355       -4.8938964117271012E-003  -4.7953169784769410E-003   4.8437738789718369E-004   5671.0200000000114        0.0000000000000000        7.0458635394456408        7.0006716400029170        2.0404247560635958E-002  -7.5263173772348924E-002   2.6090471955387412E-004  -4.5662046395160687E-002   1.0000000000000000       0.57521293724561318       -7.6900388160406363     
   23400.000000000000       -108.62941160023865        43.436349281161910        7.8168106186420928E-003   7.6593539224269749E-003  -9.6038578775112747E-005   5671.0200000000114        0.0000000000000000        7.0458635394456408        7.0006716400029170        2.0404247560635958E-002  -7.5263173772348924E-002   2.6090471955387412E-004  -4.5662046395160687E-002   1.0000000000000000       -1.2523636185387419      -0.21269070277351373     
   23400.000000000000        17.747509100039750       -33.574537416228253       -6.0420777743628307E-003  -5.9203701302813581E-003   5.3680742140492434E-004   5671.0200000000114        0.0000000000000000        7.0458635394456408        7.0006716400029170        2.0404247560635958E-002  -7.5263173772348924E-002   2.6090471955387412E-004  -4.5662046395160687E-002   1.0000000000000000       0.20460696959649372       -7.3401005089006164     
   23400.000000000000        5.6396624003561415        31.339686012550111        5.6398936481076604E-003   5.5262873367665864E-003   3.3671714163752316E-006   5671.0200000000114        0.0000000000000000        7.0458635394456408        7.0006716400029170        2.0404247560635958E-002  -7.5263173772348924E-002   2.6090471955387412E-004  -4.5662046395160687E-002   1.0000000000000000        6.5018376763732635E-002  -6.9262147674554333     
   23400.000000000000        132.10158116994549        2.6256728835032694        4.7251640656988336E-004   4.6299834659431006E-004   2.3932794445926219E-004   5671.0200000000114        0.0000000000000000        7.0458635394456408        7.0006716400029170        2.0404247560635958E-002  -7.5263173772348924E-002   2.6090471955387412E-004  -4.5662046395160687E-002   1.0000000000000000        1.5229688881820180       -7.4092728099245431     
   23400.000000000000       -26.458868766909177        36.316596220961344        6.5355390052557897E-003   6.4038914024216577E-003  -3.7531172359674104E-005   5671.0200000000114        0.0000000000000000        7.0458635394456408        7.0006716400029170        2.0404247560635958E-002  -7.5263173772348924E-002   2.6090471955387412E-004  -4.5662046395160687E-002   1.0000000000000000      -0.30503824096286719       -5.8271588639938834     
   23400.000000000000        23.563322702568101       -34.942779733519565       -6.2883068256453858E-003  -6.1616393053664942E-003   5.4805111323744820E-004   5671.0200000000114        0.0000000000000000        7.0458635394456408        7.0006716400029170        2.0404247560635958E-002  -7.5263173772348924E-002   2.6090471955387412E-004  -4.5662046395160687E-002   1.0000000000000000       0.27165615324496006       -7.4421766174155310     
   23400.000000000000        123.90952835216343        11.995724882124767        2.1587520864136903E-003   2.1152676030281579E-003   1.6232844240045093E-004   5671.0200000000114        0.0000000000000000        7.0458635394456408        7.0006716400029170        2.0404247560635958E-002  -7.5263173772348924E-002   2.6090471955387412E-004  -4.5662046395160687E-002   1.0000000000000000        1.4285245865973495       -7.4864012047443538     
   23400.000000000000        59.704498708597335       -30.776294203332011       -5.5385055906480990E-003  -5.4269415737084247E-003   5.1381252937399884E-004   5671.0200000000114        0.0000000000000000        7.0458635394456408        7.0006716400029170        2.0404247560635958E-002  -7.5263173772348924E-002   2.6090471955387412E-004  -4.5662046395160687E-002   1.0000000000000000       0.68831949786218238       -7.7335520402611850     
   23400.000000000000        79.947403876980260       -28.070423432040176       -5.0515567625871623E-003  -4.9498015228371826E-003   4.9157671872368275E-004   5671.0200000000114        0.0000000000000000        7.0458635394456408        7.0006716400029170        2.0404247560635958E-002  -7.5263173772348924E-002   2.6090471955387412E-004  -4.5662046395160687E-002   1.0000000000000000       0.92169531747637012       -7.7258813948916547     
   23400.000000000000        56.120635210664268        28.061502382125298        5.0499513293760824E-003   4.9482284284176814E-003   3.0306030158801906E-005   5671.0200000000114        0.0000000000000000        7.0458635394456408        7.0006716400029170        2.0404247560635958E-002  -7.5263173772348924E-002   2.6090471955387412E-004  -4.5662046395160687E-002   1.0000000000000000       0.64700195602427280       -7.6961105487128805     
   23400.000000000000        49.624195009913763        29.567048471249525        5.3208895838814003E-003   5.2137090807737345E-003   1.7934028465939182E-005   5671.0200000000114        0.0000000000000000        7.0458635394456408        7.0006716400029170        2.0404247560635958E-002  -7.5263173772348924E-002   2.6090471955387412E-004  -4.5662046395160687E-002   1.0000000000000000       0.57210598413617153       -7.6543490939535204     
   23400.000000000000        75.328459766138266       -30.765510409447661       -5.5365649378091878E-003  -5.4250400121049827E-003   5.1372391228206359E-004   5671.0200000000114        0.0000000000000000        7.0458635394456408        7.0006716400029170        2.0404247560635958E-002  -7.5263173772348924E-002   2.6090471955387412E-004  -4.5662046395160687E-002   1.0000000000000000       0.86844456820627480       -7.7352821592885910     
   23400.000000000000        129.63518348932004       -21.219305022020794       -3.8186286730195651E-003  -3.7417087264761456E-003   4.3527684907567480E-004   5671.0200000000114        0.0000000000000000        7.0458635394456408        7.0006716400029170        2.0404247560635958E-002  -7.5263173772348924E-002   2.6090471955387412E-004  -4.5662046395160687E-002   1.0000000000000000        1.4945343539379159       -7.3987703774799947     
   23400.000000000000        168.04199904470624        4.8502253761419123        8.7284713956097167E-004   8.5526508038093717E-004   2.2104742325595802E-004   5671.0200000000114        0.0000000000000000        7.0458635394456408        7.0006716400029170        2.0404247560635958E-002  -7.5263173772348924E-002   2.6090471955387412E-004  -4.5662046395160687E-002   1.0000000000000000        1.9373177382620546       -7.1016103330278586     
   23400.000000000000        80.105833278746985       -31.831857410177356       -5.7284648717678653E-003  -5.6130744399027497E-003   5.2248674391738143E-004   5671.0200000000114        0.0000000000000000        7.0458635394456408        7.0006716400029170        2.0404247560635958E-002  -7.5263173772348924E-002   2.6090471955387412E-004  -4.5662046395160687E-002   1.0000000000000000       0.92352181378116160       -7.7222697957188862     
   23400.000000000000        163.80851090645058        10.350508867256014        1.8626788153443012E-003   1.8251582373640003E-003   1.7584819810113569E-004   5671.0200000000114        0.0000000000000000        7.0458635394456408        7.0006716400029170        2.0404247560635958E-002  -7.5263173772348924E-002   2.6090471955387412E-004  -4.5662046395160687E-002   1.0000000000000000        1.8885108226600642       -7.1349420450276773     
   23400.000000000000        19.594771272812523        36.388101149202953        6.5484070407056906E-003   6.4165002326217998E-003  -3.8118772500011079E-005   5671.0200000000114        0.0000000000000000        7.0458635394456408        7.0006716400029170        2.0404247560635958E-002  -7.5263173772348924E-002   2.6090471955387412E-004  -4.5662046395160687E-002   1.0000000000000000       0.22590363230508900       -7.2604772073514949     
   23400.000000000000        176.68510113389402       -17.417914877385385       -3.1345300473306294E-003  -3.0713901339415751E-003   4.0403847939413388E-004   5671.0200000000114        0.0000000000000000        7.0458635394456408        7.0006716400029170        2.0404247560635958E-002  -7.5263173772348924E-002   2.6090471955387412E-004  -4.5662046395160687E-002   1.0000000000000000        2.0369620836410842       -7.0303374435647665     
   23400.000000000000        192.17865240959270        17.965101001499281        3.2330017277580202E-003   3.1678782655499794E-003   1.1327439351564025E-004   5671.0200000000114        0.0000000000000000        7.0458635394456408        7.0006716400029170        2.0404247560635958E-002  -7.5263173772348924E-002   2.6090471955387412E-004  -4.5662046395160687E-002   1.0000000000000000        2.2155836894641516       -6.9854667577037102     
