   3.7061121323529386E-002   7.8456001998873930E-004   2.7786461200812284E-003   2.5751721910176318E-004  -7.6955737946215639E-004  -3.4421736562879117E-005
   3.6985581341911773E-002   5.6317394962274278E-004   3.0066768595337755E-003   3.8586655964894693E-004  -8.0426249963562230E-004  -5.1632604844321861E-005
   3.7254997702205903E-002   2.8417361149749003E-003   2.8471186251934066E-003  -6.4170042952859264E-004  -7.9113083254295745E-004   3.7725045022765351E-005
   3.7504308363970618E-002   2.8141947289985047E-003   2.5668319713414473E-003  -5.7675865640616610E-004  -7.5652993194958774E-004   2.7794079461840308E-005
   3.7615176930147085E-002   3.7232306135165480E-003   2.5983691419324104E-003  -1.0188357327424202E-003  -7.6757720744024226E-004   6.4551276146036077E-005
   3.7707663143382392E-002   3.9491182727789537E-003   2.4778657296259405E-003  -1.1448087320922006E-003  -7.5194427042516462E-004   7.3893116631315857E-005
   3.8281250000000031E-002   4.0286218471559665E-003   2.0576587470602491E-003  -1.2467192949980738E-003  -7.1036065796506237E-004   8.1762144427478448E-005
   3.8167221966911802E-002   3.4851872812622421E-003   2.1508499008507133E-003  -1.1536760428177229E-003  -7.2026151807461070E-004   7.7112264366107852E-005
   3.8838177849264743E-002   4.9951004542250210E-003   1.5329158277809670E-003  -1.9155809910083228E-003  -6.5022596024706897E-004   1.4627134021096623E-004
   3.8868623621323574E-002   6.0014581791406861E-003   1.3672502550155514E-003  -2.3413905462231735E-003  -6.2375418690153984E-004   1.8016707224201731E-004
   3.8770680147058825E-002   6.3879985038802958E-003   1.3619525407304264E-003  -2.6117571528435652E-003  -6.1781367083581402E-004   2.0619377647690743E-004
   3.8988970588235340E-002   6.5506156866917114E-003   1.0935671608356806E-003  -2.8562869022267846E-003  -5.8362964856284287E-004   2.3438761938293236E-004
   3.9143210018382384E-002   7.4945224286135700E-003   7.2952358386567753E-004  -3.2516861112654701E-003  -5.2995656481108413E-004   2.6455923932863919E-004
   3.9201516544117680E-002   7.8490905251580347E-003   7.2594556750546816E-004  -3.4821486213108478E-003  -5.3235361515339529E-004   2.8612542513362186E-004
   3.9447380514705921E-002   8.2178733681936879E-003   4.7872693683652698E-004  -3.6194845505319140E-003  -5.0317213272525090E-004   2.9454149764288323E-004
   3.9744083180147105E-002   8.2109364211209960E-003   2.0926674573872359E-004  -3.6362808029608710E-003  -4.7284423491600265E-004   2.9462565836797393E-004
   3.9312959558823572E-002   7.7901993077605959E-003   7.6346551896148561E-004  -3.5024550006908170E-003  -5.4444308644505308E-004   2.8233819250445685E-004
   3.8985236672794119E-002   8.5358730863284854E-003   7.6896815052277369E-004  -3.7816739852487417E-003  -5.2849749068967851E-004   3.0142163691920413E-004
   3.9103285845588254E-002   8.4512429558649613E-003   6.1913545082571437E-004  -3.7408897759603345E-003  -5.0921686837108245E-004   2.9473085927434584E-004
   3.9003044577205902E-002   8.4938114171057254E-003   7.2783602982718200E-004  -3.8340924955677464E-003  -5.2245275504384815E-004   3.0180036018212319E-004
   3.8782743566176503E-002   1.0034653959096767E-002   7.0927494439655518E-004  -4.3431951141927900E-003  -5.0796623340987660E-004   3.3647457892027691E-004
   3.8901654411764700E-002   9.2772650380452612E-003   5.9797271958576044E-004  -4.0506953504635922E-003  -4.9525144463761670E-004   3.1038475414156433E-004
   3.9408605238970607E-002   8.8343253712544496E-003   1.3400183562156594E-004  -3.8679318523158184E-003  -4.4282899584705969E-004   2.9189043480246926E-004
   3.8973747702205880E-002   9.8860756413548662E-003   3.5374949733518182E-004  -4.3477864856063756E-003  -4.5762817622133393E-004   3.3216134175928513E-004
   3.8701459099264687E-002   1.1337156777258616E-002   6.8043585127432942E-004  -5.0630391919008651E-003  -4.9889912994113546E-004   3.9879559585136214E-004
   3.9237994025735287E-002   1.0346902991214536E-002   2.4168184622905494E-006  -4.5812353688911662E-003  -4.1177156097710940E-004   3.4979301366618731E-004
   3.9071691176470587E-002   1.1066876378308645E-002   3.3927872145504778E-005  -4.8756387865539720E-003  -4.0854075399399310E-004   3.7323177560448392E-004
   3.8688531120676876E-002   1.2077911176170665E-002   5.9490519942720192E-004  -5.5746848942409642E-003  -4.8375691527055293E-004   4.4777523472329064E-004
   3.8591827473765834E-002   1.1423810750652737E-002   7.2643870964282740E-004  -5.4594835163743853E-003  -5.0103955920681930E-004   4.4623158323290311E-004
   3.8853937657035140E-002   1.0994923385104334E-002   2.3824737695400105E-004  -5.2665251039979424E-003  -4.3190898346175718E-004   4.2593150883870191E-004
   3.8842679620529078E-002   1.0692984490993613E-002   2.1980805264627172E-005  -5.0995244887849615E-003  -3.9472511317464182E-004   4.0852842422784108E-004
   3.8257401682263784E-002   1.1955363848814508E-002   7.3211962884635025E-004  -5.7891212308936960E-003  -4.8477895592206156E-004   4.7722956615017727E-004
   3.8724503769310782E-002   1.1680234716437383E-002   2.4000362690404786E-005  -5.5605095392670979E-003  -3.8898116007209625E-004   4.4881469507724025E-004
   3.9045733101298899E-002   1.1143904644628042E-002  -1.8616021698478934E-004  -5.2629024541773449E-003  -3.6995305768672726E-004   4.2077158457789549E-004
   3.9062354200880861E-002   1.1090192193797751E-002  -5.2316316759599610E-004  -5.1320720660481120E-003  -3.1376971044472799E-004   4.0024405746774195E-004
   3.9259432739441963E-002   1.0528775956150233E-002  -4.6243410741870393E-004  -4.9886768858386108E-003  -3.3419745352229399E-004   3.9617042861866952E-004
   3.8974249228512579E-002   1.1344278188012275E-002   2.1078291082316783E-004  -5.4994074757168500E-003  -4.3345625360973486E-004   4.5349766879893022E-004
   3.9369815081149055E-002   1.0254245551504573E-002  -2.2287434168376030E-004  -5.0600936987565386E-003  -3.8042846725807179E-004   4.1512386668416101E-004
   3.9300357594209509E-002   9.3318432841004995E-003  -9.4784703702677773E-005  -4.8176528888889238E-003  -3.9853133182184342E-004   4.0241538370456513E-004
   3.9630366306678919E-002   7.6639189010329848E-003  -9.0652037885211761E-004  -3.8844834574380820E-003  -2.7813600439323275E-004   3.0624422180185624E-004
   3.9461756765860799E-002   7.6006940616838107E-003  -6.7929729924927644E-004  -3.9409741277044129E-003  -3.0791156571055844E-004   3.1748642119035258E-004
   3.9334679184173660E-002   8.0231735126911480E-003   2.4999737611190035E-005  -4.3887120506225057E-003  -4.2057287694527830E-004   3.7730945179418837E-004
   3.9392731919156578E-002   6.8340868344687628E-003  -2.7741003112511287E-004  -3.8608082940323868E-003  -3.7237821397816362E-004   3.2961837424170273E-004
   3.9261418081195196E-002   7.6030378317035567E-003  -1.1876567618963526E-005  -4.1918822680160365E-003  -4.1055862245977122E-004   3.6211494961392501E-004
   3.8710191939142671E-002   7.3445433966112510E-003   4.1000339310052136E-004  -4.1287050428663605E-003  -4.5357691722465806E-004   3.5815312824653242E-004
   3.8333439260012460E-002   7.3167902590506699E-003   5.0039738760213591E-004  -4.1116084323322144E-003  -4.4947465715687709E-004   3.5495233471242391E-004
   3.8029103762515594E-002   6.2401998326833009E-003   5.6941270549891899E-004  -3.5960848168620947E-003  -4.4548326898281420E-004   3.0606748800969172E-004
   3.7882741610607000E-002   6.0156069831265382E-003   4.8096786155850060E-004  -3.4724248973478458E-003  -4.2297627455684946E-004   2.9100361354497548E-004
   3.7624850887828513E-002   5.3381457639809816E-003   4.9916848236889800E-004  -3.1064103790617390E-003  -4.1277606033424753E-004   2.5474287560613303E-004
   3.7660906699780977E-002   3.9002358218902904E-003   2.3534496967794904E-004  -2.4609844523197054E-003  -3.6997950935680255E-004   1.9511410655115167E-004
   3.7311660752201992E-002   4.2852180092750186E-003   6.9937125398150083E-004  -2.9289593462629329E-003  -4.3053275736706920E-004   2.5321351847718362E-004
   3.7332856981362010E-002   3.0211775264359806E-003   3.7220192525661678E-004  -2.2369214841899600E-003  -3.7624940388157103E-004   1.8394969178331790E-004
   3.6787898857738241E-002   2.3464006216592833E-003   9.2392939011329961E-004  -2.0611848402619006E-003  -4.4156777173065716E-004   1.7422845294908797E-004
   3.6021183177662980E-002   3.5244717795806339E-003   2.0707732355424789E-003  -2.7947549268532049E-003  -5.9619233308306856E-004   2.5713376129985784E-004
   3.6078317517885504E-002   2.7708425640841344E-003   1.9415548120229359E-003  -2.3088522702867697E-003  -5.7726380394049345E-004   2.0709224908262700E-004
   3.5006393861892526E-002   3.4392166853038850E-003   3.0442182111316391E-003  -2.6802082032790437E-003  -7.0869314468346067E-004   2.4685621376350472E-004
   3.4288020999840130E-002   3.4894850176645752E-003   3.4655891867157833E-003  -2.8059508144781713E-003  -7.4301763682525464E-004   2.6256774043161295E-004
   3.3838452585517834E-002   3.8802747812463727E-003   3.6666282330417178E-003  -2.9837279397141587E-003  -7.5389272344444382E-004   2.7601516063662662E-004
   3.3851564997602245E-002   3.6360718500492491E-003   3.5997244019966420E-003  -2.8107636929210738E-003  -7.4324420112982493E-004   2.5776509035839570E-004
   3.3283048273657245E-002   4.4288349209668718E-003   3.8041590830661404E-003  -3.1365681907331612E-003  -7.4856846228713286E-004   2.8333348455772514E-004
   3.2811625839194350E-002   2.9877812139203139E-003   4.0024772542212369E-003  -2.5520395149999705E-003  -7.5785759877435011E-004   2.3459802119567082E-004
   3.2499425551470569E-002   3.0926355123639341E-003   4.2206189444776877E-003  -2.5928924728243329E-003  -7.7870151479445080E-004   2.3617603479115360E-004
   3.2588714833759622E-002   1.2895122840752274E-003   3.8440768985730958E-003  -1.6588517950864160E-003  -7.1956823130263792E-004   1.4469698577744054E-004
   3.2278387747762163E-002   1.4902681167081929E-003   4.0067660173314801E-003  -1.7761683622500458E-003  -7.3112301083552125E-004   1.5558299261007422E-004
   3.1792900946239183E-002   1.0647832182312175E-003   4.8035997361409507E-003  -1.6618917638459682E-003  -8.4098936576185992E-004   1.5304144968686050E-004
   3.1317960713998720E-002   1.1435797324526823E-003   4.9716591282422621E-003  -1.6793166742575414E-003  -8.4497590707718168E-004   1.5386926009760610E-004
   3.0975488940453235E-002   1.0947396283876813E-003   5.0657656253073648E-003  -1.5549632099590744E-003  -8.4326738937061667E-004   1.3758898868625015E-004
   3.0361488217213111E-002   7.2113407057172556E-004   5.6159793799683555E-003  -1.4018702488054744E-003  -9.0477402680698242E-004   1.2455097471698699E-004
   2.9780421784098236E-002   1.6579089450158924E-003   6.4883141253637214E-003  -1.8073705743549893E-003  -1.0224971550959775E-003   1.6272614923127502E-004
   2.9605877807853846E-002   1.7993747252773064E-003   6.5326245611392339E-003  -1.8339242358031784E-003  -1.0210083039516886E-003   1.6235621197812115E-004
   2.9056995394311523E-002   2.0984262457693368E-003   6.8139829133591068E-003  -2.0401938283199704E-003  -1.0403633688274958E-003   1.8402066236597502E-004
   2.9194294905462194E-002   2.1919261090155955E-003   6.5008692271650761E-003  -1.9710265158175352E-003  -9.9443803737660945E-004   1.7167400654194602E-004
   2.9245936332060365E-002   1.8081076502198664E-003   6.9098644933448632E-003  -1.8498742020217256E-003  -1.0663217701001803E-003   1.6721713127863669E-004
   2.8664188180451699E-002   1.5475188645696575E-003   7.1106816480212423E-003  -1.7374145517911371E-003  -1.0703523615957777E-003   1.5624368866987406E-004
   2.8087518026893035E-002   7.1653281647485450E-004   7.5603386573410494E-003  -1.2939768520860090E-003  -1.1167617436736834E-003   1.1388434029452953E-004
   2.8048163542005167E-002   8.6677860780586848E-004   7.4661712772920354E-003  -1.2817945245610449E-003  -1.0987968215790090E-003   1.0828137489471665E-004
   2.7764113026080554E-002   1.1004050879351041E-004   7.3491590950722635E-003  -7.5531968647369902E-004  -1.0643640542308862E-003   4.9578106701661658E-005
   2.7260756469369443E-002  -2.1882644529175668E-005   7.8983001010185915E-003  -8.0753932314265404E-004  -1.1313870328148617E-003   6.2178966646468531E-005
   2.7047589869281019E-002   2.9953085817541799E-004   8.2407817417297583E-003  -8.8881121606286518E-004  -1.1783760523364174E-003   6.9081928513522916E-005
   2.6333997140522834E-002   5.3256120223678588E-004   8.8547210440226599E-003  -9.8502118203861897E-004  -1.2455397817345241E-003   7.6913551542976655E-005
   2.5961846290482392E-002   1.8759760354688289E-003   9.9929519143641017E-003  -1.7573834536350433E-003  -1.4190256984920979E-003   1.6226944298756581E-004
   2.5679140160277496E-002   2.0406774172485893E-003   1.0303131389402401E-002  -1.8646381152243375E-003  -1.4569663096747551E-003   1.7356967517696487E-004
   2.5544564296926552E-002   2.3074513734721927E-003   1.0263129857679142E-002  -1.7692099565701593E-003  -1.4432655334143487E-003   1.5229308737265115E-004
   2.5480019518340977E-002   2.0140687278895810E-003   1.0244024109442270E-002  -1.5882091964683899E-003  -1.4367078969136423E-003   1.3283682985826360E-004
   2.5564573178288051E-002   1.3839365237535385E-003   1.0073006895604713E-002  -1.2266095296241133E-003  -1.4121167600359978E-003   9.5531879241369657E-005
   2.5536496199603378E-002   8.9839828697664981E-004   9.7141714182925540E-003  -7.8229767011474315E-004  -1.3499363139310838E-003   4.4231661979856501E-005
   2.5355048358121551E-002   1.9337909771149978E-003   1.0200777895144031E-002  -1.3756541818373102E-003  -1.4229525623950174E-003   1.1218242106095596E-004
   2.5449049026570750E-002   1.1586412253768007E-003   1.0015439168058336E-002  -8.3447825584595113E-004  -1.3964239420057964E-003   5.4584924825696274E-005
   2.5551634716386440E-002   1.6699262301180092E-003   1.0033834694210184E-002  -1.0949561856750498E-003  -1.4048203857090894E-003   8.2609763158768095E-005
   2.5060891544117555E-002   1.7313870189179736E-003   1.0293633064439580E-002  -1.0440443857617633E-003  -1.4235203560814087E-003   7.3881093670595158E-005
   2.5338268119747820E-002   1.2480927591411548E-004   9.7483005508956309E-003  -1.2650921021958330E-004  -1.3455045561204552E-003  -1.9056392753111312E-005
   2.5585739414300118E-002  -1.2165929749344425E-004   9.8591834734865422E-003   3.8254382679038241E-005  -1.3770161761555743E-003  -3.2503452449559579E-005
   2.5250333379377651E-002   1.2358434548158433E-003   1.0454240497397229E-002  -5.6795542463628315E-004  -1.4604596996396768E-003   2.4944168665453535E-005
   2.5384150002125037E-002   3.4979844768402127E-004   1.0321695739038730E-002  -1.0745394670719585E-004  -1.4449171264223728E-003  -1.7963206786388140E-005
   2.5619242232658910E-002   5.7498679752094998E-004   1.0025219482332332E-002  -1.2369768278425004E-004  -1.4068438462931676E-003  -2.1076667136632449E-005
   2.5043133447381818E-002   1.8392912739787002E-003   1.0471724541990947E-002  -6.7246000452159680E-004  -1.4527486555628692E-003   2.6841433566390156E-005
   2.5306782078799633E-002   1.8344905305124569E-003   1.0176525679615994E-002  -4.9237141275131199E-004  -1.4163621663254714E-003   2.7972495334207610E-007
   2.5104736662106612E-002   1.3556068584917676E-003   1.0667920509570683E-002  -4.5097405542035009E-004  -1.4891281398547130E-003   1.2183732876777745E-005
   2.4769753013850766E-002   8.2071962020923632E-004   1.0867934441368301E-002  -1.9920502076229332E-004  -1.5057305613358440E-003  -8.4160725092588599E-006
   2.4783112281976633E-002   1.1574716958875195E-003   1.0789406179244414E-002  -2.1897435140471688E-004  -1.4931272632771756E-003  -1.4238820349968245E-005
   2.4555670742133946E-002   1.3061814957889583E-003   1.0986771043655983E-002  -3.1649557498648255E-004  -1.5148194782050725E-003  -3.9389176569508845E-006
   2.4509247285396558E-002   1.1364156323115373E-003   1.0938604270787970E-002  -2.8991881375396218E-004  -1.5042763346367679E-003  -2.3242060708719403E-006
   2.5102398790184548E-002   9.2610569639726211E-004   1.0368629623830351E-002  -2.1077803862563221E-004  -1.4383513909452814E-003  -8.0001619492074164E-006
   2.4818180360806977E-002   4.2359858760255284E-004   1.0536013773222356E-002   2.7397357160797704E-005  -1.4520453590282558E-003  -2.9798768361280358E-005
   2.5053971443228368E-002   6.7016619477320248E-004   1.0517255386000320E-002  -1.4137830309436666E-004  -1.4610130903392256E-003  -1.0666882598941954E-005
   2.5555277979651056E-002  -6.3952803728066412E-004   9.9301178659518298E-003   5.7702277768172257E-004  -1.3874534564775900E-003  -8.0857905939267575E-005
   2.5438718365252976E-002  -1.0505596883071695E-003   9.8961308453175932E-003   7.9852451309755631E-004  -1.3756984573267174E-003  -1.0170236459593062E-004
   2.5701196734176118E-002  -1.1442735434720568E-003   9.7230051920207256E-003   8.1897927453603459E-004  -1.3599131525044719E-003  -9.7830690820378634E-005
   2.5430498486159116E-002  -5.3708642165280250E-004   1.0094225020873676E-002   5.5255566523090903E-004  -1.4088035004174643E-003  -6.9160313502578927E-005
   2.6054957828719649E-002  -6.6642419106070858E-004   9.5159375955118624E-003   7.1534170657842476E-004  -1.3430838593187933E-003  -8.9482653297005463E-005
   2.5824840506055293E-002  -1.1228003569797853E-003   9.6924429849254180E-003   8.6816843505754674E-004  -1.3611077161126443E-003  -9.9977990779141098E-005
   2.5977238321799254E-002  -1.5419265902249547E-003   9.5642148767309480E-003   1.1278189281746652E-003  -1.3472526425228116E-003  -1.2710744804429080E-004
   2.5741242549164520E-002  -7.4332895040086274E-004   1.0122893230723915E-002   7.7978551912673733E-004  -1.4296582990947352E-003  -9.1369165895667645E-005
   2.5864630014357761E-002  -1.7356658022406306E-003   9.9505406596994521E-003   1.2140419892873043E-003  -1.4068409945756826E-003  -1.2714992387143122E-004
   2.6118943671218458E-002  -6.6957894606069733E-004   1.0165642805247977E-002   7.0712457296310692E-004  -1.4563445609759164E-003  -7.4893026198488287E-005
   2.6376077774859924E-002  -1.1584203065272960E-003   9.9232051950228200E-003   8.8449312959324670E-004  -1.4285526729491136E-003  -8.6490173733570994E-005
   2.6168182116596574E-002  -6.3698433064414113E-004   9.9630023877675666E-003   6.1325189702746933E-004  -1.4245824032310019E-003  -6.0440425490618532E-005
   2.6096376050420072E-002  -1.2819384271874415E-003   9.8836902179478513E-003   8.2476044140165959E-004  -1.4074606150716342E-003  -7.4742739189393625E-005
   2.6502593224789844E-002  -8.3765881390113813E-004   9.4932663638361472E-003   5.7604941481859432E-004  -1.3622987970280801E-003  -4.8166986414616315E-005
   2.6503960959383756E-002  -1.3766726889536604E-003   9.6130693072837108E-003   8.1420872799455794E-004  -1.3826464293334114E-003  -6.8280397798355024E-005
   2.6746049982492928E-002   4.5460903745043416E-006   9.3664128119623526E-003   2.7319605829307422E-004  -1.3533656901623212E-003  -2.2668290538338251E-005
   2.6648598892682004E-002  -8.2333530283085427E-004   9.6299041894790730E-003   5.3186534944903163E-004  -1.3929443164147760E-003  -3.8473474328050106E-005
   2.7020280768557361E-002  -1.3995797038878371E-003   9.2785767722542607E-003   7.6234713780273691E-004  -1.3526212645901736E-003  -5.7935642005720864E-005
   2.6950184370623190E-002  -6.0804322281161199E-004   9.3343574168687458E-003   4.1904027925258717E-004  -1.3584525982386544E-003  -2.9205775433923187E-005
   2.6989164806547540E-002  -1.3469993534022851E-003   9.3063702324036948E-003   7.3545868220818939E-004  -1.3557230378074521E-003  -5.4303705952614242E-005
   2.6731346835609165E-002  -1.1088005687660153E-003   9.4713133330546692E-003   6.8740073911189052E-004  -1.3703634073929999E-003  -5.3201601219258197E-005
   2.6633211878501289E-002  -9.8055732440106413E-004   9.6690388928974916E-003   6.6830415258621709E-004  -1.3987756500632614E-003  -5.1698731128316816E-005
   2.6411638874299644E-002  -1.3464402414114112E-003   9.6602184573900927E-003   7.0316005382779062E-004  -1.3858722734793848E-003  -4.6238303131237187E-005
   2.6563799347864101E-002  -1.7367820726584635E-003   9.6263836685824070E-003   8.7323691516616659E-004  -1.3879814792671307E-003  -5.9438512096656776E-005
   2.6829139859068547E-002  -1.0603045723705873E-003   9.3755848212277414E-003   6.3398068731800906E-004  -1.3591970238108024E-003  -4.2481127903889440E-005
   2.6509089964110538E-002  -1.0695588884428323E-003   9.7368591449805281E-003   7.3572819225568614E-004  -1.4038625581395941E-003  -5.6207341401136994E-005
   2.6720746892506926E-002  -1.0739756154823799E-003   9.5837619274824482E-003   8.5672723004925812E-004  -1.3888499757679698E-003  -7.1987477356001936E-005
   2.7011048560048958E-002  -1.8960585639159885E-003   9.4287274668279457E-003   1.2188190266987870E-003  -1.3775595212570811E-003  -1.0212002267934307E-004
   2.7042164522058730E-002  -2.3523582729347752E-003   9.5651356932819967E-003   1.4692493869237202E-003  -1.4022496360666093E-003  -1.2624108763892343E-004
   2.7399143251050358E-002  -1.6995417372896856E-003   9.1896931862467685E-003   1.3113603932303785E-003  -1.3570878180230526E-003  -1.2002922459637367E-004
   2.7313659838935505E-002  -1.6907733159150845E-003   9.2259650747784014E-003   1.3967399911380546E-003  -1.3588248110247274E-003  -1.3212732882843871E-004
   2.7672348236169431E-002  -1.6426134448319345E-003   9.1263596849803525E-003   1.4998846466966103E-003  -1.3604377330977099E-003  -1.4931014353484887E-004
   2.7749625240721207E-002  -1.5158399272772391E-003   9.0749916497778020E-003   1.4398282391889740E-003  -1.3557230378074526E-003  -1.4435067223474602E-004
   2.7782450870973332E-002  -1.3482905490587848E-003   9.0767327769603629E-003   1.4204553390234158E-003  -1.3577081726665076E-003  -1.4482658109687710E-004
   2.8143532803746402E-002  -1.5271210142157269E-003   8.8026678784626430E-003   1.5283284913030785E-003  -1.3299162846397094E-003  -1.5507114555011789E-004
   2.8266628917191772E-002  -1.3970369667506604E-003   8.7124353972203011E-003   1.4772374628187152E-003  -1.3209831777739524E-003  -1.4986119590152536E-004
   2.8508376006652621E-002  -1.3221891026009985E-003   8.6146907175156870E-003   1.4868599371858149E-003  -1.3168888371271406E-003  -1.5276674474400801E-004
   2.8503247001925712E-002  -7.9288891371025443E-004   8.5964591069211758E-003   1.3357585145341395E-003  -1.3135389220524836E-003  -1.4347399801503081E-004
   2.8614717371323439E-002   2.3611391973209651E-004   8.6666351423488192E-003   9.7100673272522615E-004  -1.3311569939266205E-003  -1.1875178501907488E-004
   2.9426467852766015E-002   2.1290088173115101E-004   8.1015102220573822E-003   1.0305897418839203E-003  -1.2773102108746891E-003  -1.2694242701469555E-004
   3.0063832173494325E-002   9.8197192306084726E-004   7.6554181312674325E-003   7.2403654791478999E-004  -1.2346298114049568E-003  -9.9690382698993795E-005
   3.0018354998249210E-002   6.9661114199311928E-004   7.7213011401940524E-003   8.3214519227990734E-004  -1.2434388473420250E-003  -1.0900817726281957E-004
   2.9978690695027947E-002   8.7064193075179781E-004   7.7304372745861435E-003   8.0003267507235674E-004  -1.2429425636272578E-003  -1.0595234141123922E-004
   3.0180431547619038E-002  -1.8194084388186045E-004   7.5678953987858427E-003   1.2334452140732783E-003  -1.2258207754678855E-003  -1.4121969287862195E-004
   3.0502874978116164E-002   4.7463938520847342E-004   7.3722936314405407E-003   1.0202239201789430E-003  -1.2093193419519773E-003  -1.2561489176769850E-004
   3.0829421612394881E-002  -1.9230513461832369E-004   7.0317669427274535E-003   1.2794291588398218E-003  -1.1685000064126103E-003  -1.4698069489388940E-004
   3.1374463848039165E-002   2.3465675981498672E-004   6.6914674615450517E-003   1.0351959934124652E-003  -1.1389711253841309E-003  -1.2303496477825392E-004
   3.1749223126750659E-002  -3.1749866313889735E-005   6.3956480398978961E-003   1.2195281366039546E-003  -1.1082015350687424E-003  -1.4232179761198134E-004
   3.1615527070203084E-002   9.7123770042160202E-004   6.4458561208647954E-003   7.9874482087144481E-004  -1.1098144571417220E-003  -1.0685406346580575E-004
   3.1815558254551790E-002   1.8427636792898712E-003   6.3124231172337758E-003   4.4842170278657260E-004  -1.0975314352013074E-003  -7.8249436068256282E-005
   3.1856590292366899E-002   2.3528056984578648E-003   6.3996325424888062E-003   2.8064313885656206E-004  -1.1144050815032967E-003  -6.5850757818004476E-005
   3.2565760679271631E-002   2.4464001773435952E-003   6.0563100053191033E-003   2.0944508063913610E-004  -1.0928167399110505E-003  -5.7434685308741517E-005
   3.2652953759628754E-002   2.2630974225101887E-003   5.9322857851170259E-003   2.2784396973725272E-004  -1.0763153063951382E-003  -5.6708298098121139E-005
   3.2858455882352908E-002   3.6645757138537337E-003   5.7854594954660733E-003  -4.1343587487715632E-004  -1.0620471495956579E-003   2.1541137970142350E-006
   3.3452736563375343E-002   2.8178364399696521E-003   5.3363491320052147E-003   2.1613476773790015E-006  -1.0166371896947212E-003  -3.4465820752214391E-005
   3.3380588563550417E-002   2.4035888804131156E-003   5.4528635454033098E-003   1.5961161939600133E-004  -1.0326423394958701E-003  -4.6363542305486152E-005
   3.3663025757177820E-002   2.2889934772936434E-003   5.3918523442664668E-003   6.7025480836993177E-005  -1.0368607510713712E-003  -3.1760654588524282E-005
   3.3828521643032197E-002   2.3591670331786236E-003   5.2740583937217946E-003   5.8721806042752532E-005  -1.0254462256317882E-003  -3.2537137468844634E-005
   3.5114876028536371E-002   2.5608576547435425E-003   4.2449230792724569E-003  -5.1642997351971373E-005  -9.1750451767055007E-004  -2.0614368080723296E-005
   3.5119663099614812E-002   2.9792214445413445E-003   4.2947795864813646E-003  -1.6116152163986208E-004  -9.2618948267892472E-004  -1.5103844413945047E-005
   3.5252675288865498E-002   3.7632282546066725E-003   4.2257204554414923E-003  -4.7644986984418083E-004  -9.2135071645997406E-004   9.8187512608049859E-006
   3.5551867231267464E-002   2.2217569669510757E-003   4.0108036563289221E-003   1.5108430393528759E-004  -9.0038272951118055E-004  -4.1303879665989581E-005
   3.5933807116596619E-002   2.8974915956626809E-003   3.6959394602931643E-003  -1.2398186438613242E-004  -8.6675950783589610E-004  -1.8159680265519340E-005
   3.6013477656687651E-002   3.8788581608026080E-003   3.5873988353933043E-003  -5.4191864484486691E-004  -8.5249135103642045E-004   1.7959297586726083E-005
   3.6317456670168093E-002   4.4842113784554147E-003   3.3402377001879096E-003  -7.8171367331731885E-004  -8.2631238508259965E-004   3.8849191850786017E-005
   3.6676828934698827E-002   4.3278657517808886E-003   3.0600955981587058E-003  -7.2337484368573362E-004  -7.9740385869758441E-004   3.2436946129442688E-005
   3.6876176251750631E-002   2.9404570783395346E-003   2.9899123877564424E-003  -1.5044454677852885E-004  -7.9579093662460047E-004  -1.6230996982149990E-005
   3.7129549085259034E-002   3.6322365106150438E-003   2.8842321860851148E-003  -4.7632696623944344E-004  -7.9095217040564775E-004   1.3225256800267071E-005
   3.7454386051295432E-002   4.1750914695054923E-003   2.6431865209427634E-003  -6.7886662005876668E-004  -7.6688241023958046E-004   2.9781875635448828E-005
   3.7702629880076964E-002   4.0419222318885551E-003   2.3785304058739397E-003  -7.2472853910349872E-004  -7.3487211063727952E-004   3.8448426493201482E-005
   3.7903686865371128E-002   4.5058949790818927E-003   2.2909670152026509E-003  -8.3409123917826131E-004  -7.3040555720439617E-004   4.3908854490282250E-005
   3.8518483565301069E-002   4.0747561993536184E-003   1.8561396346187210E-003  -5.1636325442019676E-004  -6.8846958330681391E-004   9.8688469305032672E-006
   3.8559173669467768E-002   2.9805165575553937E-003   1.6348418913809536E-003  -1.9993782840145081E-004  -6.5310936862985247E-004  -1.1221430012350251E-005
   3.8891533175770265E-002   2.7929556642519410E-003   1.3665839390361091E-003  -1.4802510153123032E-004  -6.2482119688828759E-004  -1.4627935551813571E-005
   3.8852894673494398E-002   1.8211956416631608E-003   1.2691166916847952E-003   2.8433375852987168E-004  -6.0633462851331402E-004  -5.0621674229815230E-005
   3.9266634388130224E-002   2.6347982221617177E-003   9.5703877747284859E-004  -3.4925912402094953E-005  -5.7482061262578211E-004  -2.3169247235320441E-005
   3.9603780965511183E-002   3.0953739493766244E-003   6.5653648903517660E-004  -1.5072151883060742E-004  -5.4132146187918951E-004  -1.8585493457955293E-005
   4.0222680869222684E-002   1.7420791950834393E-003   1.0024157088397475E-004   4.1690812118138102E-004  -4.7903785567626506E-004  -6.7053053890757034E-005
   4.0605646555497157E-002   1.9155331920227220E-003  -2.3912516359342627E-004   2.7797700851690235E-004  -4.4132029335417926E-004  -5.2525309678339188E-005
   4.0336202840511190E-002   1.5287847328281075E-003  -1.0143261667644883E-004   3.4373329016437233E-004  -4.5074968393469909E-004  -5.2299879164697967E-005
   4.0595388546043422E-002   2.0473643716494923E-003  -1.2311539007931651E-004   1.6804192879728454E-004  -4.6042721637260296E-004  -4.0051487923540987E-005
   4.0783452052696109E-002   1.9073193856841645E-003  -3.2254620223144589E-004   2.7162552580129346E-004  -4.3635745620653025E-004  -5.1423204944985223E-005
   4.1077173056722732E-002   3.9140124642460423E-004  -4.1851148822194485E-004   9.2358657154921150E-004  -4.3524081784830979E-004  -1.0958427746434723E-004
   4.1705647102591066E-002  -2.6109296508951014E-004  -1.0862098461597231E-003   1.2717966255157017E-003  -3.5459471419910720E-004  -1.4289789781350779E-004
   4.1681711747198924E-002  -2.8891805246719811E-004  -1.0070890089974316E-003   1.2531719010439079E-003  -3.6675366521083178E-004  -1.3904053124676286E-004
   4.2320785736169514E-002   2.3289432142300105E-004  -1.4940186638568540E-003   1.1085371832373183E-003  -3.1724936466308990E-004  -1.3182675481025429E-004
   4.1989452030812335E-002   4.3657050174621299E-005  -1.2854493256543819E-003   1.1495398010102019E-003  -3.3548779118068258E-004  -1.3310419438755241E-004
   4.2100238532913205E-002  -2.9022658738600288E-004  -1.3162251836014592E-003   1.3310287009887707E-003  -3.3598407489544494E-004  -1.5116368331367637E-004
   4.2058864561449645E-002  -8.6201829739987988E-004  -1.4069957879428378E-003   1.6347340428598544E-003  -3.1849007395000058E-004  -1.7981840638092323E-004
   4.2629893754376758E-002  -1.9086994270271600E-004  -1.7698629560686451E-003   1.3530420534194213E-003  -2.8647977434770506E-004  -1.5642372863196489E-004
   4.2634680825455205E-002  -6.9820800682369229E-004  -1.7786499083609706E-003   1.5917432398098279E-003  -2.8523906506079292E-004  -1.7871630164756924E-004
   4.2399088541666706E-002  -1.7563834599320059E-003  -1.6519900808028402E-003   2.0122570454947884E-003  -2.9454438471262275E-004  -2.1228040034521758E-004
   4.2865144104516840E-002  -2.5911666708773942E-003  -1.8414405032119248E-003   2.4198962596433784E-003  -2.8647977434770344E-004  -2.5260741445209923E-004
   4.2624764749649893E-002  -2.9440467490084686E-003  -1.7998232585634455E-003   2.4649946400437479E-003  -2.8114472441398587E-004  -2.5213150558996882E-004
   4.2823770133053211E-002  -3.2293674181455515E-003  -1.9204824156530164E-003   2.5086873104650637E-003  -2.7097090826132063E-004  -2.5308332331423040E-004
   4.2714351365546237E-002  -3.6953210729360579E-003  -1.7347175385576152E-003   2.8216663877248679E-003  -2.9677766142906448E-004  -2.8346634698605980E-004
   4.2888737526260545E-002  -3.4521371245241437E-003  -1.9006651356600964E-003   2.7506197643061016E-003  -2.7767073841063569E-004  -2.7760515363139249E-004
   4.2883608521533653E-002  -3.6386832582839083E-003  -1.8954393624541343E-003   2.8176136413590180E-003  -2.7829109305409113E-004  -2.8291529461937936E-004
   4.2635706626400600E-002  -4.6627690830762462E-003  -1.8031524468026712E-003   3.1277654967686972E-003  -2.8114472441398544E-004  -3.0292851466372570E-004
   4.2778292957808134E-002  -5.0226644991841901E-003  -2.1126306285318324E-003   3.3389511997097276E-003  -2.3610697729912575E-004  -3.2351783490959545E-004
   4.2416527157738131E-002  -4.5362707119249359E-003  -1.7753159368053297E-003   3.0553970011869902E-003  -2.7456896519335812E-004  -2.9513863802568818E-004
   4.2225728181897793E-002  -4.6364826683401531E-003  -1.5691884816432875E-003   3.0942549510574041E-003  -2.9963129278895786E-004  -2.9691703429996505E-004
   4.2601513261554709E-002  -4.9239373712580761E-003  -1.8191382903306808E-003   3.1315559756208513E-003  -2.7667817098110420E-004  -2.9744303883179546E-004
   4.2962253260679276E-002  -5.8035208566694814E-003  -2.1554078274159715E-003   3.4765022804696994E-003  -2.3834025401556474E-004  -3.2482032232174321E-004
   4.2820008862920235E-002  -5.8814812649953963E-003  -2.1707718398073701E-003   3.4319620141172505E-003  -2.2841457972027298E-004  -3.1820769392161135E-004
   4.2761196275385244E-002  -6.2399977665906492E-003  -2.1147592043457724E-003   3.6322360716659332E-003  -2.3486626801220731E-004  -3.3754462242503464E-004
   4.2621345413165326E-002  -6.4336873290868294E-003  -1.9879080441301713E-003   3.6580778713837460E-003  -2.4913442481168537E-004  -3.3789529211291763E-004
   4.2600487460609286E-002  -6.0640438666477014E-003  -2.0643956655946390E-003   3.4929118869370542E-003  -2.3511440986959332E-004  -3.2489546582629118E-004
   4.2696570815826382E-002  -6.0277356034618909E-003  -2.2013874566538185E-003   3.5329317148136080E-003  -2.1687598335200380E-004  -3.3093199402490033E-004
   4.2895918132878227E-002  -6.4999063913165466E-003  -2.3419428184575804E-003   3.7268207106260823E-003  -2.0335225212467407E-004  -3.4608593410854165E-004
   4.2408662683823574E-002  -5.7807649046377509E-003  -1.8572230557914137E-003   3.4848757469538071E-003  -2.6030080839388296E-004  -3.2870273672333907E-004
   4.1853362438725561E-002  -6.6661326431521097E-003  -1.4830146443966304E-003   3.7797884332604393E-003  -2.9504066842738424E-004  -3.4801461739191451E-004
   4.2033903405112094E-002  -7.6062593999902377E-003  -1.4675740989422929E-003   4.0761785964723869E-003  -3.0695147758172999E-004  -3.6943051618780004E-004
   4.1678976278011232E-002  -7.3064057100074940E-003  -1.1997801282916695E-003   3.9332302916991980E-003  -3.3399894003638820E-004  -3.5630545072692823E-004
   4.1293275122549065E-002  -6.8762958516658933E-003  -9.8273236170703872E-004   3.5706883605974016E-003  -3.5087258633837294E-004  -3.1612872362914428E-004
   4.1127095369397765E-002  -7.2553839201727321E-003  -8.6033207743482743E-004   3.7379562161556123E-003  -3.6303153735010163E-004  -3.3080675485065264E-004
   4.1043663559173701E-002  -6.6091658929422498E-003  -8.6133657388633817E-004   3.4532276297955323E-003  -3.5856498391722045E-004  -3.0530805897437547E-004
   4.0929799654236730E-002  -6.7008819156430133E-003  -6.9840964111299623E-004   3.5110998646706300E-003  -3.8027739643816001E-004  -3.1106906098964690E-004
   4.0678820356267541E-002  -5.6232004659530783E-003  -4.9742903443573331E-004   3.0341605751147602E-003  -4.0136945431564440E-004  -2.6913898545243112E-004
   4.0735923275560269E-002  -5.7924332030892568E-003  -6.5334840863083446E-004   3.0422726519680971E-003  -3.7792004879302926E-004  -2.6648391495843928E-004
   4.0535208223914647E-002  -5.9517755560443229E-003  -5.1530907127227501E-004   3.0966776883655438E-003  -3.9094749630559010E-004  -2.7119290791004794E-004
   4.0278757987570080E-002  -5.6866526293077937E-003  -3.4784994617612932E-004   2.9639396005549123E-003  -4.0608414960590332E-004  -2.5922004285222952E-004
   4.0027094822303960E-002  -5.4515653847062896E-003  -9.5348238170331191E-005   2.8550147445720112E-003  -4.3586117249176415E-004  -2.4857471304140950E-004
   3.9786373533788555E-002  -5.7136012024857352E-003  -1.0420694020917321E-004   2.9618392657384252E-003  -4.2196522847836394E-004  -2.5666516369763048E-004
   3.9327498577556061E-002  -5.8859421913946396E-003   2.8904385391598860E-004   2.9657813988600030E-003  -4.6489376980547639E-004  -2.5360932784605436E-004
   3.9003003545168086E-002  -4.6683637004515371E-003   5.3365069814473201E-004   2.3930920808063780E-003  -4.8958388461500379E-004  -2.0088363548892717E-004
   3.8422742143732508E-002  -4.9290784253034053E-003   9.7629640944279172E-004   2.3906476158966597E-003  -5.3462163172986763E-004  -1.9452148543728110E-004
   3.8590289631477613E-002  -5.6294988773645856E-003   8.0949738201476743E-004   2.6803274617613572E-003  -5.1501842499667501E-004  -2.1941903327717959E-004
   3.8331445859593839E-002  -5.5635245238034123E-003   1.0810438644091723E-003   2.7360089398822071E-003  -5.4764907924243248E-004  -2.2973874123496637E-004
   3.7999086353291307E-002  -4.9972075603197576E-003   1.2554722815520693E-003   2.5276596765616242E-003  -5.6005617211154091E-004  -2.1425917929828817E-004
   3.7791190695027996E-002  -5.1267812223575217E-003   1.3187268580972841E-003   2.5257162633119342E-003  -5.6005617211154156E-004  -2.1112819994216663E-004
   3.7840087206757717E-002  -4.5261668606312727E-003   1.1711687210317148E-003   2.4167365396482862E-003  -5.3759933401845465E-004  -2.0955018634667653E-004
   3.7577482164740890E-002  -3.6058647066224952E-003   1.2627979306732873E-003   2.1248665954415220E-003  -5.3958446887751262E-004  -1.8883562692655951E-004
   3.7699894410889397E-002  -3.1607032616498268E-003   1.1771717831584505E-003   1.7845735088558589E-003  -5.3139578758389810E-004  -1.5299217525765126E-004
   3.7060136554621814E-002  -3.2140499451274486E-003   1.5514208527430057E-003   1.8103722923120203E-003  -5.6179316511321855E-004  -1.5564724575164185E-004
   3.7102194393382290E-002  -3.3990020985044155E-003   1.4264686691524136E-003   1.8925252316542029E-003  -5.4281031302348508E-004  -1.6288607002300161E-004
   3.6900795474439807E-002  -3.0129057582405760E-003   1.6160291078394543E-003   1.7955182943273377E-003  -5.6452272554441657E-004  -1.5757592903501376E-004
   3.6187863817401973E-002  -1.9883336389556212E-003   2.1664812049644964E-003   1.3563020715347503E-003  -6.2097499809886045E-004  -1.2000417676152749E-004
   3.5702659970238054E-002  -1.2211783071006165E-003   2.5670098150465722E-003   1.1024688177539714E-003  -6.6377946849728771E-004  -1.0262097937632534E-004
   3.5706421240371128E-002  -1.1934534718389218E-003   2.6296401687969117E-003   1.1519559541966666E-003  -6.7457363929341002E-004  -1.1113724322498496E-004
   3.5296442795868334E-002  -1.7112793953288500E-003   3.0278058205597301E-003   1.3128369922528757E-003  -7.2085209569518367E-004  -1.2263419942066994E-004
   3.5077947194502787E-002  -1.6155229885973709E-003   3.1214081482309934E-003   1.2257773459627430E-003  -7.2544272005675226E-004  -1.1281544815986285E-004
   3.5357648918942539E-002  -2.3055900455031452E-004   2.9146205954008616E-003   7.1640160041269599E-004  -7.0484694589403516E-004  -7.4742739189398639E-005
   3.5014689469537785E-002  -3.2962430753179488E-004   3.2601410664727698E-003   8.7929694076202851E-004  -7.4566628143340097E-004  -9.3403376151892579E-005
   3.5023579744397744E-002  -2.3566570350307039E-004   3.5052047174210892E-003   7.5844999617932991E-004  -7.8760225533098540E-004  -7.9802401828892215E-005
   3.4582143404236668E-002   3.6474020145311082E-005   3.8220444231447720E-003   7.1015634152683262E-004  -8.1849591657506566E-004  -7.9752306159194667E-005
   3.3974185377275874E-002   1.4967746813325930E-003   4.3280953854557564E-003   4.5566291981221865E-005  -8.7283898334175939E-004  -2.1666377144380361E-005
   3.3815528164390707E-002   2.2638724213259209E-003   4.4936555339269409E-003  -2.5393684396186509E-004  -8.9269033193233364E-004   2.7552618333864567E-006
   3.3159015559348672E-002   3.5537778708450477E-003   4.8927945905844379E-003  -8.6497493980928868E-004  -9.2643762453631037E-004   5.8662029216343234E-005
   3.2917268469887892E-002   4.1087336087763261E-003   5.2016557244934196E-003  -1.0926909581151936E-003  -9.6626439264614681E-004   7.7172379169749376E-005
   3.2715185683648396E-002   4.2774738150388406E-003   5.1612486589031545E-003  -1.0743820520133492E-003  -9.4901853355808643E-004   7.1035659631741685E-005
   3.2876920299369700E-002   4.6957477966806539E-003   5.0511965060096222E-003  -1.2617211635768421E-003  -9.3872064647672522E-004   8.7091321769945917E-005
   3.2795882024684787E-002   4.3745408707380248E-003   5.1220350307636005E-003  -1.1620276851331687E-003  -9.4653711498426604E-004   8.0102975847080212E-005
   3.2435825892857095E-002   5.1459386052118078E-003   5.4771556179218552E-003  -1.5165964643491260E-003  -9.8810087609577492E-004   1.1038580817951153E-004
   3.2186898196778641E-002   5.2965329350160954E-003   5.6525885315162599E-003  -1.5240049180654017E-003  -1.0049745223977646E-003   1.0888293808857270E-004
   3.2092866443452300E-002   7.2598278313765283E-003   5.7640326294925688E-003  -2.2751243726350399E-003  -1.0189945373398582E-003   1.6797078049734807E-004
   3.1903777135854267E-002   7.6717464644362049E-003   5.9410512124853584E-003  -2.5564542353829975E-003  -1.0392180987165026E-003   1.9782779963734834E-004
   3.1936944699754888E-002   7.4307144341849880E-003   5.9932682863552428E-003  -2.4819733340950990E-003  -1.0497641276552413E-003   1.9437119842818877E-004
   3.1003123905812238E-002   8.2290232080557968E-003   6.6241231494473807E-003  -2.7584860339499697E-003  -1.1084496769261281E-003   2.1503566217860668E-004
   3.0377385329131562E-002   8.4224984744462276E-003   7.0153649506695687E-003  -2.7179291612149047E-003  -1.1424451113874834E-003   2.0406471051474530E-004
   3.0848227963060151E-002   9.3124896507868135E-003   6.7467554245666805E-003  -3.1165784156192674E-003  -1.1212289825813081E-003   2.3642651313964593E-004
   3.1002781972163801E-002   9.2630637303139241E-003   6.5267324351590359E-003  -3.0526678827499077E-003  -1.0919482434102116E-003   2.2878692351070349E-004
   3.1135794161414501E-002   1.0123637442728180E-002   6.5163167636203816E-003  -3.4239559416230038E-003  -1.0970351514865461E-003   2.6037224325528531E-004
   3.0912169555322055E-002   1.0444338850167417E-002   6.6151448644976227E-003  -3.5475350772329202E-003  -1.1022461304915721E-003   2.7184415161612372E-004
   3.0953885460434066E-002   1.1465338110697202E-002   6.6156471127233911E-003  -3.9630974039425657E-003  -1.1044794072080141E-003   3.0613463752439797E-004
   3.0954227394082524E-002   1.1190561208362874E-002   6.7599525946126999E-003  -3.7914666898872626E-003  -1.1289213801601577E-003   2.8992868837709546E-004
   3.0667345063025209E-002   1.1406110269914626E-002   7.1617153003350623E-003  -3.8524606763223933E-003  -1.1821478085686239E-003   2.9368586360444828E-004
   3.0361998314950872E-002   1.2232017562193271E-002   7.3125308758933815E-003  -4.2202053803770383E-003  -1.1919494119352276E-003   3.2319221305655729E-004
   3.0194108893557343E-002   1.2620788359605010E-002   7.3350244214320619E-003  -4.2851814436052358E-003  -1.1871106457162725E-003   3.2334250006565193E-004
   2.9489041710434115E-002   1.2272584593367978E-002   7.8970114861416692E-003  -4.1029491962888444E-003  -1.2459202659158427E-003   3.0686102473501809E-004
   2.9855252647934101E-002   1.2826580819844634E-002   7.4066043602335312E-003  -4.4300347542516822E-003  -1.1817755957825545E-003   3.3927292302961211E-004
   2.9805330335258999E-002   1.2512728466074163E-002   7.5786650357408010E-003  -4.2594596943727444E-003  -1.2083267745224494E-003   3.2121343410348969E-004
   2.9702066373424311E-002   1.3034323489973852E-002   7.7581589849890290E-003  -4.5128112099171048E-003  -1.2333891021180446E-003   3.4658689080551731E-004
   2.9790627188375267E-002   1.3660051203467706E-002   7.7539377082345758E-003  -4.7905650167090015E-003  -1.2372353009074701E-003   3.7078309926964526E-004
   2.9774556306897675E-002   1.4371677725673125E-002   7.7038492101785226E-003  -5.1060827118185881E-003  -1.2279299812556382E-003   3.9828562193384336E-004
   2.9524602809873880E-002   1.3676775909607771E-002   8.0210715812170409E-003  -4.7904469414601844E-003  -1.2687493167950032E-003   3.7143434297571984E-004
   2.9547170430672176E-002   1.5147055389021485E-002   8.1036364062130398E-003  -5.3393809679569510E-003  -1.2838859700953170E-003   4.1201183543108975E-004
   2.9680866487219730E-002   1.5850372715042367E-002   7.9713274819444221E-003  -5.5362018731542348E-003  -1.2683771040089362E-003   4.2228144771917217E-004
   2.9188823967086733E-002   1.6415461227222931E-002   8.3475472779003784E-003  -5.7772454705682695E-003  -1.3067150209744762E-003   4.4244495477261167E-004
   2.9079747133228175E-002   1.6403718766565652E-002   8.5134159502816605E-003  -5.8226425506222763E-003  -1.3291718590675628E-003   4.4945834853033124E-004
   2.9256526829481655E-002   1.6267732963674474E-002   8.3606679148834351E-003  -5.8481211262940390E-003  -1.3124222836942696E-003   4.5689755548048447E-004
   2.8998708858543280E-002   1.6540616333317132E-002   8.5842544750356336E-003  -5.9392414198959891E-003  -1.3369883275751032E-003   4.6275874883514896E-004
   2.8855780593487229E-002   1.6557782729718265E-002   8.8080706343767728E-003  -6.0635509540711303E-003  -1.3675097760331122E-003   4.8004175488095365E-004
   2.9236352744222541E-002   1.6190356068591236E-002   8.5962486409980679E-003  -5.8618356322863510E-003  -1.3512564843745785E-003   4.6017882184570412E-004
   2.9257894564075519E-002   1.6911986244549426E-002   8.6329438530342376E-003  -6.0879600489110470E-003  -1.3585766691673507E-003   4.7498209224145779E-004
   2.8952205882352790E-002   1.6098263103189035E-002   8.9209425523091058E-003  -5.7992458742263187E-003  -1.3915795361991810E-003   4.5509411137135676E-004
   2.8977508972338785E-002   1.6953898059790959E-002   8.9029811990931906E-003  -6.0620056607123907E-003  -1.3898425431975057E-003   4.7215168690351717E-004
   2.9392958355216953E-002   1.7705947471589382E-002   8.4679648775100140E-003  -6.3507167628070581E-003  -1.3376086822185595E-003   4.9379301621305289E-004
   2.8943999474789789E-002   1.7980995087677910E-002   8.9762185570396100E-003  -6.5225024231925577E-003  -1.4005126430649366E-003   5.1055001772702918E-004
   2.9260971966911652E-002   1.8171762710964292E-002   8.7119092324123779E-003  -6.6676278775351693E-003  -1.3721004003946777E-003   5.2688120604857229E-004
   2.9014779740020914E-002   1.6939211542792602E-002   8.7868159677948546E-003  -6.2071646940756176E-003  -1.3721004003946771E-003   4.9156375891148973E-004
   2.9437067795868212E-002   1.7164663406288579E-002   8.4230232279387408E-003  -6.2349970932485928E-003  -1.3322736322848429E-003   4.9036146283874013E-004
   2.9511267397583866E-002   1.7424328266835522E-002   8.4686201918617206E-003  -6.2784187173273226E-003  -1.3438122286531158E-003   4.9028631933419108E-004
   2.9653511795343042E-002   1.6221174823711052E-002   8.0852086796446600E-003  -5.8432866252138569E-003  -1.2862433177404493E-003   4.5759889485625429E-004
   2.9313629748774390E-002   1.6976759500831745E-002   8.4627797624937436E-003  -6.1270080604273434E-003  -1.3326458450709151E-003   4.7951575034912443E-004
   2.9222675398284222E-002   1.6176005697423564E-002   8.3834293261424980E-003  -5.7976913630972465E-003  -1.3145314894820136E-003   4.5246408871221078E-004
   2.9870981595763194E-002   1.5668661826542973E-002   7.7932637443103997E-003  -5.5799147348820806E-003  -1.2480294717035962E-003   4.3395373875880635E-004
   2.9441512933298261E-002   1.5340493236704267E-002   8.0705430314528797E-003  -5.4359112148740204E-003  -1.2728436574418083E-003   4.2243173472826881E-004
   2.9675395548844442E-002   1.5186948329033237E-002   7.9143486165627729E-003  -5.4232405116390100E-003  -1.2584514297136471E-003   4.2405984399345408E-004
   2.9618292629551755E-002   1.5276816367763506E-002   7.9764384555558766E-003  -5.4785003865014895E-003  -1.2660197563638008E-003   4.3029675487085337E-004
   3.0106915813200186E-002   1.5491662295046598E-002   7.5176921011353972E-003  -5.5030209724685171E-003  -1.2135377535274744E-003   4.2834302375262999E-004
   3.0079219187674956E-002   1.4630216360836213E-002   7.5107252007468629E-003  -5.1175094549971789E-003  -1.2109322640249626E-003   3.9475387722013276E-004
   3.0576732646183380E-002   1.3830512591804556E-002   6.9803678159680539E-003  -4.7369513917377010E-003  -1.1467875938916731E-003   3.5931119090880874E-004
   3.0510739452030727E-002   1.3725608472570771E-002   6.9733243825165258E-003  -4.6894061322496445E-003  -1.1421969695301014E-003   3.5480258063598611E-004
   3.0323017879026540E-002   1.3530738780886217E-002   7.2818746008571876E-003  -4.5624796291767779E-003  -1.1847532980711417E-003   3.4062550611145954E-004
   3.0365759585083994E-002   1.2594079483272373E-002   7.1875021592397552E-003  -4.1453992234780773E-003  -1.1709814249864301E-003   3.0515777196528468E-004
   3.0475178352590913E-002   1.1298886344377861E-002   7.1424815849473570E-003  -3.6564114301861003E-003  -1.1689962901273796E-003   2.6568238424326925E-004
   3.0513816854866843E-002   1.1772739951109522E-002   7.2047627565978902E-003  -3.8788215242994474E-003  -1.1815274539251767E-003   2.8699809169976389E-004
   2.9971510088410275E-002   1.0713356215198243E-002   7.6556525137727871E-003  -3.4113133306404582E-003  -1.2299151161146962E-003   2.4596973821711094E-004
   3.0013225993522363E-002   1.1224649402493269E-002   7.5975113024972785E-003  -3.4788251585990020E-003  -1.2222227185358469E-003   2.4486763348375543E-004
   3.0455004267331807E-002   1.0009489936001575E-002   7.3076901596605005E-003  -3.0832092090534620E-003  -1.1959196816533431E-003   2.1648843659984957E-004
   3.0570235906862690E-002   9.6813250640459154E-003   7.2997522460354685E-003  -2.8007898936378952E-003  -1.2005103060149080E-003   1.8552931272649279E-004
   3.0395507812499976E-002   9.4060198965582563E-003   7.6380690425552501E-003  -2.7442733294170806E-003  -1.2487738972757367E-003   1.8465263850677650E-004
   3.0265573026085346E-002   8.6941720721020327E-003   7.5397910230681521E-003  -2.5574697264169788E-003  -1.2254485626818170E-003   1.7440807405353403E-004
   3.0258392419467713E-002   8.1780615239266351E-003   7.5001923379555083E-003  -2.3822085276664689E-003  -1.2183765197464249E-003   1.6135815209721271E-004
