   319000.00000000000        26.031814216379736       -3.5972060348206516       -6.3704206652923394E-004  -6.2454746511460930E-004   3.2107086821600800E-004   5759.7000000000580        0.0000000000000000        7.1404051172708511        7.0866198691007671        1.9912313669919971E-002  -6.3716709613800049E-002   2.9885002112474413E-004  -3.4879407559086903E-002   1.0000000000000000       0.33724243425326500        4.9704053427917696     
   319000.00000000000       -97.611361555941585        13.312116385625853        2.3574902438413098E-003   2.3112516946413387E-003   2.1661772756059516E-004   5759.7000000000580        0.0000000000000000        7.1404051172708511        7.0866198691007671        1.9912313669919971E-002  -6.3716709613800049E-002   2.9885002112474413E-004  -3.4879407559086903E-002   1.0000000000000000       -1.2645562429217174       -4.1791348166114455     
   319000.00000000000       -105.61528562272574       -1.0967260300182715       -1.9422313034512517E-004  -1.9041374203834582E-004   3.0562477385732143E-004   5759.7000000000580        0.0000000000000000        7.1404051172708511        7.0866198691007671        1.9912313669919971E-002  -6.3716709613800049E-002   2.9885002112474413E-004  -3.4879407559086903E-002   1.0000000000000000       -1.3682471656297530       -4.2011286619079833     
   40000.000000000000       -252.80042318256025        71.647196138032911        1.2881926757126306E-002   1.2622832300569559E-002  -2.5104811082168898E-004   5676.0000000000073        0.0000000000000000        7.0511727078891333        7.0058528766766868        2.0374078459213830E-002  -6.9485299732571559E-002   2.6105798939830838E-004  -3.9927820081161684E-002   0.0000000000000000       -3.2750322119577047        60.544203099249643     
   319000.00000000000        54.898170558112440        10.447685547553876        1.8502179545001141E-003   1.8139287719071775E-003   2.3431203782255144E-004   5759.7000000000580        0.0000000000000000        7.1404051172708511        7.0866198691007671        1.9912313669919971E-002  -6.3716709613800049E-002   2.9885002112474413E-004  -3.4879407559086903E-002   1.0000000000000000       0.71120639234661531        5.5275926266554132     
   54000.000000000000       -248.99382483822399        76.265156527046685        1.3701724818698614E-002   1.3426491413514763E-002  -2.6583114480528962E-004   5680.2000000000098        0.0000000000000000        7.0556503198294349        7.0103304886169884        2.0348060261362207E-002  -6.9172958120794548E-002   2.6055968565059581E-004  -3.9652202769131471E-002   0.0000000000000000       -3.2257176893048554        56.315804654278310     
   319000.00000000000       -185.53110412118090       -6.4135730243381310       -1.1358025572377915E-003  -1.1135255350691992E-003   3.3846827598780696E-004   5759.7000000000580        0.0000000000000000        7.1404051172708511        7.0866198691007671        1.9912313669919971E-002  -6.3716709613800049E-002   2.9885002112474413E-004  -3.4879407559086903E-002   1.0000000000000000       -2.4035574571730534        9.7184755574034813     
   319000.00000000000        91.585961784882670       -7.9661233117483254       -1.4107492336050953E-003  -1.3830795547942159E-003   3.4805876988893260E-004   5759.7000000000580        0.0000000000000000        7.1404051172708511        7.0866198691007671        1.9912313669919971E-002  -6.3716709613800049E-002   2.9885002112474413E-004  -3.4879407559086903E-002   1.0000000000000000        1.1864971238280357        3.6274574668970407     
   319000.00000000000        182.26119688188524        11.818581544302598        2.0929948236346066E-003   2.0519439457441324E-003   2.2584366819709633E-004   5759.7000000000580        0.0000000000000000        7.1404051172708511        7.0866198691007671        1.9912313669919971E-002  -6.3716709613800049E-002   2.9885002112474413E-004  -3.4879407559086903E-002   1.0000000000000000        2.3611957735809597       -13.764086701727127     
   319000.00000000000        12.914244016762289        12.016869442216432        2.1281103357937716E-003   2.0863707210820549E-003   2.2461879394276101E-004   5759.7000000000580        0.0000000000000000        7.1404051172708511        7.0866198691007671        1.9912313669919971E-002  -6.3716709613800049E-002   2.9885002112474413E-004  -3.4879407559086903E-002   1.0000000000000000       0.16730417067947495        4.1152858443370652     
   319000.00000000000       -153.13554869136246       -5.5911087622625590       -9.9014942308664000E-004  -9.7072916337005450E-004   3.3338770722730177E-004   5759.7000000000580        0.0000000000000000        7.1404051172708511        7.0866198691007671        1.9912313669919971E-002  -6.3716709613800049E-002   2.9885002112474413E-004  -3.4879407559086903E-002   1.0000000000000000       -1.9838726867868144       0.11195857580897363     
   26000.000000000000       -248.51633609586406        73.940126458558609        1.3304379554134172E-002   1.3036448122035077E-002  -2.5597528214348748E-004   5671.8000000000047        0.0000000000000000        7.0466950959488326        7.0013752647363861        2.0400146591530152E-002  -6.9797641344348516E-002   2.6155756459296173E-004  -4.0203369356236779E-002   0.0000000000000000       -3.2195318174918697        55.949888254756615     
   319000.00000000000       -12.325216817124694       -8.3512606747027682       -1.4789545849859067E-003  -1.4499471629950665E-003   3.5043786031869995E-004   5759.7000000000580        0.0000000000000000        7.1404051172708511        7.0866198691007671        1.9912313669919971E-002  -6.3716709613800049E-002   2.9885002112474413E-004  -3.4879407559086903E-002   1.0000000000000000      -0.15967331694811357        2.4215056228993443     
   319000.00000000000        49.757440352315868        11.479663829371207        2.0329746748265266E-003   1.9931009999428948E-003   2.2793724822757307E-004   5759.7000000000580        0.0000000000000000        7.1404051172708511        7.0866198691007671        1.9912313669919971E-002  -6.3716709613800049E-002   2.9885002112474413E-004  -3.4879407559086903E-002   1.0000000000000000       0.64460817702317985        5.5227456418578269     
   319000.00000000000        173.31968999324027       -11.594717671110510       -2.0533499706517451E-003  -2.0130766656441122E-003   3.7047351056130825E-004   5759.7000000000580        0.0000000000000000        7.1404051172708511        7.0866198691007671        1.9912313669919971E-002  -6.3716709613800049E-002   2.9885002112474413E-004  -3.4879407559086903E-002   1.0000000000000000        2.2453584552921102       -12.368952369643155     
   319000.00000000000       -95.937330839577115       -10.044261715766714       -1.7787741870313848E-003  -1.7438862641746293E-003   3.6089595387649864E-004   5759.7000000000580        0.0000000000000000        7.1404051172708511        7.0866198691007671        1.9912313669919971E-002  -6.3716709613800049E-002   2.9885002112474413E-004  -3.4879407559086903E-002   1.0000000000000000       -1.2428691569157690       -4.0716895706140033     
   319000.00000000000       -148.58880456745683       -7.7418314458258370       -1.3710285858607458E-003  -1.3441379665305067E-003   3.4667326257902773E-004   5759.7000000000580        0.0000000000000000        7.1404051172708511        7.0866198691007671        1.9912313669919971E-002  -6.3716709613800049E-002   2.9885002112474413E-004  -3.4879407559086903E-002   1.0000000000000000       -1.9249695675678766      -0.82581592859354369     
   319000.00000000000        98.155169740858739        6.3615160768221228        1.1265836064460403E-003   1.1044873998336821E-003   2.5955333512918399E-004   5759.7000000000580        0.0000000000000000        7.1404051172708511        7.0866198691007671        1.9912313669919971E-002  -6.3716709613800049E-002   2.9885002112474413E-004  -3.4879407559086903E-002   1.0000000000000000        1.2716012838291204        3.2434929577050058     
   319000.00000000000       -83.849754017455737        24.144914009069733        4.2759090715456648E-003   4.1920436844053496E-003   1.4970081003319686E-004   5759.7000000000580        0.0000000000000000        7.1404051172708511        7.0866198691007671        1.9912313669919971E-002  -6.3716709613800049E-002   2.9885002112474413E-004  -3.4879407559086903E-002   1.0000000000000000       -1.0862744686688555       -3.8011546856947742     
   319000.00000000000        23.013658540383684        2.8810163703159586        5.1020948049258351E-004   5.0020250539367151E-004   2.8105325785555019E-004   5759.7000000000580        0.0000000000000000        7.1404051172708511        7.0866198691007671        1.9912313669919971E-002  -6.3716709613800049E-002   2.9885002112474413E-004  -3.4879407559086903E-002   1.0000000000000000       0.29814219488202037        4.7716715923896080     
   319000.00000000000        192.72024795861572        3.0588508005049917        5.4170281498914889E-004   5.3107814651890913E-004   2.7995472981947412E-004   5759.7000000000580        0.0000000000000000        7.1404051172708511        7.0866198691007671        1.9912313669919971E-002  -6.3716709613800049E-002   2.9885002112474413E-004  -3.4879407559086903E-002   1.0000000000000000        2.4966928932122299       -17.344143350527350     
   319000.00000000000       -32.485519775449099        20.409936676507321        3.6144685937571763E-003   3.5435763453838076E-003   1.7277270510754830E-004   5759.7000000000580        0.0000000000000000        7.1404051172708511        7.0866198691007671        1.9912313669919971E-002  -6.3716709613800049E-002   2.9885002112474413E-004  -3.4879407559086903E-002   1.0000000000000000      -0.42085025945527904       0.19670730107099346     
   319000.00000000000       -145.90083701549119       -10.438522489218570       -1.8485952357675346E-003  -1.8123378803094718E-003   3.6333140190926444E-004   5759.7000000000580        0.0000000000000000        7.1404051172708511        7.0866198691007671        1.9912313669919971E-002  -6.3716709613800049E-002   2.9885002112474413E-004  -3.4879407559086903E-002   1.0000000000000000       -1.8901469189086719       -1.3767375989014048     
   319000.00000000000       -7.9058298655114640       -16.240962318786590       -2.8761700324732901E-003  -2.8197583760936206E-003   3.9917453320644587E-004   5759.7000000000580        0.0000000000000000        7.1404051172708511        7.0866198691007671        1.9912313669919971E-002  -6.3716709613800049E-002   2.9885002112474413E-004  -3.4879407559086903E-002   1.0000000000000000      -0.10242011127137018        2.9770393134296342     
   319000.00000000000        184.58029912271300        9.8853392780184031        1.7506300448329537E-003   1.7162941260861337E-003   2.3778579227162441E-004   5759.7000000000580        0.0000000000000000        7.1404051172708511        7.0866198691007671        1.9912313669919971E-002  -6.3716709613800049E-002   2.9885002112474413E-004  -3.4879407559086903E-002   1.0000000000000000        2.3912397681515278       -14.520305151192012     
   319000.00000000000       -56.494708050760394        10.618388492502220        1.8804483488005454E-003   1.8435662434679086E-003   2.3325756276579681E-004   5759.7000000000580        0.0000000000000000        7.1404051172708511        7.0866198691007671        1.9912313669919971E-002  -6.3716709613800049E-002   2.9885002112474413E-004  -3.4879407559086903E-002   1.0000000000000000      -0.73188955280257817       -1.9359968709013073     
   319000.00000000000        87.427465598241923        6.4778704574444870        1.1471892193478032E-003   1.1246888652958352E-003   2.5883458483376556E-004   5759.7000000000580        0.0000000000000000        7.1404051172708511        7.0866198691007671        1.9912313669919971E-002  -6.3716709613800049E-002   2.9885002112474413E-004  -3.4879407559086903E-002   1.0000000000000000        1.1326237608284948        4.2116577190442772     
   319000.00000000000       -120.75507803701967        22.372051178458769        3.9619464599096078E-003   3.8842389670396969E-003   1.6065222996618260E-004   5759.7000000000580        0.0000000000000000        7.1404051172708511        7.0866198691007671        1.9912313669919971E-002  -6.3716709613800049E-002   2.9885002112474413E-004  -3.4879407559086903E-002   1.0000000000000000       -1.5643833398297420       -3.6150985422099038     
   319000.00000000000        87.352656005471175      -0.13571473490001765       -2.4034207199222851E-005  -2.3562813149993278E-005   2.9968836520152288E-004   5759.7000000000580        0.0000000000000000        7.1404051172708511        7.0866198691007671        1.9912313669919971E-002  -6.3716709613800049E-002   2.9885002112474413E-004  -3.4879407559086903E-002   1.0000000000000000        1.1316546017463884        4.1364043653574667     
   319000.00000000000       -137.59327250915371        4.7153873563872386        8.3506479109654759E-004   8.1868627817198653E-004   2.6972188656472750E-004   5759.7000000000580        0.0000000000000000        7.1404051172708511        7.0866198691007671        1.9912313669919971E-002  -6.3716709613800049E-002   2.9885002112474413E-004  -3.4879407559086903E-002   1.0000000000000000       -1.7825223310276468       -2.1279838157559765     
   319000.00000000000        20.887310286212362       -17.540809200688059       -3.1063645600601362E-003  -3.0454379916814906E-003   4.0720401456647833E-004   5759.7000000000580        0.0000000000000000        7.1404051172708511        7.0866198691007671        1.9912313669919971E-002  -6.3716709613800049E-002   2.9885002112474413E-004  -3.4879407559086903E-002   1.0000000000000000       0.27059533028985883        4.9007408812882760     
   319000.00000000000       -89.415275551246125        13.205297819334625        2.3385733623629747E-003   2.2927058387302275E-003   2.1727757273073251E-004   5759.7000000000580        0.0000000000000000        7.1404051172708511        7.0866198691007671        1.9912313669919971E-002  -6.3716709613800049E-002   2.9885002112474413E-004  -3.4879407559086903E-002   1.0000000000000000       -1.1583758602331606       -3.9952678353691913     
   107000.00000000000       -245.51620302127472        77.169936275205913        1.3824219403844304E-002   1.3547854896368682E-002  -2.4938793692577590E-004   5696.1000000000195        0.0000000000000000        7.0726012793177180        7.0272814481052714        2.0250012916361155E-002  -6.7990522019067468E-002   2.5868469722364201E-004  -3.8608180946996591E-002   0.0000000000000000       -3.1806650611164491        52.429616054966637     
   319000.00000000000       -191.30577623918484        13.081209085161165        2.3165980451624411E-003   2.2711615336147772E-003   2.1804410007476730E-004   5759.7000000000580        0.0000000000000000        7.1404051172708511        7.0866198691007671        1.9912313669919971E-002  -6.3716709613800049E-002   2.9885002112474413E-004  -3.4879407559086903E-002   1.0000000000000000       -2.4783683968141603        13.603488617009118     
   319000.00000000000       -151.44019842999626        11.253728204827581        1.9929629279961782E-003   1.9538740220545283E-003   2.2933290944821357E-004   5759.7000000000580        0.0000000000000000        7.1404051172708511        7.0866198691007671        1.9912313669919971E-002  -6.3716709613800049E-002   2.9885002112474413E-004  -3.4879407559086903E-002   1.0000000000000000       -1.9619094058451698       0.31039635333461152     
   319000.00000000000        132.74831866919877       -3.1779431378777865       -5.6279330243228605E-004  -5.5175497645324487E-004   3.1848097577342170E-004   5759.7000000000580        0.0000000000000000        7.1404051172708511        7.0866198691007671        1.9912313669919971E-002  -6.3716709613800049E-002   2.9885002112474413E-004  -3.4879407559086903E-002   1.0000000000000000        1.7197559017173527       -2.0894644347438134     
   319000.00000000000       -176.42470240520220        1.1112324210472111        1.9679211895170010E-004   1.9293234388027152E-004   2.9198565876353285E-004   5759.7000000000580        0.0000000000000000        7.1404051172708511        7.0866198691007671        1.9912313669919971E-002  -6.3716709613800049E-002   2.9885002112474413E-004  -3.4879407559086903E-002   1.0000000000000000       -2.2855839246156338        6.8299192707173511     
   85000.000000000000       -254.77314113878882        77.194031160786039        1.3845140093713477E-002   1.3567805810842047E-002  -2.7883204516490178E-004   5689.5000000000155        0.0000000000000000        7.0655650319829588        7.0202452007705123        2.0290625601466987E-002  -6.8481344551859891E-002   2.5946080326064505E-004  -3.9041666001418514E-002   0.0000000000000000       -3.3005887943811856        62.515997067312000     
   319000.00000000000        85.661184705669385        1.1310023863050078        2.0029325272083267E-004   1.9636480828949364E-004   2.9186353471204933E-004   5759.7000000000580        0.0000000000000000        7.1404051172708511        7.0866198691007671        1.9912313669919971E-002  -6.3716709613800049E-002   2.9885002112474413E-004  -3.4879407559086903E-002   1.0000000000000000        1.1097415727936941        4.2844540155294810     
   319000.00000000000       -10.734402956315247        13.556401733017085        2.4007516086390263E-003   2.3536645542331976E-003   2.1510871548331294E-004   5759.7000000000580        0.0000000000000000        7.1404051172708511        7.0866198691007671        1.9912313669919971E-002  -6.3716709613800049E-002   2.9885002112474413E-004  -3.4879407559086903E-002   1.0000000000000000      -0.13906430620441973        2.2523756375151032     
   319000.00000000000       -38.229232470204316       -8.0772656739173954       -1.4304318315407610E-003  -1.4023761088107565E-003   3.4874532423450369E-004   5759.7000000000580        0.0000000000000000        7.1404051172708511        7.0866198691007671        1.9912313669919971E-002  -6.3716709613800049E-002   2.9885002112474413E-004  -3.4879407559086903E-002   1.0000000000000000      -0.49526011943391302        1.4067290015393880E-002
   319000.00000000000        139.80576220125155        17.766165659087445        3.1462737402891223E-003   3.0845644146548024E-003   1.8910394411741812E-004   5759.7000000000580        0.0000000000000000        7.1404051172708511        7.0866198691007671        1.9912313669919971E-002  -6.3716709613800049E-002   2.9885002112474413E-004  -3.4879407559086903E-002   1.0000000000000000        1.8111851588782637       -2.9615036818828155     
   42000.000000000000       -248.20598458403379        75.118911451068357        1.3504651740399222E-002   1.3233081677600721E-002  -2.5906549326451577E-004   5676.6000000000076        0.0000000000000000        7.0518123667377477        7.0064925355253012        2.0370358519571422E-002  -6.9440679502317693E-002   2.6098672539939458E-004  -3.9888450341088413E-002   0.0000000000000000       -3.2155112103050691        55.539798629659224     
   319000.00000000000       -78.442395582288782        7.8592412025304164        1.3918210990828883E-003   1.3645226665503997E-003   2.5030151005134488E-004   5759.7000000000580        0.0000000000000000        7.1404051172708511        7.0866198691007671        1.9912313669919971E-002  -6.3716709613800049E-002   2.9885002112474413E-004  -3.4879407559086903E-002   1.0000000000000000       -1.0162220817549927       -3.4834486896253423     
   35000.000000000000       -249.07954336783772        68.329208074577082        1.2288725544498291E-002   1.2041450008736805E-002  -2.2038691284089298E-004   5674.5000000000064        0.0000000000000000        7.0495735607675973        7.0042537295551508        2.0383382767565600E-002  -6.9596850308206171E-002   2.6123626294336996E-004  -4.0026238355558304E-002   0.0000000000000000       -3.2268281737815521        56.504564757842452     
   319000.00000000000       -182.60872923370397       -11.874934134241174       -2.1029745050877248E-003  -2.0617278910778432E-003   3.7220447818434895E-004   5759.7000000000580        0.0000000000000000        7.1404051172708511        7.0866198691007671        1.9912313669919971E-002  -6.3716709613800049E-002   2.9885002112474413E-004  -3.4879407559086903E-002   1.0000000000000000       -2.3656980589512724        8.0424675089101303     
   113000.00000000000       -244.73300279135034        77.880353931435238        1.3946921915779882E-002   1.3668255661109349E-002  -2.5038771220059356E-004   5697.9000000000206        0.0000000000000000        7.0745202558635611        7.0292004246511146        2.0238957890701199E-002  -6.7856661328305923E-002   2.5847356926515450E-004  -3.8489928903828782E-002   0.0000000000000000       -3.1705186936811276        51.607570664751357     
   319000.00000000000        139.27114496129212        5.4838759675282871        9.7115918441363278E-004   9.5211138905294227E-004   2.6497473898567752E-004   5759.7000000000580        0.0000000000000000        7.1404051172708511        7.0866198691007671        1.9912313669919971E-002  -6.3716709613800049E-002   2.9885002112474413E-004  -3.4879407559086903E-002   1.0000000000000000        1.8042591867620277       -3.0861119606422860     
   40000.000000000000       -244.27646783617129        75.501173128932550        1.3574858958196278E-002   1.3301827542095216E-002  -2.5060303933431268E-004   5676.0000000000073        0.0000000000000000        7.0511727078891333        7.0058528766766868        2.0374078459213830E-002  -6.9485299732571559E-002   2.6105798939830838E-004  -3.9927820081161684E-002   0.0000000000000000       -3.1646042784073196        51.487683098028036     
   52000.000000000000       -253.03280242463023        75.392645669359780        1.3546451620528213E-002   1.3274287919811193E-002  -2.7145966758834348E-004   5679.6000000000095        0.0000000000000000        7.0550106609808205        7.0096908297683740        2.0351774094392473E-002  -6.9217578351048414E-002   2.6063079420995602E-004  -3.9691580830072251E-002   0.0000000000000000       -3.2780426875478499        60.737816241659210     
   319000.00000000000        177.83088016335165       -14.574270109839640       -2.5810095554869685E-003  -2.5303870183932312E-003   3.8887895592654804E-004   5759.7000000000580        0.0000000000000000        7.1404051172708511        7.0866198691007671        1.9912313669919971E-002  -6.3716709613800049E-002   2.9885002112474413E-004  -3.4879407559086903E-002   1.0000000000000000        2.3038009726557482       -13.940470664476349     
   319000.00000000000        153.88883572879246        24.283813497636917        4.3005072781482799E-003   4.2161594349769387E-003   1.4884279293141584E-004   5759.7000000000580        0.0000000000000000        7.1404051172708511        7.0866198691007671        1.9912313669919971E-002  -6.3716709613800049E-002   2.9885002112474413E-004  -3.4879407559086903E-002   1.0000000000000000        1.9936315284903818       -6.0127076147415295     
   67000.000000000000       -251.13490489869034        73.117203033011648        1.3126836608832779E-002   1.2863461767564168E-002  -2.4917201842274356E-004   5684.1000000000122        0.0000000000000000        7.0598081023454284        7.0144882711329819        2.0323945106529403E-002  -6.8882926624144580E-002   2.6009810995810886E-004  -3.9396211632422670E-002   0.0000000000000000       -3.2534554046066368        58.559254456294980     
   319000.00000000000       -93.627687646179425        6.2341708059292715        1.1040315775249748E-003   1.0823776943120664E-003   2.6033997892020239E-004   5759.7000000000580        0.0000000000000000        7.1404051172708511        7.0866198691007671        1.9912313669919971E-002  -6.3716709613800049E-002   2.9885002112474413E-004  -3.4879407559086903E-002   1.0000000000000000       -1.2129477044067920       -4.0930703488119056     
   319000.00000000000       -159.98678994309870        10.447226624354691        1.8501366821514198E-003   1.8138490935907402E-003   2.3431487270666345E-004   5759.7000000000580        0.0000000000000000        7.1404051172708511        7.0866198691007671        1.9912313669919971E-002  -6.3716709613800049E-002   2.9885002112474413E-004  -3.4879407559086903E-002   1.0000000000000000       -2.0726305911797431        2.2501821065252883     
   37000.000000000000       -243.73279499524105        75.855813520955778        1.3640861247245438E-002   1.3366427643734153E-002  -2.5215512412040406E-004   5675.1000000000067        0.0000000000000000        7.0502132196162117        7.0048933884037652        2.0379660279550071E-002  -6.9552230077952359E-002   2.6116493405262814E-004  -3.9986872087666547E-002   0.0000000000000000       -3.1575609908827285        50.954417798683444     
   34000.000000000000       -247.27430650069297        72.678838554308854        1.3071704034662884E-002   1.2808649422704306E-002  -2.4218526249902611E-004   5674.2000000000062        0.0000000000000000        7.0492537313432901        7.0039339001308436        2.0385244394050449E-002  -6.9619160423333104E-002   2.6127193712952718E-004  -4.0045920968388646E-002   0.0000000000000000       -3.2034413106755393        54.599210538933612     
   319000.00000000000        139.01620808892176       -4.3986114243035797       -7.7896580970713170E-004  -7.6368759211478644E-004   3.2602135102000529E-004   5759.7000000000580        0.0000000000000000        7.1404051172708511        7.0866198691007671        1.9912313669919971E-002  -6.3716709613800049E-002   2.9885002112474413E-004  -3.4879407559086903E-002   1.0000000000000000        1.8009564768277735       -3.3912319024570001     
   91000.000000000000       -251.49021530688267        76.759344893779328        1.3762669989864092E-002   1.3487137366467962E-002  -2.6671252731660466E-004   5691.3000000000166        0.0000000000000000        7.0674840085288020        7.0221641773163554        2.0279537306355930E-002  -6.8347483861098346E-002   2.5924883042410113E-004  -3.8923459309562043E-002   0.0000000000000000       -3.2580584547812541        58.820188535420478     
   319000.00000000000       -95.839680942610329        17.442319303815086        3.0889226324004836E-003   3.0283381606359553E-003   1.9110442456583062E-004   5759.7000000000580        0.0000000000000000        7.1404051172708511        7.0866198691007671        1.9912313669919971E-002  -6.3716709613800049E-002   2.9885002112474413E-004  -3.4879407559086903E-002   1.0000000000000000       -1.2416041014461840       -4.1581434835018678     
   319000.00000000000       -133.81396076235541        17.916919389130086        3.1729712568599640E-003   3.1107383004548685E-003   1.8817270038233911E-004   5759.7000000000580        0.0000000000000000        7.1404051172708511        7.0866198691007671        1.9912313669919971E-002  -6.3716709613800049E-002   2.9885002112474413E-004  -3.4879407559086903E-002   1.0000000000000000       -1.7335613065405311       -2.4410141072164331     
   319000.00000000000        41.088889233649233       -8.0224687195321511       -1.4207276431447730E-003  -1.3928622531611144E-003   3.4840682965491193E-004   5759.7000000000580        0.0000000000000000        7.1404051172708511        7.0866198691007671        1.9912313669919971E-002  -6.3716709613800049E-002   2.9885002112474413E-004  -3.4879407559086903E-002   1.0000000000000000       0.53230700368165629        5.4616643691973774     
   319000.00000000000       -172.22889879921900       -5.0633743937323370       -8.9669105860801072E-004  -8.7910384112580269E-004   3.3012775920252891E-004   5759.7000000000580        0.0000000000000000        7.1404051172708511        7.0866198691007671        1.9912313669919971E-002  -6.3716709613800049E-002   2.9885002112474413E-004  -3.4879407559086903E-002   1.0000000000000000       -2.2312272435956819        5.0265254647701800     
   319000.00000000000        31.853558130089745       -10.763703604904046       -1.9061827211457208E-003  -1.8687958756365675E-003   3.6534012750870696E-004   5759.7000000000580        0.0000000000000000        7.1404051172708511        7.0866198691007671        1.9912313669919971E-002  -6.3716709613800049E-002   2.9885002112474413E-004  -3.4879407559086903E-002   1.0000000000000000       0.41266318951600506        5.2550110619156811     
   319000.00000000000       -114.60841837910961       -2.1168953511765607       -3.7488855964484119E-004  -3.6753569650789785E-004   3.1192661653000199E-004   5759.7000000000580        0.0000000000000000        7.1404051172708511        7.0866198691007671        1.9912313669919971E-002  -6.3716709613800049E-002   2.9885002112474413E-004  -3.4879407559086903E-002   1.0000000000000000       -1.4847532975925930       -4.0366885181067271     
   319000.00000000000       -158.70791079496905       -9.4089072452151168       -1.6662569942487489E-003  -1.6335759232625000E-003   3.5697120939363728E-004   5759.7000000000580        0.0000000000000000        7.1404051172708511        7.0866198691007671        1.9912313669919971E-002  -6.3716709613800049E-002   2.9885002112474413E-004  -3.4879407559086903E-002   1.0000000000000000       -2.0560626980069499        1.1052634972489455     
   319000.00000000000        150.00435771862502       -16.725505837073243       -2.9619795749973297E-003  -2.9038848962746455E-003   4.0216768047815824E-004   5759.7000000000580        0.0000000000000000        7.1404051172708511        7.0866198691007671        1.9912313669919971E-002  -6.3716709613800049E-002   2.9885002112474413E-004  -3.4879407559086903E-002   1.0000000000000000        1.9433080739257800       -6.5705363162565344     
   319000.00000000000       -102.37112637962996       -13.079563255218982       -2.3163065792587995E-003  -2.2708757843670417E-003   3.7964577546891387E-004   5759.7000000000580        0.0000000000000000        7.1404051172708511        7.0866198691007671        1.9912313669919971E-002  -6.3716709613800049E-002   2.9885002112474413E-004  -3.4879407559086903E-002   1.0000000000000000       -1.3262190476064444       -4.1795365455178413     
   319000.00000000000       -184.76359758523648        10.368408853252387        1.8361785615166246E-003   1.8001647400476210E-003   2.3480174991713878E-004   5759.7000000000580        0.0000000000000000        7.1404051172708511        7.0866198691007671        1.9912313669919971E-002  -6.3716709613800049E-002   2.9885002112474413E-004  -3.4879407559086903E-002   1.0000000000000000       -2.3936144017126955        10.551267092722911     
   319000.00000000000        71.576246186767733       -14.539812064666283       -2.5749072571773059E-003  -2.5244044072896396E-003   3.8866609990844693E-004   5759.7000000000580        0.0000000000000000        7.1404051172708511        7.0866198691007671        1.9912313669919971E-002  -6.3716709613800049E-002   2.9885002112474413E-004  -3.4879407559086903E-002   1.0000000000000000       0.92727104219836021        4.9433612563856046     
   319000.00000000000        29.922676528729891        13.868536066893089        2.4560285928212819E-003   2.4078573652955796E-003   2.1318058313897308E-004   5759.7000000000580        0.0000000000000000        7.1404051172708511        7.0866198691007671        1.9912313669919971E-002  -6.3716709613800049E-002   2.9885002112474413E-004  -3.4879407559086903E-002   1.0000000000000000       0.38764859752157899        5.0311723722617954     
   319000.00000000000        59.678907032039128       -6.0649653524767562       -1.0740663793428304E-003  -1.0530002174551965E-003   3.3631483865441847E-004   5759.7000000000580        0.0000000000000000        7.1404051172708511        7.0866198691007671        1.9912313669919971E-002  -6.3716709613800049E-002   2.9885002112474413E-004  -3.4879407559086903E-002   1.0000000000000000       0.77314088498662248        5.4377214031056882     
   319000.00000000000       -81.004492289317000        23.767670252800681        4.2091016271700544E-003   4.1265465654114694E-003   1.5203113966765348E-004   5759.7000000000580        0.0000000000000000        7.1404051172708511        7.0866198691007671        1.9912313669919971E-002  -6.3716709613800049E-002   2.9885002112474413E-004  -3.4879407559086903E-002   1.0000000000000000       -1.0494140722589351       -3.6695507751886391     
   319000.00000000000        39.219798420007045       -16.118132219790859       -2.8544176114724358E-003  -2.7984325954113400E-003   3.9841578076870148E-004   5759.7000000000580        0.0000000000000000        7.1404051172708511        7.0866198691007671        1.9912313669919971E-002  -6.3716709613800049E-002   2.9885002112474413E-004  -3.4879407559086903E-002   1.0000000000000000       0.50809291200930218        5.4667334219451034     
   319000.00000000000        56.810056347931962       -16.369272414079209       -2.8988929255938248E-003  -2.8420355945759403E-003   3.9996713696062723E-004   5759.7000000000580        0.0000000000000000        7.1404051172708511        7.0866198691007671        1.9912313669919971E-002  -6.3716709613800049E-002   2.9885002112474413E-004  -3.4879407559086903E-002   1.0000000000000000       0.73597489339742783        5.4407662697082255     
   319000.00000000000       -75.778044747814079       -1.9533668971524243       -3.4592872157066190E-004  -3.3914386116506149E-004   3.1091646010950042E-004   5759.7000000000580        0.0000000000000000        7.1404051172708511        7.0866198691007671        1.9912313669919971E-002  -6.3716709613800049E-002   2.9885002112474413E-004  -3.4879407559086903E-002   1.0000000000000000      -0.98170538792588602       -3.2338705474949592     
   319000.00000000000        29.646406322442107        7.7269251109807309        1.3683887697750995E-003   1.3415499263816958E-003   2.5111885985271251E-004   5759.7000000000580        0.0000000000000000        7.1404051172708511        7.0866198691007671        1.9912313669919971E-002  -6.3716709613800049E-002   2.9885002112474413E-004  -3.4879407559086903E-002   1.0000000000000000       0.38406951401607670        5.0451115285809163     
   319000.00000000000        74.452567727851743        9.3271163522266356        1.6517723528386410E-003   1.6193753758401552E-003   2.4123407578854986E-004   5759.7000000000580        0.0000000000000000        7.1404051172708511        7.0866198691007671        1.9912313669919971E-002  -6.3716709613800049E-002   2.9885002112474413E-004  -3.4879407559086903E-002   1.0000000000000000       0.96453381882035671        5.0348880497837190     
   319000.00000000000        62.301023265984277       -6.0942502216620591       -1.0792525414373164E-003  -1.0580846609479656E-003   3.3649573866235667E-004   5759.7000000000580        0.0000000000000000        7.1404051172708511        7.0866198691007671        1.9912313669919971E-002  -6.3716709613800049E-002   2.9885002112474413E-004  -3.4879407559086903E-002   1.0000000000000000       0.80711042910983821        5.3782330508149556     
   319000.00000000000        70.912086461966780        12.521814722950420        2.2175328993081249E-003   2.1740393983975372E-003   2.2149961984930248E-004   5759.7000000000580        0.0000000000000000        7.1404051172708511        7.0866198691007671        1.9912313669919971E-002  -6.3716709613800049E-002   2.9885002112474413E-004  -3.4879407559086903E-002   1.0000000000000000       0.91866684579225966        5.1976339569202201     
   319000.00000000000        164.21349894040296        25.590319415293852        4.5318810781642526E-003   4.4429951933770149E-003   1.4077217703144731E-004   5759.7000000000580        0.0000000000000000        7.1404051172708511        7.0866198691007671        1.9912313669919971E-002  -6.3716709613800049E-002   2.9885002112474413E-004  -3.4879407559086903E-002   1.0000000000000000        2.1273876518779624       -8.5681930857531317     
   319000.00000000000        110.09287940365017       -17.243706121561601       -3.0537495144756393E-003  -2.9938549093809449E-003   4.0536873406608241E-004   5759.7000000000580        0.0000000000000000        7.1404051172708511        7.0866198691007671        1.9912313669919971E-002  -6.3716709613800049E-002   2.9885002112474413E-004  -3.4879407559086903E-002   1.0000000000000000        1.4262544414087150        1.1191481450150207     
   79000.000000000000       -250.80295944873984        76.797218477714168        1.3778481859279219E-002   1.3502332837124669E-002  -2.6802028204316302E-004   5687.7000000000144        0.0000000000000000        7.0636460554371157        7.0183262242246691        2.0301722993228622E-002  -6.8615205242621435E-002   2.5967300725162484E-004  -3.9159860294507881E-002   0.0000000000000000       -3.2491550477183275        58.134141839581893     
   319000.00000000000       -107.74355326650432        18.103934469764646        3.2060904255387496E-003   3.1432078875226945E-003   1.8701746115769790E-004   5759.7000000000580        0.0000000000000000        7.1404051172708511        7.0866198691007671        1.9912313669919971E-002  -6.3716709613800049E-002   2.9885002112474413E-004  -3.4879407559086903E-002   1.0000000000000000       -1.3958188959350013       -4.1501761686067917     
   319000.00000000000        156.50814964122270        1.6410454375638412        2.9061859862752128E-004   2.8491856130767655E-004   2.8871287040695370E-004   5759.7000000000580        0.0000000000000000        7.1404051172708511        7.0866198691007671        1.9912313669919971E-002  -6.3716709613800049E-002   2.9885002112474413E-004  -3.4879407559086903E-002   1.0000000000000000        2.0275647685081135       -7.0983031403065002     
   319000.00000000000       -171.15818449753411        19.844339151631161        3.5143049076677042E-003   3.4453772161103808E-003   1.7626654337919934E-004   5759.7000000000580        0.0000000000000000        7.1404051172708511        7.0866198691007671        1.9912313669919971E-002  -6.3716709613800049E-002   2.9885002112474413E-004  -3.4879407559086903E-002   1.0000000000000000       -2.2173561282562524        5.6854278974716390     
   106000.00000000000       -251.15971431984525        77.091200389919990        1.3810867526377755E-002   1.3534744968208105E-002  -2.6433253802584061E-004   5695.8000000000193        0.0000000000000000        7.0722814498934108        7.0269616186809642        2.0251856301230331E-002  -6.8012832134194401E-002   2.5871990756968707E-004  -3.8627888420386509E-002   0.0000000000000000       -3.2537768109255798        58.379883203961981     
   319000.00000000000       -72.243655300227175       -6.6529288200105610       -1.1781909301124399E-003  -1.1550825251333391E-003   3.3994683698335750E-004   5759.7000000000580        0.0000000000000000        7.1404051172708511        7.0866198691007671        1.9912313669919971E-002  -6.3716709613800049E-002   2.9885002112474413E-004  -3.4879407559086903E-002   1.0000000000000000      -0.93591733446961689       -2.9341328865625518     
   319000.00000000000       -36.870216048461096        34.622430584969088        6.1314099094169124E-003   6.0111517240427001E-003   8.4978552960465731E-005   5759.7000000000580        0.0000000000000000        7.1404051172708511        7.0866198691007671        1.9912313669919971E-002  -6.3716709613800049E-002   2.9885002112474413E-004  -3.4879407559086903E-002   1.0000000000000000      -0.47765404701616876      -0.18555825622266320     
   319000.00000000000        161.91123068869871        27.534789070644479        4.8762341554017966E-003   4.7805943140518089E-003   1.2876069854873013E-004   5759.7000000000580        0.0000000000000000        7.1404051172708511        7.0866198691007671        1.9912313669919971E-002  -6.3716709613800049E-002   2.9885002112474413E-004  -3.4879407559086903E-002   1.0000000000000000        2.0975617418182551       -7.9864486652587914     
   319000.00000000000      -0.10384922972811743       -13.202036682832027       -2.3379958360504041E-003  -2.2921396397089944E-003   3.8040232465775343E-004   5759.7000000000580        0.0000000000000000        7.1404051172708511        7.0866198691007671        1.9912313669919971E-002  -6.3716709613800049E-002   2.9885002112474413E-004  -3.4879407559086903E-002   1.0000000000000000       -1.3453678924460087E-003   3.5228042949494771     
   319000.00000000000       -197.24284551137848       -13.483698209782203       -2.3878762820001907E-003  -2.3410417573453595E-003   3.8214221880372885E-004   5759.7000000000580        0.0000000000000000        7.1404051172708511        7.0866198691007671        1.9912313669919971E-002  -6.3716709613800049E-002   2.9885002112474413E-004  -3.4879407559086903E-002   1.0000000000000000       -2.5552831933412881        14.140518105846112     
   319000.00000000000       -19.429804417996451        34.032134729764572        6.0268723077830160E-003   5.9086644668583828E-003   8.8624959035107063E-005   5759.7000000000580        0.0000000000000000        7.1404051172708511        7.0866198691007671        1.9912313669919971E-002  -6.3716709613800049E-002   2.9885002112474413E-004  -3.4879407559086903E-002   1.0000000000000000      -0.25171332602961527        1.4575916137189804     
   319000.00000000000        171.95083309247320        17.421577865706546        3.0852494570339489E-003   3.0247370289609478E-003   1.9123254964963218E-004   5759.7000000000580        0.0000000000000000        7.1404051172708511        7.0866198691007671        1.9912313669919971E-002  -6.3716709613800049E-002   2.9885002112474413E-004  -3.4879407559086903E-002   1.0000000000000000        2.2276248993623593       -10.683667388473589     
   319000.00000000000        145.39838485814917        3.0313906483484998        5.3683979855148991E-004   5.2631051067737365E-004   2.8012435809104534E-004   5759.7000000000580        0.0000000000000000        7.1404051172708511        7.0866198691007671        1.9912313669919971E-002  -6.3716709613800049E-002   2.9885002112474413E-004  -3.4879407559086903E-002   1.0000000000000000        1.8836376457850490       -4.4601002538213308     
   39000.000000000000       -249.21953309669132        76.289780856589857        1.3717398559565800E-002   1.3441475211267291E-002  -2.7015063886282878E-004   5675.7000000000071        0.0000000000000000        7.0508528784648261        7.0055330472523796        2.0375938811163032E-002  -6.9507609847698493E-002   2.6109363112748057E-004  -3.9947504430537989E-002   0.0000000000000000       -3.2286417422303986        56.633849068695376     
   319000.00000000000        82.750241950376662        6.4690675901758476        1.1456302881378826E-003   1.1231605101265313E-003   2.5888896236055933E-004   5759.7000000000580        0.0000000000000000        7.1404051172708511        7.0866198691007671        1.9912313669919971E-002  -6.3716709613800049E-002   2.9885002112474413E-004  -3.4879407559086903E-002   1.0000000000000000        1.0720302779677990        4.5474890118723783     
   319000.00000000000       -48.939906019309547       -15.586417862485268       -2.7602544165643899E-003  -2.7061162669036773E-003   3.9513124735150279E-004   5759.7000000000580        0.0000000000000000        7.1404051172708511        7.0866198691007671        1.9912313669919971E-002  -6.3716709613800049E-002   2.9885002112474413E-004  -3.4879407559086903E-002   1.0000000000000000      -0.63401701091170726      -0.80257528065902484     
   319000.00000000000       -37.141954737100406        33.758128799229738        5.9783476187494954E-003   5.8610915150492902E-003   9.0317562635116769E-005   5759.7000000000580        0.0000000000000000        7.1404051172708511        7.0866198691007671        1.9912313669919971E-002  -6.3716709613800049E-002   2.9885002112474413E-004  -3.4879407559086903E-002   1.0000000000000000      -0.48117442466160570      -0.21730245866436315     
   111000.00000000000       -245.52259375342442        77.754221062240759        1.3925851629568610E-002   1.3647556046239531E-002  -2.5226600673063115E-004   5697.3000000000202        0.0000000000000000        7.0738805970149468        7.0285607658025002        2.0242641893168364E-002  -6.7901281558559790E-002   2.5854391971472795E-004  -3.8529347623120248E-002   0.0000000000000000       -3.1807478531204523        52.417161377632809     
   319000.00000000000        87.954579839119106        12.185861102945443        2.1580376726588069E-003   2.1157110792133825E-003   2.2357488991935819E-004   5759.7000000000580        0.0000000000000000        7.1404051172708511        7.0866198691007671        1.9912313669919971E-002  -6.3716709613800049E-002   2.9885002112474413E-004  -3.4879407559086903E-002   1.0000000000000000        1.1394525315106059        4.2196672349739686     
   319000.00000000000       -183.50681007039273       -10.471053433594914       -1.8543562569131270E-003  -1.8179859078762451E-003   3.6353235374069246E-004   5759.7000000000580        0.0000000000000000        7.1404051172708511        7.0866198691007671        1.9912313669919971E-002  -6.3716709613800049E-002   2.9885002112474413E-004  -3.4879407559086903E-002   1.0000000000000000       -2.3773327058876563        8.5251808716635651     
   319000.00000000000       -52.519052377156953       -13.658089914562549       -2.4187599319561398E-003  -2.3713196719555552E-003   3.8321948025842392E-004   5759.7000000000580        0.0000000000000000        7.1404051172708511        7.0866198691007671        1.9912313669919971E-002  -6.3716709613800049E-002   2.9885002112474413E-004  -3.4879407559086903E-002   1.0000000000000000      -0.68038489062366658       -1.1811965669953093     
   319000.00000000000       -37.048033376528991        13.182051608185906        2.3344566077912860E-003   2.2886698279746816E-003   2.1742117042805281E-004   5759.7000000000580        0.0000000000000000        7.1404051172708511        7.0866198691007671        1.9912313669919971E-002  -6.3716709613800049E-002   2.9885002112474413E-004  -3.4879407559086903E-002   1.0000000000000000      -0.47995767242128157      -0.19802963430831191     
   319000.00000000000        141.82465838623938        20.947401220591114        3.7096501097824051E-003   3.6368910222044381E-003   1.6945265133930281E-004   5759.7000000000580        0.0000000000000000        7.1404051172708511        7.0866198691007671        1.9912313669919971E-002  -6.3716709613800049E-002   2.9885002112474413E-004  -3.4879407559086903E-002   1.0000000000000000        1.8373399807539328       -3.3513836082353525     
   319000.00000000000        73.304909221052327        17.979450156130561        3.1840450537584577E-003   3.1215949018404397E-003   1.8778643209562800E-004   5759.7000000000580        0.0000000000000000        7.1404051172708511        7.0866198691007671        1.9912313669919971E-002  -6.3716709613800049E-002   2.9885002112474413E-004  -3.4879407559086903E-002   1.0000000000000000       0.94966589047285921        5.1160961796141553     
   319000.00000000000        173.24605105825322       -2.0988197334277006       -3.7168748392855949E-004  -3.6439740497381449E-004   3.1181495888954729E-004   5759.7000000000580        0.0000000000000000        7.1404051172708511        7.0866198691007671        1.9912313669919971E-002  -6.3716709613800049E-002   2.9885002112474413E-004  -3.4879407559086903E-002   1.0000000000000000        2.2444044620942321       -11.719508274259258     
   319000.00000000000        25.027487374981362      -0.51968789735812848       -9.2033386155419535E-005  -9.0228292681584674E-005   3.0206026407179600E-004   5759.7000000000580        0.0000000000000000        7.1404051172708511        7.0866198691007671        1.9912313669919971E-002  -6.3716709613800049E-002   2.9885002112474413E-004  -3.4879407559086903E-002   1.0000000000000000       0.32423136917867013        4.8976692444703867     
   319000.00000000000        192.46715247858310        20.831974356156014        3.6892087540354884E-003   3.6168505922453955E-003   1.7016567213377735E-004   5759.7000000000580        0.0000000000000000        7.1404051172708511        7.0866198691007671        1.9912313669919971E-002  -6.3716709613800049E-002   2.9885002112474413E-004  -3.4879407559086903E-002   1.0000000000000000        2.4934140385355943       -16.746699063801280     
   319000.00000000000        96.475436425162783       -5.5034316274091024       -9.7462236607802105E-004  -9.5550664572964690E-004   3.3284610349704007E-004   5759.7000000000580        0.0000000000000000        7.1404051172708511        7.0866198691007671        1.9912313669919971E-002  -6.3716709613800049E-002   2.9885002112474413E-004  -3.4879407559086903E-002   1.0000000000000000        1.2498403205872586        3.2002767673002830     
   319000.00000000000       -70.511242400852979       -14.265149228626866       -2.5262662344014020E-003  -2.4767174034457909E-003   3.8696943843779283E-004   5759.7000000000580        0.0000000000000000        7.1404051172708511        7.0866198691007671        1.9912313669919971E-002  -6.3716709613800049E-002   2.9885002112474413E-004  -3.4879407559086903E-002   1.0000000000000000      -0.91347390665239259       -2.6682189176427720     
   319000.00000000000        115.14963324763609        18.046148513932916        3.1958569041993894E-003   3.1331750809821231E-003   1.8737441955155406E-004   5759.7000000000580        0.0000000000000000        7.1404051172708511        7.0866198691007671        1.9912313669919971E-002  -6.3716709613800049E-002   2.9885002112474413E-004  -3.4879407559086903E-002   1.0000000000000000        1.4917647420581535        1.2896349196519676     
   319000.00000000000        87.712004413491428        3.5020574730155332        6.2019186783255590E-004   6.0802775717754356E-004   2.7721693064857518E-004   5759.7000000000580        0.0000000000000000        7.1404051172708511        7.0866198691007671        1.9912313669919971E-002  -6.3716709613800049E-002   2.9885002112474413E-004  -3.4879407559086903E-002   1.0000000000000000        1.1363099642523766        4.1562025681975259     
   30000.000000000000       -250.72106254629395        72.506877511144793        1.3043631610210070E-002   1.2781046626325529E-002  -2.5240044091024002E-004   5673.0000000000055        0.0000000000000000        7.0479744136460614        7.0026545824336148        2.0392693450924121E-002  -6.9708400883840782E-002   2.6141469884726279E-004  -4.0124647944188609E-002   0.0000000000000000       -3.2480940724628544        58.303590672790634     
   319000.00000000000        33.549739021879134       -10.249765042567290       -1.8151675052668244E-003  -1.7795657833857990E-003   3.6216539965118564E-004   5759.7000000000580        0.0000000000000000        7.1404051172708511        7.0866198691007671        1.9912313669919971E-002  -6.3716709613800049E-002   2.9885002112474413E-004  -3.4879407559086903E-002   1.0000000000000000       0.43463723128375087        5.3024977148403352     
   319000.00000000000        4.1798656511463452       -15.829498704921717       -2.8033024712769698E-003  -2.7483200001600008E-003   3.9663281889850630E-004   5759.7000000000580        0.0000000000000000        7.1404051172708511        7.0866198691007671        1.9912313669919971E-002  -6.3716709613800049E-002   2.9885002112474413E-004  -3.4879407559086903E-002   1.0000000000000000        5.4150204642949396E-002   3.8892798109976319     
   319000.00000000000       -87.964754221220176       -16.842249442810846       -2.9826541171651278E-003  -2.9241539390611796E-003   4.0288883511508116E-004   5759.7000000000580        0.0000000000000000        7.1404051172708511        7.0866198691007671        1.9912313669919971E-002  -6.3716709613800049E-002   2.9885002112474413E-004  -3.4879407559086903E-002   1.0000000000000000       -1.1395843407405837       -3.7033518913994539     
   319000.00000000000       -108.14472458725129       -6.6981071393450105       -1.1861917200679062E-003  -1.1629263918858522E-003   3.4022591483323693E-004   5759.7000000000580        0.0000000000000000        7.1404051172708511        7.0866198691007671        1.9912313669919971E-002  -6.3716709613800049E-002   2.9885002112474413E-004  -3.4879407559086903E-002   1.0000000000000000       -1.4010160747269496       -4.1915176664676475     
   319000.00000000000        77.255785221225409        30.414969040885762        5.3862955148173937E-003   5.2806516035358532E-003   1.1096910193331876E-004   5759.7000000000580        0.0000000000000000        7.1404051172708511        7.0866198691007671        1.9912313669919971E-002  -6.3716709613800049E-002   2.9885002112474413E-004  -3.4879407559086903E-002   1.0000000000000000        1.0008495317149206        4.9308672833065863     
   319000.00000000000       -29.182402412209466       -6.0924428891908011       -1.0789324744738867E-003  -1.0577708716062884E-003   3.3648457431477744E-004   5759.7000000000580        0.0000000000000000        7.1404051172708511        7.0866198691007671        1.9912313669919971E-002  -6.3716709613800049E-002   2.9885002112474413E-004  -3.4879407559086903E-002   1.0000000000000000      -0.37805833834890296       0.82886484932110116     
   319000.00000000000        115.22207483397413        19.777352078085425        3.5024419275244368E-003   3.4337469100969194E-003   1.7668033939308969E-004   5759.7000000000580        0.0000000000000000        7.1404051172708511        7.0866198691007671        1.9912313669919971E-002  -6.3716709613800049E-002   2.9885002112474413E-004  -3.4879407559086903E-002   1.0000000000000000        1.4927032235913551        1.2889995867567687     
   319000.00000000000       -197.15353697206797        6.6438917368898478        1.1765905207806173E-003   1.1535135053717695E-003   2.5780902960319474E-004   5759.7000000000580        0.0000000000000000        7.1404051172708511        7.0866198691007671        1.9912313669919971E-002  -6.3716709613800049E-002   2.9885002112474413E-004  -3.4879407559086903E-002   1.0000000000000000       -2.5541262002502063        16.170658397670234     
   319000.00000000000        168.64909775097993       -11.499015303040110       -2.0364016964252597E-003  -1.9964608057780778E-003   3.6988233294552004E-004   5759.7000000000580        0.0000000000000000        7.1404051172708511        7.0866198691007671        1.9912313669919971E-002  -6.3716709613800049E-002   2.9885002112474413E-004  -3.4879407559086903E-002   1.0000000000000000        2.1848508823626296       -11.035061976788334     
   35000.000000000000       -255.49716809237529        76.279215698132091        1.3718501543890940E-002   1.3442455846000883E-002  -2.8686353268309343E-004   5674.5000000000064        0.0000000000000000        7.0495735607675973        7.0042537295551508        2.0383382767565600E-002  -6.9596850308206171E-002   2.6123626294336996E-004  -4.0026238355558304E-002   0.0000000000000000       -3.3099685713826221        63.630454039536666     
   319000.00000000000       -95.571770559176230       -11.268868521412646       -1.9956441807439758E-003  -1.9565026861490236E-003   3.6846065834762742E-004   5759.7000000000580        0.0000000000000000        7.1404051172708511        7.0866198691007671        1.9912313669919971E-002  -6.3716709613800049E-002   2.9885002112474413E-004  -3.4879407559086903E-002   1.0000000000000000       -1.2381333195360169       -4.0532546224724397     
   319000.00000000000       -173.98047838626164        18.554886015089480        3.2859510455748231E-003   3.2215021641907203E-003   1.8423181995804615E-004   5759.7000000000580        0.0000000000000000        7.1404051172708511        7.0866198691007671        1.9912313669919971E-002  -6.3716709613800049E-002   2.9885002112474413E-004  -3.4879407559086903E-002   1.0000000000000000       -2.2539189760586043        6.6260907104876061     
   319000.00000000000       -122.22290130157319        22.788718126030364        4.0357354980592305E-003   3.9565807465718932E-003   1.5807837335626127E-004   5759.7000000000580        0.0000000000000000        7.1404051172708511        7.0866198691007671        1.9912313669919971E-002  -6.3716709613800049E-002   2.9885002112474413E-004  -3.4879407559086903E-002   1.0000000000000000       -1.5833990060709420       -3.5159048724073712     
   319000.00000000000        67.955829120674153        4.5024718190247244        7.9735881801503599E-004   7.8171984982285168E-004   2.7103711942970366E-004   5759.7000000000580        0.0000000000000000        7.1404051172708511        7.0866198691007671        1.9912313669919971E-002  -6.3716709613800049E-002   2.9885002112474413E-004  -3.4879407559086903E-002   1.0000000000000000       0.88036850001544875        5.2697452841077412     
   319000.00000000000       -32.158018467316488        17.565487616779038        3.1107349489211261E-003   3.0497226620794242E-003   1.9034358289527636E-004   5759.7000000000580        0.0000000000000000        7.1404051172708511        7.0866198691007671        1.9912313669919971E-002  -6.3716709613800049E-002   2.9885002112474413E-004  -3.4879407559086903E-002   1.0000000000000000      -0.41660747647220614       0.23827198795939539     
   319000.00000000000        172.70008654471758       -9.8827273372021907       -1.7501674869035203E-003  -1.7158406405198346E-003   3.5989811536201843E-004   5759.7000000000580        0.0000000000000000        7.1404051172708511        7.0866198691007671        1.9912313669919971E-002  -6.3716709613800049E-002   2.9885002112474413E-004  -3.4879407559086903E-002   1.0000000000000000        2.2373314859262936       -12.062549237487035     
   52000.000000000000       -244.17421033878151        72.787575394858507        1.3078376012777660E-002   1.2815616486171277E-002  -2.2870900422831443E-004   5679.6000000000095        0.0000000000000000        7.0550106609808205        7.0096908297683740        2.0351774094392473E-002  -6.9217578351048414E-002   2.6063079420995602E-004  -3.9691580830072251E-002   0.0000000000000000       -3.1632795314245032        51.328609492124670     
   319000.00000000000       -190.70757441430783        10.039342902576159        1.7779030968326445E-003   1.7430322590718367E-003   2.3683447312012939E-004   5759.7000000000580        0.0000000000000000        7.1404051172708511        7.0866198691007671        1.9912313669919971E-002  -6.3716709613800049E-002   2.9885002112474413E-004  -3.4879407559086903E-002   1.0000000000000000       -2.4706186857137586        13.185691716050700     
   319000.00000000000       -141.72435485479798        21.829859569871743        3.8659278111456345E-003   3.7901035765528627E-003   1.6400148400166331E-004   5759.7000000000580        0.0000000000000000        7.1404051172708511        7.0866198691007671        1.9912313669919971E-002  -6.3716709613800049E-002   2.9885002112474413E-004  -3.4879407559086903E-002   1.0000000000000000       -1.8360405474210761       -1.3356444744186411     
   319000.00000000000       -182.95603308810718       -5.9475087285574650E-002  -1.0532655662382167E-005  -1.0326073803422757E-005   2.9921741370874392E-004   5759.7000000000580        0.0000000000000000        7.1404051172708511        7.0866198691007671        1.9912313669919971E-002  -6.3716709613800049E-002   2.9885002112474413E-004  -3.4879407559086903E-002   1.0000000000000000       -2.3701973841351003        9.2032259172887478     
   319000.00000000000        68.844319531986230        31.380414012346179        5.5572696135445651E-003   5.4482723079927534E-003   1.0500530534280150E-004   5759.7000000000580        0.0000000000000000        7.1404051172708511        7.0866198691007671        1.9912313669919971E-002  -6.3716709613800049E-002   2.9885002112474413E-004  -3.4879407559086903E-002   1.0000000000000000       0.89187890288752492        5.2816724914888322     
   319000.00000000000        33.753475918727432        13.396456573193902        2.3724263489350210E-003   2.3258948509807397E-003   2.1609673699362266E-004   5759.7000000000580        0.0000000000000000        7.1404051172708511        7.0866198691007671        1.9912313669919971E-002  -6.3716709613800049E-002   2.9885002112474413E-004  -3.4879407559086903E-002   1.0000000000000000       0.43727664498228186        5.1807174083321099     
   319000.00000000000       -191.15350043596598        13.057946964310439        2.3124784730847916E-003   2.2671227606143214E-003   2.1818779605032137E-004   5759.7000000000580        0.0000000000000000        7.1404051172708511        7.0866198691007671        1.9912313669919971E-002  -6.3716709613800049E-002   2.9885002112474413E-004  -3.4879407559086903E-002   1.0000000000000000       -2.4763956621392533        13.530155353003442     
   63000.000000000000       -250.50989229909757        75.255963195927180        1.3513764542601689E-002   1.3242528145124326E-002  -2.6143524242607809E-004   5682.9000000000115        0.0000000000000000        7.0585287846481997        7.0132089534357531        2.0331360586175660E-002  -6.8972167084652258E-002   2.6024001704778518E-004  -3.9474984361070227E-002   0.0000000000000000       -3.2453583596303019        57.900006029595765     
   34000.000000000000       -250.13257984880380        75.658402845176852        1.3607595682592465E-002   1.3333756801871060E-002  -2.6970163423477571E-004   5674.2000000000062        0.0000000000000000        7.0492537313432901        7.0039339001308436        2.0385244394050449E-002  -6.9619160423333104E-002   2.6127193712952718E-004  -4.0045920968388646E-002   0.0000000000000000       -3.2404702727626922        57.642991176402163     
   319000.00000000000        25.804681541492258        12.911173007086912        2.2864857486989028E-003   2.2416398435833084E-003   2.1909445572699076E-004   5759.7000000000580        0.0000000000000000        7.1404051172708511        7.0866198691007671        1.9912313669919971E-002  -6.3716709613800049E-002   2.9885002112474413E-004  -3.4879407559086903E-002   1.0000000000000000       0.33429992799761910        4.8493533174792249     
   319000.00000000000        24.152626918162671       0.32831201080074585        5.8141946778231448E-005   5.7001581818626411E-005   2.9682195519813045E-004   5759.7000000000580        0.0000000000000000        7.1404051172708511        7.0866198691007671        1.9912313669919971E-002  -6.3716709613800049E-002   2.9885002112474413E-004  -3.4879407559086903E-002   1.0000000000000000       0.31289754251422608        4.8489933446965496     
   319000.00000000000        171.06407919180506        4.9638886004238483        8.7907276409108300E-004   8.6183110238793653E-004   2.6818683183272863E-004   5759.7000000000580        0.0000000000000000        7.1404051172708511        7.0866198691007671        1.9912313669919971E-002  -6.3716709613800049E-002   2.9885002112474413E-004  -3.4879407559086903E-002   1.0000000000000000        2.2161369930044255       -10.771572987375398     
   319000.00000000000        147.21994247713275        14.502319824994286        2.5682676225252284E-003   2.5178949988704518E-003   2.0926554134226505E-004   5759.7000000000580        0.0000000000000000        7.1404051172708511        7.0866198691007671        1.9912313669919971E-002  -6.3716709613800049E-002   2.9885002112474413E-004  -3.4879407559086903E-002   1.0000000000000000        1.9072359444073581       -4.5713285769817400     
   32000.000000000000       -244.60944079154373        71.634894111309649        1.2885355214347236E-002   1.2626003615219539E-002  -2.2679859404238891E-004   5673.6000000000058        0.0000000000000000        7.0486140724946758        7.0032942412822292        2.0388968412207234E-002  -6.9663780653586971E-002   2.6134330499081801E-004  -4.0085285151514459E-002   0.0000000000000000       -3.1689179466394650        51.862179511281035     
   319000.00000000000       -188.35968857661254        13.376944891629275        2.3689709555477449E-003   2.3225072298260572E-003   2.1621726556172359E-004   5759.7000000000580        0.0000000000000000        7.1404051172708511        7.0866198691007671        1.9912313669919971E-002  -6.3716709613800049E-002   2.9885002112474413E-004  -3.4879407559086903E-002   1.0000000000000000       -2.4402017993349796        12.246267409188754     
   319000.00000000000        187.01210200798846        19.452472687766132        3.4449078757691608E-003   3.3773413003743138E-003   1.7868720115900129E-004   5759.7000000000580        0.0000000000000000        7.1404051172708511        7.0866198691007671        1.9912313669919971E-002  -6.3716709613800049E-002   2.9885002112474413E-004  -3.4879407559086903E-002   1.0000000000000000        2.4227438007878082       -15.056030463591927     
   319000.00000000000        150.59585134840995        6.6870746550320783        1.1842379380110459E-003   1.1610109302623418E-003   2.5754227784872068E-004   5759.7000000000580        0.0000000000000000        7.1404051172708511        7.0866198691007671        1.9912313669919971E-002  -6.3716709613800049E-002   2.9885002112474413E-004  -3.4879407559086903E-002   1.0000000000000000        1.9509708802863315       -5.5110026888658945     
   319000.00000000000       -98.444868845996751        23.957405466187311        4.2427025138746747E-003   4.1594884223461409E-003   1.5085909749834725E-004   5759.7000000000580        0.0000000000000000        7.1404051172708511        7.0866198691007671        1.9912313669919971E-002  -6.3716709613800049E-002   2.9885002112474413E-004  -3.4879407559086903E-002   1.0000000000000000       -1.2753543388642268       -4.1922419958464259     
   319000.00000000000        203.11756770197053       -16.833472692238125       -2.9810998110541805E-003  -2.9226301182766388E-003   3.7194836042128091E-004   5759.7000000000580       -5.0000000000000001E-003   7.1404051172708511        7.0866198691007671        1.9912313669919971E-002  -6.3716709613800049E-002   2.9885002112474413E-004  -3.4879407559086903E-002   1.0000000000000000        2.6313902827530713       -22.050631839647959     
   319000.00000000000       -203.50559232482860        6.8112482503309044        1.2062282835714087E-003   1.1825699689794321E-003   2.8766148479256572E-004   5759.7000000000580        5.0000000000000001E-003   7.1404051172708511        7.0866198691007671        1.9912313669919971E-002  -6.3716709613800049E-002   2.9885002112474413E-004  -3.4879407559086903E-002   1.0000000000000000       -2.6364171459319166        19.476349227943302     
   319000.00000000000       -144.03541151485641       -3.3086877213829951       -5.8594732776678839E-004  -5.7445487115352569E-004   3.1928861797405120E-004   5759.7000000000580        0.0000000000000000        7.1404051172708511        7.0866198691007671        1.9912313669919971E-002  -6.3716709613800049E-002   2.9885002112474413E-004  -3.4879407559086903E-002   1.0000000000000000       -1.8659803114059053       -1.4105490712406519     
   319000.00000000000        84.151771346294083       -15.665871778340454       -2.7743251943458886E-003  -2.7199110679966484E-003   3.9562205418823386E-004   5759.7000000000580        0.0000000000000000        7.1404051172708511        7.0866198691007671        1.9912313669919971E-002  -6.3716709613800049E-002   2.9885002112474413E-004  -3.4879407559086903E-002   1.0000000000000000        1.0901871064250066        4.0957976912828515     
   319000.00000000000       -92.532135804200749        3.8564056585340025        6.8294465379712874E-004   6.6954974365573960E-004   2.7502803271744369E-004   5759.7000000000580        0.0000000000000000        7.1404051172708511        7.0866198691007671        1.9912313669919971E-002  -6.3716709613800049E-002   2.9885002112474413E-004  -3.4879407559086903E-002   1.0000000000000000       -1.1987548184646721       -4.0559972949208305     
   319000.00000000000        86.696195567732886        13.196428964068751        2.3370027451029042E-003   2.2911660267146933E-003   2.1733235788199432E-004   5759.7000000000580        0.0000000000000000        7.1404051172708511        7.0866198691007671        1.9912313669919971E-002  -6.3716709613800049E-002   2.9885002112474413E-004  -3.4879407559086903E-002   1.0000000000000000        1.1231501496873182        4.3211821212461166     
   319000.00000000000        23.829903073038899       -9.0395311036949995       -1.6008428538734668E-003  -1.5694447807515857E-003   3.5468947999575787E-004   5759.7000000000580        0.0000000000000000        7.1404051172708511        7.0866198691007671        1.9912313669919971E-002  -6.3716709613800049E-002   2.9885002112474413E-004  -3.4879407559086903E-002   1.0000000000000000       0.30871665161601769        4.9270780643299208     
   319000.00000000000       -202.82583319291027       -4.6073363380839876       -8.1592965028887826E-004  -7.9992644375296304E-004   3.3657948430841091E-004   5759.7000000000580        5.0000000000000001E-003   7.1404051172708511        7.0866198691007671        1.9912313669919971E-002  -6.3716709613800049E-002   2.9885002112474413E-004  -3.4879407559086903E-002   1.0000000000000000       -2.6276108590381746        18.010548949836938     
   319000.00000000000        89.794887674304519        4.3033972488933196        7.6210399126273637E-004   7.4715649233350286E-004   2.7226685315633178E-004   5759.7000000000580        0.0000000000000000        7.1404051172708511        7.0866198691007671        1.9912313669919971E-002  -6.3716709613800049E-002   2.9885002112474413E-004  -3.4879407559086903E-002   1.0000000000000000        1.1632937393862663        3.9966573787694206     
   96000.000000000000       -248.62026094444843        77.524362554460467        1.3896043957465047E-002   1.3617967002961676E-002  -2.6282311689827906E-004   5692.8000000000175        0.0000000000000000        7.0690831556503388        7.0237633244378923        2.0270304002089116E-002  -6.8235933285463624E-002   2.5907236274292159E-004  -3.8824944271091892E-002   0.0000000000000000       -3.2208781650274152        55.705930479744836     
   319000.00000000000       -15.875168440571619        33.863330949681078        5.9969782433726372E-003   5.8793567285936313E-003   8.9667702472473075E-005   5759.7000000000580        0.0000000000000000        7.1404051172708511        7.0866198691007671        1.9912313669919971E-002  -6.3716709613800049E-002   2.9885002112474413E-004  -3.4879407559086903E-002   1.0000000000000000      -0.20566297856068272        1.7837204433123293     
   319000.00000000000       -60.173301215506513       -10.232334817588434       -1.8120807244616339E-003  -1.7765395450437230E-003   3.6205772876431614E-004   5759.7000000000580        0.0000000000000000        7.1404051172708511        7.0866198691007671        1.9912313669919971E-002  -6.3716709613800049E-002   2.9885002112474413E-004  -3.4879407559086903E-002   1.0000000000000000      -0.77954576697169320       -1.9323402304807533     
   319000.00000000000        167.99279168586082        25.691697269719683        4.5498344445432104E-003   4.4605964320571252E-003   1.4014594050792579E-004   5759.7000000000580        0.0000000000000000        7.1404051172708511        7.0866198691007671        1.9912313669919971E-002  -6.3716709613800049E-002   2.9885002112474413E-004  -3.4879407559086903E-002   1.0000000000000000        2.1763484302025078       -9.5633762116431082     
   319000.00000000000       -81.692365755480637        23.949296466886622        4.2412664622218108E-003   4.1580805366401687E-003   1.5090918882805688E-004   5759.7000000000580        0.0000000000000000        7.1404051172708511        7.0866198691007671        1.9912313669919971E-002  -6.3716709613800049E-002   2.9885002112474413E-004  -3.4879407559086903E-002   1.0000000000000000       -1.0583254804404398       -3.7028498115935404     
   319000.00000000000        180.96546267162981       -14.400719954337085       -2.5502749384987782E-003  -2.5002552136980986E-003   3.8780689293355916E-004   5759.7000000000580        0.0000000000000000        7.1404051172708511        7.0866198691007671        1.9912313669919971E-002  -6.3716709613800049E-002   2.9885002112474413E-004  -3.4879407559086903E-002   1.0000000000000000        2.3444095228963331       -14.874845390023202     
   319000.00000000000        159.22572049448851        26.437468723599419        4.6819057753313973E-003   4.5900773865998499E-003   1.3553912252717109E-004   5759.7000000000580        0.0000000000000000        7.1404051172708511        7.0866198691007671        1.9912313669919971E-002  -6.3716709613800049E-002   2.9885002112474413E-004  -3.4879407559086903E-002   1.0000000000000000        2.0627709282553055       -7.3069549787082728     
   85000.000000000000       -243.43244300321680        74.414399843510935        1.3346599151909458E-002   1.3079251224801957E-002  -2.2975896883422914E-004   5689.5000000000155        0.0000000000000000        7.0655650319829588        7.0202452007705123        2.0290625601466987E-002  -6.8481344551859891E-002   2.5946080326064505E-004  -3.9041666001418514E-002   0.0000000000000000       -3.1536699275829858        50.433731996328170     
   90000.000000000000       -246.43053026452418        75.279822385089247        1.3498133484094305E-002   1.3227872497819194E-002  -2.4375655149041792E-004   5691.0000000000164        0.0000000000000000        7.0671641791044948        7.0218443478920483        2.0281384724251242E-002  -6.8369793976225224E-002   2.5928414319115883E-004  -3.8943161285346278E-002   0.0000000000000000       -3.1925101804252485        53.448199715868043     
   71000.000000000000       -249.90026850547568        76.779419107197739        1.3781307825710363E-002   1.3504901958946328E-002  -2.6746795709751124E-004   5685.3000000000129        0.0000000000000000        7.0610874200426581        7.0157675888302107        2.0316533683127563E-002  -6.8793686163636847E-002   2.5995630602465916E-004  -3.9317433375874525E-002   0.0000000000000000       -3.2374606768014806        57.199566020015340     
   319000.00000000000        175.84984174538755        13.595601570128215        2.4076936478214244E-003   2.3604704359824432E-003   2.1486656822290663E-004   5759.7000000000580        0.0000000000000000        7.1404051172708511        7.0866198691007671        1.9912313669919971E-002  -6.3716709613800049E-002   2.9885002112474413E-004  -3.4879407559086903E-002   1.0000000000000000        2.2781365985606428       -11.847854746405895     
   319000.00000000000       -2.1411391041959633       -7.9584132352214159       -1.4093838286112594E-003  -1.3817409301215924E-003   3.4801114280560514E-004   5759.7000000000580        0.0000000000000000        7.1404051172708511        7.0866198691007671        1.9912313669919971E-002  -6.3716709613800049E-002   2.9885002112474413E-004  -3.4879407559086903E-002   1.0000000000000000       -2.7738480213935796E-002   3.2609656558695512     
   319000.00000000000       -120.64187062270339        13.617475969466028        2.4115674633391781E-003   2.3642682725603576E-003   2.1473144455242635E-004   5759.7000000000580        0.0000000000000000        7.1404051172708511        7.0866198691007671        1.9912313669919971E-002  -6.3716709613800049E-002   2.9885002112474413E-004  -3.4879407559086903E-002   1.0000000000000000       -1.5629167365549108       -3.6479089327055099     
   319000.00000000000        134.35761567587721        22.382185681634393        3.9637412152791233E-003   3.8859985210400140E-003   1.6058962658921960E-004   5759.7000000000580        0.0000000000000000        7.1404051172708511        7.0866198691007671        1.9912313669919971E-002  -6.3716709613800049E-002   2.9885002112474413E-004  -3.4879407559086903E-002   1.0000000000000000        1.7406043618153522       -1.8679099925798162     
   319000.00000000000        162.73502005069446       -5.8904625961352703       -1.0431630628692243E-003  -1.0227030220558728E-003   3.3523689120627863E-004   5759.7000000000580        0.0000000000000000        7.1404051172708511        7.0866198691007671        1.9912313669919971E-002  -6.3716709613800049E-002   2.9885002112474413E-004  -3.4879407559086903E-002   1.0000000000000000        2.1082339418978249       -9.0590381638368864     
   319000.00000000000        51.029802103387752       -3.2071145765518070       -5.6795937671233639E-004  -5.5681972612319647E-004   3.1866117509254130E-004   5759.7000000000580        0.0000000000000000        7.1404051172708511        7.0866198691007671        1.9912313669919971E-002  -6.3716709613800049E-002   2.9885002112474413E-004  -3.4879407559086903E-002   1.0000000000000000       0.66109163724671793        5.5320785777951125     
   319000.00000000000        57.881091619774914        10.840446163813411        1.9197733350402627E-003   1.8821199305195239E-003   2.3188585663835114E-004   5759.7000000000580        0.0000000000000000        7.1404051172708511        7.0866198691007671        1.9912313669919971E-002  -6.3716709613800049E-002   2.9885002112474413E-004  -3.4879407559086903E-002   1.0000000000000000       0.74985016690872053        5.5060720014331288     
   319000.00000000000        136.83733068489113       -3.7592647712904905       -6.6574162707164523E-004  -6.5268412786958563E-004   3.2207194582124983E-004   5759.7000000000580        0.0000000000000000        7.1404051172708511        7.0866198691007671        1.9912313669919971E-002  -6.3716709613800049E-002   2.9885002112474413E-004  -3.4879407559086903E-002   1.0000000000000000        1.7727290965319982       -2.9177353498395666     
   319000.00000000000        111.53213213287748       -7.3714052260151606       -1.3054284833699326E-003  -1.2798245092652545E-003   3.4438504658324356E-004   5759.7000000000580        0.0000000000000000        7.1404051172708511        7.0866198691007671        1.9912313669919971E-002  -6.3716709613800049E-002   2.9885002112474413E-004  -3.4879407559086903E-002   1.0000000000000000        1.4448999760562717        1.2971549129578499     
   319000.00000000000        42.474923670691716        30.695940096995905        5.4360536828196417E-003   5.3294338415187589E-003   1.0923347299951326E-004   5759.7000000000580        0.0000000000000000        7.1404051172708511        7.0866198691007671        1.9912313669919971E-002  -6.3716709613800049E-002   2.9885002112474413E-004  -3.4879407559086903E-002   1.0000000000000000       0.55026309477933111        5.4187054378115374     
   319000.00000000000       -152.01819154693507        3.4940122853595814        6.1876711681180480E-004   6.0663095045914654E-004   2.7726662779769396E-004   5759.7000000000580        0.0000000000000000        7.1404051172708511        7.0866198691007671        1.9912313669919971E-002  -6.3716709613800049E-002   2.9885002112474413E-004  -3.4879407559086903E-002   1.0000000000000000       -1.9693973129160274       0.23032976888599660     
   319000.00000000000       -97.696663895421636        6.5183818091341754        1.1543635193318679E-003   1.1317224524079570E-003   2.5858433601770023E-004   5759.7000000000580        0.0000000000000000        7.1404051172708511        7.0866198691007671        1.9912313669919971E-002  -6.3716709613800049E-002   2.9885002112474413E-004  -3.4879407559086903E-002   1.0000000000000000       -1.2656613356507385       -4.1709626148367276     
   319000.00000000000        47.658262078450541        14.077894271060455        2.4931045850598737E-003   2.4442061689081570E-003   2.1188732481652157E-004   5759.7000000000580        0.0000000000000000        7.1404051172708511        7.0866198691007671        1.9912313669919971E-002  -6.3716709613800049E-002   2.9885002112474413E-004  -3.4879407559086903E-002   1.0000000000000000       0.61741329981925197        5.5033938902271045     
   319000.00000000000        152.76314545213452        26.942240004753710        4.7712975246386258E-003   4.6777158540815388E-003   1.3242102327291189E-004   5759.7000000000580        0.0000000000000000        7.1404051172708511        7.0866198691007671        1.9912313669919971E-002  -6.3716709613800049E-002   2.9885002112474413E-004  -3.4879407559086903E-002   1.0000000000000000        1.9790481988015707       -5.7556726139904146     
   319000.00000000000        57.625309861383698       -9.0943091361067072       -1.6105436913095687E-003  -1.5789553511652717E-003   3.5502785768955642E-004   5759.7000000000580        0.0000000000000000        7.1404051172708511        7.0866198691007671        1.9912313669919971E-002  -6.3716709613800049E-002   2.9885002112474413E-004  -3.4879407559086903E-002   1.0000000000000000       0.74653651146694355        5.4623525319941999     
   49000.000000000000       -255.61973632687679        76.480910945537218        1.3744244288991269E-002   1.3468031582146812E-002  -2.8509145139736969E-004   5678.7000000000089        0.0000000000000000        7.0540511727078989        7.0087313414954524        2.0357346750628894E-002  -6.9284508696429215E-002   2.6073750557231018E-004  -3.9750645323332091E-002   0.0000000000000000       -3.3115564441840268        63.690793210666662     
   319000.00000000000        161.87689795085410       -4.0497409619304072       -7.1718309330170461E-004  -7.0311664877170102E-004   3.2386629036348122E-004   5759.7000000000580        0.0000000000000000        7.1404051172708511        7.0866198691007671        1.9912313669919971E-002  -6.3716709613800049E-002   2.9885002112474413E-004  -3.4879407559086903E-002   1.0000000000000000        2.0971169608287683       -8.7298047077649752     
   319000.00000000000       -152.48555620329168        14.650421061881440        2.5944953996080143E-003   2.5436083584008356E-003   2.0835068272503807E-004   5759.7000000000580        0.0000000000000000        7.1404051172708511        7.0866198691007671        1.9912313669919971E-002  -6.3716709613800049E-002   2.9885002112474413E-004  -3.4879407559086903E-002   1.0000000000000000       -1.9754520270855249       0.58779651182040371     
   319000.00000000000       -122.86207341349805        19.421772320761733        3.4394710381094955E-003   3.3720110979324506E-003   1.7887684505324780E-004   5759.7000000000580        0.0000000000000000        7.1404051172708511        7.0866198691007671        1.9912313669919971E-002  -6.3716709613800049E-002   2.9885002112474413E-004  -3.4879407559086903E-002   1.0000000000000000       -1.5916794876824276       -3.4758255296015279     
   319000.00000000000        137.09219037397156        11.128486318790870        1.9707833950129297E-003   1.9321295065351941E-003   2.3010656010155514E-004   5759.7000000000580        0.0000000000000000        7.1404051172708511        7.0866198691007671        1.9912313669919971E-002  -6.3716709613800049E-002   2.9885002112474413E-004  -3.4879407559086903E-002   1.0000000000000000        1.7760308065558978       -2.5156205855135925     
   87000.000000000000       -246.55728994553161        77.046802845765015        1.3817225684688962E-002   1.3540500667082267E-002  -2.5635090857430902E-004   5690.1000000000158        0.0000000000000000        7.0662046908315732        7.0208848596191267        2.0286928492848799E-002  -6.8436724321606024E-002   2.5939011998018721E-004  -3.9002265147799642E-002   0.0000000000000000       -3.1941523534613951        53.593584967086713     
   319000.00000000000        177.07954839831345       -2.3122812307546607       -4.0949014301043529E-004  -4.0145862297596009E-004   3.1313356428664155E-004   5759.7000000000580        0.0000000000000000        7.1404051172708511        7.0866198691007671        1.9912313669919971E-002  -6.3716709613800049E-002   2.9885002112474413E-004  -3.4879407559086903E-002   1.0000000000000000        2.2940674615271286       -12.836690818585145     
   319000.00000000000       -197.10483494123801        2.3290251160237583        4.1245537746470424E-004   4.0436569891205010E-004   2.8446304676911559E-004   5759.7000000000580        0.0000000000000000        7.1404051172708511        7.0866198691007671        1.9912313669919971E-002  -6.3716709613800049E-002   2.9885002112474413E-004  -3.4879407559086903E-002   1.0000000000000000       -2.5534952649149414        15.819235054490642     
   319000.00000000000        16.898137381848692       0.27381435304580837        4.8490761891642310E-005   4.7539690095978192E-005   2.9715860094710404E-004   5759.7000000000580        0.0000000000000000        7.1404051172708511        7.0866198691007671        1.9912313669919971E-002  -6.3716709613800049E-002   2.9885002112474413E-004  -3.4879407559086903E-002   1.0000000000000000       0.21891555224049530        4.4616655812774342     
   319000.00000000000        84.086736349675476       -2.7996364922424091       -4.9579762718197494E-004  -4.8607331844408231E-004   3.1614408040382084E-004   5759.7000000000580        0.0000000000000000        7.1404051172708511        7.0866198691007671        1.9912313669919971E-002  -6.3716709613800049E-002   2.9885002112474413E-004  -3.4879407559086903E-002   1.0000000000000000        1.0893445773415933        4.3468782246363977     
   319000.00000000000        175.29784667845510        25.488923120978402        4.5139244461993733E-003   4.4253907531604329E-003   1.4139852746280839E-004   5759.7000000000580        0.0000000000000000        7.1404051172708511        7.0866198691007671        1.9912313669919971E-002  -6.3716709613800049E-002   2.9885002112474413E-004  -3.4879407559086903E-002   1.0000000000000000        2.2709854965083331       -11.574159764470531     
   319000.00000000000        201.99200714165687        26.625976610309003        4.7152893103705618E-003   4.6228061548880556E-003   1.3437466186366621E-004   5759.7000000000580        0.0000000000000000        7.1404051172708511        7.0866198691007671        1.9912313669919971E-002  -6.3716709613800049E-002   2.9885002112474413E-004  -3.4879407559086903E-002   1.0000000000000000        2.6168086335409004       -19.845624165529671     
   319000.00000000000        68.558430805278817        16.482017891311020        2.9188594249025470E-003   2.8616104816762771E-003   1.9703644809804444E-004   5759.7000000000580        0.0000000000000000        7.1404051172708511        7.0866198691007671        1.9912313669919971E-002  -6.3716709613800049E-002   2.9885002112474413E-004  -3.4879407559086903E-002   1.0000000000000000       0.88817521134612987        5.2900034240940714     
   319000.00000000000       -119.88908522778634        6.2158537613844684        1.1007877466749825E-003   1.0791974862205333E-003   2.6045312791474261E-004   5759.7000000000580        0.0000000000000000        7.1404051172708511        7.0866198691007671        1.9912313669919971E-002  -6.3716709613800049E-002   2.9885002112474413E-004  -3.4879407559086903E-002   1.0000000000000000       -1.5531643936355151       -3.7396145227926700     
   77000.000000000000       -248.51197186400978        75.518900823887307        1.3550613673252512E-002   1.3278982402962339E-002  -2.5433370826251844E-004   5687.1000000000140        0.0000000000000000        7.0630063965885013        7.0176865653760547        2.0305424147013626E-002  -6.8659825472875247E-002   2.5974379333739556E-004  -3.9199255634678638E-002   0.0000000000000000       -3.2194752788210743        55.687146437871618     
   319000.00000000000       -134.79770426683584        18.844585756289121        3.3372550075998967E-003   3.2717998778215760E-003   1.8244227173943906E-004   5759.7000000000580        0.0000000000000000        7.1404051172708511        7.0866198691007671        1.9912313669919971E-002  -6.3716709613800049E-002   2.9885002112474413E-004  -3.4879407559086903E-002   1.0000000000000000       -1.7463057142631040       -2.3171071795817619     
   319000.00000000000        96.273484288274872       -9.2712655757142617       -1.6418815393177304E-003  -1.6096785554306941E-003   3.5612096215682109E-004   5759.7000000000580        0.0000000000000000        7.1404051172708511        7.0866198691007671        1.9912313669919971E-002  -6.3716709613800049E-002   2.9885002112474413E-004  -3.4879407559086903E-002   1.0000000000000000        1.2472240284732856        3.1286426116840058     
   79000.000000000000       -249.35797544928278        75.578087261145257        1.3559752878144956E-002   1.3287987633163681E-002  -2.5658951614098227E-004   5687.7000000000144        0.0000000000000000        7.0636460554371157        7.0183262242246691        2.0301722993228622E-002  -6.8615205242621435E-002   2.5967300725162484E-004  -3.9159860294507881E-002   0.0000000000000000       -3.2304352644030603        56.576728937807346     
