   3.7061121323529386E-002   7.8456001998873930E-004   2.7786461200812284E-003   2.5751721910176318E-004  -7.6955737946215639E-004  -3.4421736562879117E-005
   3.7221679687500037E-002   6.7981295741114311E-004   2.6971593589434645E-003   3.4295175492076455E-004  -7.6403374171682360E-004  -4.6309438982213746E-005
   3.7137522977941193E-002   6.4501280404057580E-004   2.8058920818313875E-003   3.4858178469782163E-004  -7.7810338503039400E-004  -4.7172086414412581E-005
   3.7256146599264725E-002   1.6636358275461365E-003   2.8787883893159659E-003  -1.0514747514349153E-004  -7.9655025070818461E-004  -8.2477510590768891E-006
   3.7528147977941198E-002   2.6483697609226038E-003   2.7165963652798046E-003  -5.1776142338521853E-004  -7.8310592487521946E-004   2.6089824778712070E-005
   3.7671472886029414E-002   2.9230398749010549E-003   2.5048866841710271E-003  -5.9807069453171808E-004  -7.5465397950778064E-004   2.9330012694776174E-005
   3.7877125459558868E-002   2.4651039856566962E-003   2.3610347563461278E-003  -4.0466546486506389E-004  -7.4089699493451097E-004   1.1256496981133107E-005
   3.8143095128676502E-002   3.1411841649795443E-003   2.1163193308343154E-003  -6.9412705148546477E-004  -7.1317458662777567E-004   3.3474928405586443E-005
   3.8164636948529451E-002   3.1477118778609698E-003   2.1042231845654750E-003  -7.2607547482300314E-004  -7.1223661040687044E-004   3.7640884297670251E-005
   3.8057789522058835E-002   3.3501730159165447E-003   2.1835301884034850E-003  -9.6789003777066963E-004  -7.2015729849451233E-004   6.4488155602216858E-005
   3.8382065716911808E-002   3.8627685703873176E-003   2.0436098596897084E-003  -1.1866059743425822E-003  -7.1317458662777480E-004   8.1699023883653469E-005
   3.8138499540441184E-002   4.0858881239520927E-003   2.1571259946796366E-003  -1.3169316048537482E-003  -7.1984463975421052E-004   9.2177034157686671E-005
   3.7904698988970621E-002   3.6756971908876762E-003   2.3920536067681287E-003  -1.2601901445939371E-003  -7.4756704806094496E-004   9.2408476151689149E-005
   3.8150562959558876E-002   3.7790777155516696E-003   2.2236517856688382E-003  -1.3346660419494105E-003  -7.3172567188566550E-004   9.8720530533638698E-005
   3.8452148437500042E-002   4.0277823779801894E-003   1.9163763211582831E-003  -1.4703921797557667E-003  -6.9524881885048859E-004   1.1025054987132538E-004
   3.8441233915441228E-002   4.2640128028492508E-003   1.9110765978802176E-003  -1.5791108034899713E-003  -6.9378974472908059E-004   1.1936094836260188E-004
   3.8646024816176516E-002   4.3018458789180029E-003   1.7779547011501533E-003  -1.6241554662362009E-003  -6.8180449301752236E-004   1.2373730606741451E-004
   3.8095128676470608E-002   4.7571260111116979E-003   2.2177353015695959E-003  -1.7296111836204130E-003  -7.2786954742194980E-004   1.2643044927038415E-004
   3.7547392003676454E-002   5.5749916600576592E-003   2.5426396788038159E-003  -2.0823787578361889E-003  -7.5465397950778238E-004   1.5784343991120565E-004
   3.7867934283088239E-002   5.3195371703077645E-003   2.4032396792519292E-003  -2.0470518373083362E-003  -7.4756704806094637E-004   1.5717015411046402E-004
   3.7890912224264717E-002   5.8398547996306510E-003   2.3272836755761136E-003  -2.1434404027056058E-003  -7.3589445508968920E-004   1.5857984625575999E-004
   3.7689855238970622E-002   5.8356943237465077E-003   2.4697373443404980E-003  -2.0971233189396358E-003  -7.4965143966295442E-004   1.5163658643562087E-004
   3.7649356617647067E-002   5.7015968779811901E-003   2.3829227340240997E-003  -2.0697533621371186E-003  -7.3287208726677386E-004   1.5052145682814343E-004
   3.7372759650735318E-002   6.0252587253823917E-003   2.5662172195131403E-003  -2.1984430227657533E-003  -7.4965143966295453E-004   1.6036826166397928E-004
   3.7221392463235296E-002   5.8990349041824798E-003   2.7335763732957851E-003  -2.2226311895973518E-003  -7.7018269694275688E-004   1.6482878009388936E-004
   3.7437672334558837E-002   6.2757981033979655E-003   2.6018848795126373E-003  -2.3792470072916934E-003  -7.5903120187200226E-004   1.7602215653120758E-004
   3.7444278492647060E-002   5.6786002735217883E-003   2.6312784546761166E-003  -2.1542797632207468E-003  -7.6434640045712802E-004   1.5748575682955504E-004
   3.7458065257352929E-002   6.3127160068646021E-003   2.5778231715136812E-003  -2.5587641910761495E-003  -7.5600883404908930E-004   1.9731481997964067E-004
   3.7256146599264711E-002   6.7172994957047875E-003   2.6915984665880424E-003  -2.7695489736797507E-003  -7.6486749835763014E-004   2.1892308614716852E-004
   3.7134937959558856E-002   6.4570724138947946E-003   2.6903006571726970E-003  -2.6930097706082032E-003  -7.5840588439139614E-004   2.1294767466559431E-004
   3.7182042738970585E-002   6.8077848706915474E-003   2.6587273247095189E-003  -2.8266090000830203E-003  -7.5548773614858566E-004   2.2374128765872381E-004
   3.7151884191176480E-002   7.2995500055332840E-003   2.6500464663757346E-003  -3.1109220932495959E-003  -7.5246536832566935E-004   2.5056751878199131E-004
   3.6871840533088257E-002   6.4004108780319410E-003   2.8959652786364233E-003  -2.8374643995185815E-003  -7.7966667873190102E-004   2.3217840034925818E-004
   3.6602136948529429E-002   6.7111153299659766E-003   3.0623842237404585E-003  -2.9775123811332876E-003  -7.9394476120567118E-004   2.4372945986821695E-004
   3.6506204044117654E-002   7.1760970310263197E-003   3.2061035580337547E-003  -3.2467322971215804E-003  -8.1332960310436788E-004   2.7017696772856911E-004
   3.6728515625000006E-002   7.3059650515307877E-003   2.9993018465869544E-003  -3.3787857065079624E-003  -7.8977597800165345E-004   2.8494717498232477E-004
   3.6495289522058820E-002   7.4327157445918390E-003   3.0924307215974335E-003  -3.4897575220276104E-003  -7.9352788288527230E-004   2.9746608283985344E-004
   3.6367761948529413E-002   7.1799446951280269E-003   3.1928080430018522E-003  -3.4575703584378498E-003  -8.0394984089532330E-004   2.9874953389751301E-004
   3.6343922334558833E-002   6.7573328043999455E-003   3.1612688634179813E-003  -3.2980109379585798E-003  -7.9738400734898995E-004   2.8576774205198060E-004
   3.6453929227941162E-002   7.2683955920110031E-003   2.9867898387872203E-003  -3.5680838664154634E-003  -7.7351772350597577E-004   3.1122636139249417E-004
   3.6344496783088279E-002   7.7132790822080667E-003   2.9209491143778517E-003  -3.8045364523480144E-003  -7.5673837110978805E-004   3.3371831517350133E-004
   3.6326688878676523E-002   7.9558064328075963E-003   2.9226728302885986E-003  -3.9067729556135659E-003  -7.5611305362918398E-004   3.4242895022058541E-004
   3.6013327205882371E-002   7.8830883199350402E-003   3.2452307038121509E-003  -3.9277192326115295E-003  -7.9457007868627481E-004   3.4716299100704729E-004
   3.6259478400735318E-002   7.6417788840359869E-003   3.0601160707529997E-003  -3.8489845409968933E-003  -7.7591477384828379E-004   3.4221854840785096E-004
   3.6445312500000021E-002   7.5766992346415780E-003   2.7000061018870106E-003  -3.8274759800073438E-003  -7.2453452085873406E-004   3.4072469553745780E-004
   3.6432100183823549E-002   6.5080189311509783E-003   2.7298878623259071E-003  -3.5174183916625371E-003  -7.2891174322295459E-004   3.1941099190775581E-004
   3.6192267922794140E-002   5.8156542891138856E-003   2.8428836681539263E-003  -3.2723176935835025E-003  -7.3568601592948683E-004   2.9940177951698235E-004
   3.5373965992647083E-002   5.1322914964838789E-003   3.5321269443149006E-003  -2.9881321743585351E-003  -8.1020301570135103E-004   2.7451124507083669E-004
   3.5647116268382364E-002   4.9978448289729003E-003   3.2341189640657797E-003  -2.9353279925279528E-003  -7.7383038224627390E-004   2.7000864627838369E-004
   3.5670094209558856E-002   4.2675220227931538E-003   3.1778671627823683E-003  -2.7406630623647435E-003  -7.6549281583823204E-004   2.6079304688074527E-004
   3.5775218290441217E-002   3.6152930467740190E-003   3.0214992091719258E-003  -2.5339941985797346E-003  -7.4444046065792779E-004   2.4461314748168634E-004
   3.5492589613970567E-002   4.2807341190227582E-003   3.2897560135208919E-003  -2.8768690772957447E-003  -7.7528945636768374E-004   2.7874032150674373E-004
   3.4987362132352921E-002   3.9949283462155337E-003   3.5943374185485738E-003  -2.6817334877782288E-003  -8.0082325349230981E-004   2.5784742150250370E-004
   3.5056583180147045E-002   4.2603129046220184E-003   3.4876860123081474E-003  -2.7698636683596307E-003  -7.8633673185833847E-004   2.6354931062752730E-004
   3.5059742647058828E-002   3.8463480883121539E-003   3.3136971819456747E-003  -2.5171782201222096E-003  -7.5705102985009366E-004   2.3710180276717140E-004
   3.4942267922794104E-002   3.6735068140106592E-003   3.3020269421722786E-003  -2.4513473008713847E-003  -7.4902612218235502E-004   2.3009542240321374E-004
   3.5232364430147066E-002   3.5287306491156370E-003   3.0228773783033992E-003  -2.3195890444917483E-003  -7.1671805235119595E-004   2.1505169279290709E-004
   3.5182674632352945E-002   3.5411340397820835E-003   3.0472323992662182E-003  -2.4034196882690849E-003  -7.1828134605270481E-004   2.2668691303696388E-004
   3.4984202665441173E-002   3.0270340020903241E-003   3.1574959747461997E-003  -2.2570479474804130E-003  -7.2672313204084666E-004   2.1778691635842011E-004
   3.5278894761029439E-002   1.9451364139177882E-003   2.9163565566016634E-003  -1.8572625545963302E-003  -7.0108511533611886E-004   1.8694201061197601E-004
   3.4950310202205917E-002   1.6944728049889599E-003   3.1394833443780532E-003  -1.7448476049500010E-003  -7.2192903135621846E-004   1.7585383508102217E-004
   3.4765912224264735E-002   4.9124314403492866E-004   3.4751418606219116E-003  -1.2601787145587429E-003  -7.6924472072185089E-004   1.3629829428749322E-004
   3.4453699448529489E-002   1.2018293396422498E-003   3.5535106647741539E-003  -1.5129760665282496E-003  -7.6643079205913184E-004   1.5493989489550751E-004
   3.4166187959558850E-002   1.0202699768259958E-004   3.8201743377510550E-003  -1.0850703903348157E-003  -7.9675868986838513E-004   1.2142288612737394E-004
   3.4422104779411780E-002  -8.5448851872881385E-006   3.6382459674360302E-003  -1.0145249502584580E-003  -7.7914558083139922E-004   1.1426922449449825E-004
   3.4253791360294147E-002  -5.9215510371795135E-004   3.6980777940725240E-003  -8.4278074350311325E-004  -7.8060465495280494E-004   1.0410681693956886E-004
   3.4013384650735327E-002   2.3004107369871060E-004   3.7656824142506505E-003  -1.0895929971814898E-003  -7.7966667873189993E-004   1.1898222509968719E-004
   3.3447552849264719E-002   1.9731070424986591E-004   4.3651779504568864E-003  -1.1878267758483861E-003  -8.5199506732165598E-004   1.3240586075196134E-004
   3.3149126838235315E-002  -4.1556215523399012E-004   4.6462461025480878E-003  -1.1338567304233164E-003  -8.8419891757271214E-004   1.3926495984700629E-004
   3.2964441636029421E-002  -7.7685595137561968E-004   4.7424627996504494E-003  -9.0506964231754897E-004  -8.9097319027924633E-004   1.1450066648850397E-004
   3.3113798253676489E-002  -1.2303286691910885E-003   4.6625370259983437E-003  -6.9725759065325413E-004  -8.8513689379361694E-004   9.6742753493964220E-005
   3.2865923713235295E-002  -1.4025955555376944E-003   4.9676327332091917E-003  -6.1158634249157959E-004  -9.2401079717110816E-004   8.9147248054355572E-005
   3.2750746783088230E-002  -2.2575888438447992E-003   5.0193020216809034E-003  -2.7711475194147557E-004  -9.2682472583382287E-004   6.1458369498884973E-005
   3.2490808823529407E-002  -2.5848534600490087E-003   5.2283156343138834E-003  -1.6004685617568016E-004  -9.4881505723502996E-004   5.2453171913976077E-005
   3.2327952665441195E-002  -3.4051027837905443E-003   5.3942443851495636E-003   1.8457257775760433E-004  -9.6851255787402317E-004   2.3607083388480467E-005
   3.2041877297794105E-002  -3.6214674679956788E-003   5.5773439983270515E-003   1.9881993232821011E-004  -9.8477081236970519E-004   2.6342306953988309E-005
   3.1481502757352939E-002  -3.3911359840120611E-003   6.0858944348083158E-003   1.8506259442962878E-004  -1.0419873618448831E-003   2.2975877950287170E-005
   3.1583180147058847E-002  -2.8084854916066836E-003   6.1990449330898544E-003  -6.9560060425483659E-005  -1.0663747435884002E-003   4.6309438982217073E-005
   3.1338177849264709E-002  -3.2059061489553391E-003   6.3271604195057228E-003   8.2142685669975334E-005  -1.0754418470571474E-003   3.4064053481239861E-005
   3.0820025275735314E-002  -3.5548626915596375E-003   6.8222485945441157E-003   1.6346628026632065E-004  -1.1325541769522235E-003   3.0445142302254806E-005
   3.0912511488970586E-002  -3.1978520369731200E-003   6.8495267001807796E-003   2.8097607594266877E-005  -1.1419339391612717E-003   4.0439228407004976E-005
   3.0918255974264692E-002  -3.1580729467988403E-003   6.8009813956732071E-003  -4.1071619368127045E-005  -1.1340132510736329E-003   4.8203055296797746E-005
   3.0745921415441201E-002  -3.3932651298682506E-003   7.1440530957290150E-003   1.4869277536393383E-004  -1.1832048928810698E-003   2.6405427497807420E-005
   3.0937787224264698E-002  -4.6701639324107881E-003   7.0832127546552395E-003   7.8079934950763051E-004  -1.1827880145606707E-003  -3.0339941395886814E-005
   3.0539407169117665E-002  -4.9041721339675784E-003   7.3774518642183472E-003   7.7344264698780214E-004  -1.2120737165689100E-003  -2.4553891545771139E-005
   3.0508674172794136E-002  -4.5629535752181524E-003   7.4219008321967598E-003   6.6904236430922190E-004  -1.2180142326346408E-003  -1.7463350456716780E-005
   3.0487419577205875E-002  -4.2395359260506051E-003   7.3384673569360827E-003   4.7805956469173231E-004  -1.2027981739399687E-003   3.5768308164603628E-007
   3.0475643382352924E-002  -4.1951983751469784E-003   7.2847850575756025E-003   4.6401666026757378E-004  -1.1931057529906224E-003   2.1881788524137650E-006
   3.0193014705882312E-002  -4.4915144897278844E-003   7.6220065702979839E-003   5.2822045869555011E-004  -1.2356273416716320E-003   8.6264743219826512E-007
   2.9889131433823487E-002  -4.7377609031332641E-003   7.9053509113482748E-003   5.9566116936104921E-004  -1.2679354115027904E-003  -3.0297861033309856E-006
   2.9645852481617593E-002  -5.1734240136020425E-003   8.1400836511251913E-003   7.3914866980583516E-004  -1.2951367219090231E-003  -1.3634037465000883E-005
   2.9355755974264649E-002  -4.6182341080470077E-003   8.3995290126016465E-003   5.4197263464266713E-004  -1.3241097651769649E-003   1.2834510576633518E-006
   2.9636948529411740E-002  -5.5126651014777463E-003   8.1360194584824460E-003   9.5444868503987172E-004  -1.2939903065279155E-003  -3.7009678859476768E-005
   2.9669979319852921E-002  -4.4659484669051369E-003   8.0071285008060447E-003   6.0978813985080400E-004  -1.2738759275685164E-003  -1.2939711482986910E-005
   2.9776539522058800E-002  -4.4763369152341229E-003   7.9051259041431239E-003   6.5689463346996256E-004  -1.2620991150171599E-003  -1.7821033538360139E-005
   2.9929630055147038E-002  -4.7343996670854782E-003   7.7557150929557063E-003   7.7157125525041334E-004  -1.2446944451403748E-003  -2.7478476742736475E-005
   2.9931066176470594E-002  -4.4114766858381537E-003   7.6820031343525002E-003   6.0576200211542581E-004  -1.2322923151084121E-003  -1.2329546226067095E-005
   2.9895450367647056E-002  -4.1220002273885999E-003   7.7839715781360822E-003   4.0705950418150658E-004  -1.2477168129632877E-003   9.6574432043823817E-006
   2.9884535845588225E-002  -4.7548959806003521E-003   7.7294113488769979E-003   7.1825106263540028E-004  -1.2379201724338406E-003  -1.8494319339102375E-005
   2.9626034007352923E-002  -4.6576191548230597E-003   7.9139735088878341E-003   6.3798437758789679E-004  -1.2558459402111286E-003  -9.6364030231024946E-006
   2.9828527113970583E-002  -5.5324830614722998E-003   7.7963288934823054E-003   1.0493506084344533E-003  -1.2463619584219814E-003  -4.5993836263114304E-005
   2.9655905330882325E-002  -5.3552686488916781E-003   7.8901066732004477E-003   9.4858710487151195E-004  -1.2533446702887160E-003  -3.7493603028759734E-005
   2.9574046415441157E-002  -5.4048456047170457E-003   8.0227705195486249E-003   9.9448293653230666E-004  -1.2715830968063038E-003  -4.1933081277395208E-005
   2.9856675091911762E-002  -5.4918377297090201E-003   7.7742179175921116E-003   9.6338992228364772E-004  -1.2440691276597686E-003  -3.5410625082717366E-005
   2.9963235294117655E-002  -5.5995714494500061E-003   7.6328069161443485E-003   1.0129216112830190E-003  -1.2256222619819778E-003  -3.8966415717879066E-005
   2.9785443474264685E-002  -4.9315807090720889E-003   7.7220001740579075E-003   7.7122227046477233E-004  -1.2315627780477090E-003  -2.1103301816968452E-005
   2.9711626838235281E-002  -4.5712261208598459E-003   7.7512330297891535E-003   6.7618134309329302E-004  -1.2327091934288155E-003  -1.6705903930882701E-005
   2.9700712316176450E-002  -3.3958971588120678E-003   7.8937148244542007E-003   1.9796249532978098E-004  -1.2562628185315309E-003   2.2828596681376975E-005
   2.9645852481617645E-002  -3.2547134535144177E-003   7.9430416272010182E-003   2.0263701103192963E-004  -1.2617864562768563E-003   1.8536399701651324E-005
   2.9833409926470576E-002  -4.6662730333989115E-003   7.9555556439936774E-003   7.4531701737158866E-004  -1.2735632688282142E-003  -2.4932614808684172E-005
   2.9772518382352946E-002  -4.6214616513636612E-003   7.9814716524420869E-003   7.4803238816257742E-004  -1.2748139037894190E-003  -2.6173985503799367E-005
   3.0182674632352934E-002  -4.8251738439368200E-003   7.6719501338660045E-003   7.7818998307571403E-004  -1.2435480297592679E-003  -2.4659092452135840E-005
   2.9913258272058804E-002  -4.6734540534362299E-003   7.9300293801684296E-003   7.6558320727282783E-004  -1.2733548296680129E-003  -2.5395498796697644E-005
   2.9696403952205845E-002  -5.1566389727519604E-003   8.0557380930865244E-003   9.4210185036091177E-004  -1.2834641289377645E-003  -3.8882254992783112E-005
   2.9989659926470565E-002  -4.9591361992873352E-003   7.9080148359376087E-003   8.7646431993213588E-004  -1.2735632688282161E-003  -3.3622209674498464E-005
   2.9972713694852934E-002  -5.1890115369429479E-003   7.7807833063990488E-003   9.4132313312143097E-004  -1.2511560591066035E-003  -3.4842540188342614E-005
   3.0079561121323525E-002  -4.6231166689959819E-003   7.6522157965800332E-003   7.0843376849715075E-004  -1.2348978046109239E-003  -1.5548693960861178E-005
   3.0209386488970542E-002  -4.1653387974391089E-003   7.5462132950473108E-003   5.3597592196088497E-004  -1.2236420899600731E-003  -1.5780135954837755E-006
   3.0274011948529394E-002  -3.7706572615306905E-003   7.5099248562407912E-003   3.3262084661834297E-004  -1.2208281612973574E-003   1.8536399701649945E-005
   3.0257640165441146E-002  -3.1528144272281820E-003   7.6251265362763006E-003   1.1841885218891797E-004  -1.2394834661353497E-003   3.3243486411586729E-005
   3.0531364889705818E-002  -3.3113860132390508E-003   7.5104391584239899E-003   2.8972115903354041E-004  -1.2341682675502264E-003   1.3802358915190473E-005
   3.0607479319852894E-002  -2.5256033872649766E-003   7.4164685153871529E-003   2.9063445572021353E-005  -1.2221830158386660E-003   3.1076347740449559E-005
   3.0770622702205857E-002  -3.3536610380125952E-003   7.3520521669460364E-003   3.6694210840051392E-004  -1.2196817459162524E-003   4.5025987924566564E-006
   3.0892980238970545E-002  -3.7193154760817226E-003   7.3751676392877254E-003   5.4984037035096312E-004  -1.2298952647661044E-003  -1.1824581875511642E-005
   3.0990349264705872E-002  -3.6010901569623497E-003   7.3646304715115733E-003   4.7952334662401555E-004  -1.2331260717492168E-003  -5.1127640493746299E-006
   3.1168141084558797E-002  -3.0038698573568935E-003   7.3641061243639120E-003   2.7301653124188024E-004  -1.2421931752179629E-003   1.0120327192388691E-005
   3.0837833180147024E-002  -3.5317604134326597E-003   7.5003198611716679E-003   4.9638006762656433E-004  -1.2482379108637932E-003  -8.0583894276198541E-006
   3.0799632352941152E-002  -3.1629493294029424E-003   7.5753657910624167E-003   4.1302616693197902E-004  -1.2589725276141439E-003  -4.6288398800952229E-006
   3.0780388327205862E-002  -3.6888270837330144E-003   7.5128720488294651E-003   6.0984326211753785E-004  -1.2474041542229876E-003  -1.8852002420744647E-005
   3.0854779411764680E-002  -2.9613504413818865E-003   7.3911009620012333E-003   3.0234618602175317E-004  -1.2306248018268064E-003   6.2699740194005729E-006
   3.1130801930147056E-002  -3.8554780887569634E-003   7.1230068860774418E-003   7.0949141546757281E-004  -1.1994631473767525E-003  -2.8572566168940002E-005
   3.1613913143382341E-002  -2.8436244999469075E-003   6.7752783404725087E-003   2.6401242880432841E-004  -1.1654875642639875E-003   1.0015126286019782E-005
   3.1875287224264706E-002  -2.1870959985911100E-003   6.5418132752173650E-003   6.1691402940123300E-005  -1.1394326692388593E-003   2.2323632330814835E-005
   3.2147288602941179E-002  -2.7859246005688151E-003   6.3303607452001656E-003   3.3042793905102140E-004  -1.1176507769978532E-003   2.9456253782581250E-007
   3.2535041360294115E-002  -3.3316846085228052E-003   6.1421864159497824E-003   5.6832347475480678E-004  -1.1057697448663955E-003  -2.0871859822968850E-005
   3.2580997242647083E-002  -4.0840324146792090E-003   6.0296828133829597E-003   8.8115634939789497E-004  -1.0890946120503111E-003  -4.6604001520031398E-005
   3.2702780330882378E-002  -3.5764483868886221E-003   5.8990339869164667E-003   7.4745111556405106E-004  -1.0732532358750347E-003  -4.0249866775541526E-005
   3.2371897977941176E-002  -3.7680456336872683E-003   6.2263069667832880E-003   8.5570958820214689E-004  -1.1116060413520225E-003  -5.0370193967927997E-005
   3.2325942095588242E-002  -3.0422383852453687E-003   6.2994021645652537E-003   5.8877236086440042E-004  -1.1216111210416708E-003  -2.9182731425862774E-005
   3.2489947150735290E-002  -3.3443443328927290E-003   6.0666221658900402E-003   7.3932620406289527E-004  -1.0906579057518204E-003  -4.3111331428693065E-005
   3.2295496323529405E-002  -3.4535544666837404E-003   6.0315752846975840E-003   8.8983838293939471E-004  -1.0747123099964430E-003  -6.2131655299627311E-005
   3.3137063419117666E-002  -3.4313062770847894E-003   5.4762615204136675E-003   9.9523805627976412E-004  -1.0240615940675948E-003  -7.8122193067222876E-005
   3.3351332720588225E-002  -2.9401546521933900E-003   5.3728907995838349E-003   8.7315661521813787E-004  -1.0175999801013661E-003  -7.1452455603628046E-005
   3.3536305147058812E-002  -3.4324522833917206E-003   5.2304049869329790E-003   1.1178943175005848E-003  -1.0030092388872936E-003  -9.3081761952431582E-005
   3.3872357536764736E-002  -3.7626929868873147E-003   5.0752022492062503E-003   1.3362732523883960E-003  -9.9404635499864740E-004  -1.1576307736489315E-004
   3.4182272518382406E-002  -3.9345884925327717E-003   4.9039376132202148E-003   1.3860691226860989E-003  -9.8101890748608167E-004  -1.1803541694239029E-004
   3.4030905330882419E-002  -3.6537439466717090E-003   5.0614446658066199E-003   1.2400006465421130E-003  -9.9988265148427224E-004  -1.0423305802720383E-004
   3.4239142922794133E-002  -3.6086887022306786E-003   4.8656984423049460E-003   1.2562364585335405E-003  -9.7747544176266681E-004  -1.0650539760470412E-004
   3.4461454503676478E-002  -3.9481191894006791E-003   4.7869740464088406E-003   1.4170729089177901E-003  -9.7559948932085907E-004  -1.1942406890642393E-004
   3.4476102941176492E-002  -4.2208893868944152E-003   4.7227887321515706E-003   1.5729614445311119E-003  -9.6549019005110891E-004  -1.3459403960436333E-004
   3.4548770680147084E-002  -4.0492926102928340E-003   4.7899634278484628E-003   1.5569136750549441E-003  -9.8060202916568236E-004  -1.3711886135714486E-004
   3.4715073529411777E-002  -3.9640852369816470E-003   4.6796355645955939E-003   1.5483682488701728E-003  -9.7049272989593340E-004  -1.3705574081332374E-004
   3.4722254136029418E-002  -3.7151614402749257E-003   4.7248640218203602E-003   1.4332357161679968E-003  -9.7851763756367366E-004  -1.2598860546364645E-004
   3.4601045496323549E-002  -3.4610087873737580E-003   4.9009040339367486E-003   1.3126364925794187E-003  -1.0020712626663880E-003  -1.1426922449449958E-004
   3.5221449908088266E-002  -3.7276164027345857E-003   4.3968718224942586E-003   1.5612615129757224E-003  -9.4871083765492574E-004  -1.4099025471140642E-004
   3.5361328125000001E-002  -4.2970949573524365E-003   4.3463074801192107E-003   1.8392899303146910E-003  -9.4735598311362110E-004  -1.6684863749611109E-004
   3.5694795496323539E-002  -3.9254548690558881E-003   4.1641822284996790E-003   1.7377010675942140E-003  -9.3370321812045304E-004  -1.6224083779728984E-004
   3.6031709558823566E-002  -3.5792982286547079E-003   3.9194326501085005E-003   1.6119568533046480E-003  -9.0962849511723389E-004  -1.5313043930601639E-004
   3.6351390165441214E-002  -3.9153356116637759E-003   3.6331290625121289E-003   1.7899442559210588E-003  -8.7763308402637793E-004  -1.6924721816125076E-004
   3.6098058363970661E-002  -3.6791237401311728E-003   3.7828673395427048E-003   1.7174949775557451E-003  -8.8993099447823537E-004  -1.6484982027516201E-004
   3.6321231617647082E-002  -3.9235518256404206E-003   3.7131171149442275E-003   1.7858205941753229E-003  -8.8961833573793735E-004  -1.6823728946014030E-004
   3.6486385569852953E-002  -3.6332890851585387E-003   3.6893447019232936E-003   1.6997535349546440E-003  -8.9409977768226047E-004  -1.6230395834111204E-004
   3.6534352022058833E-002  -3.2681221538793893E-003   3.6765976419538930E-003   1.5539429720251253E-003  -8.9441243642256175E-004  -1.5079497918469507E-004
   3.6535213694853005E-002  -3.6620459055067348E-003   3.8037970276059421E-003   1.6830631025293063E-003  -9.1598588950336313E-004  -1.5788552027374720E-004
   3.6515969669117701E-002  -4.2699105546552428E-003   3.5738175650374860E-003   1.8936651889245103E-003  -8.7606979032486961E-004  -1.7164579882639089E-004
   3.6677964154411810E-002  -4.3697020112282168E-003   3.5269919584548651E-003   2.0137377091150161E-003  -8.7648666864527185E-004  -1.8498527375356886E-004
   3.7035271139705894E-002  -4.8568843180950873E-003   3.1695117612988966E-003   2.2774601468640221E-003  -8.3438195828466986E-004  -2.0966540638698303E-004
   3.7236902573529441E-002  -4.8705059342361561E-003   2.9443719626336853E-003   2.3558910207677050E-003  -8.0665954997793216E-004  -2.1982781394191525E-004
   3.7315314797794159E-002  -5.0364410716313614E-003   2.9334450502343733E-003   2.3811681749889477E-003  -8.0884816116004151E-004  -2.1942805049772444E-004
   3.7384248621323564E-002  -4.8878220028618462E-003   2.9223232655234892E-003   2.4078088218010231E-003  -8.1051567444165014E-004  -2.2567698433585150E-004
   3.7111672794117673E-002  -5.3981905741486251E-003   3.1869056218528638E-003   2.5433819446195240E-003  -8.4126045057130090E-004  -2.3110535110432577E-004
   3.7404928768382383E-002  -4.1775549366883267E-003   3.0588865670963727E-003   1.9567790781857210E-003  -8.3469461702497005E-004  -1.7835761665252879E-004
   3.7459501378676478E-002  -4.6861849466675546E-003   3.0755330822904740E-003   2.2669214700178249E-003  -8.4032247435040001E-004  -2.0732994626566217E-004
   3.7854721966911822E-002  -4.5549101836087486E-003   2.6597197672035503E-003   2.1477688833086892E-003  -7.9029707590215124E-004  -1.9218101574899313E-004
   3.8038832720588313E-002  -4.1937117984830637E-003   2.4589992772740422E-003   2.0373471843238280E-003  -7.6580547457852951E-004  -1.8336517979554266E-004
   3.8244198069852985E-002  -5.0479137552564852E-003   2.2825996554280397E-003   2.3826881853204118E-003  -7.4652485225993833E-004  -2.1149590215774734E-004
   3.8498965992647113E-002  -4.4982758773470712E-003   2.3054519496994086E-003   2.2408305710297015E-003  -7.6351264381631975E-004  -2.0499448614434335E-004
   3.8297047334558888E-002  -4.2813288757394558E-003   2.4487835483624027E-003   2.1769270875599245E-003  -7.7737384796968648E-004  -2.0044980698933975E-004
   3.8172679227941209E-002  -4.6314762713571406E-003   2.5032493549550791E-003   2.3087590861024083E-003  -7.8018777663240303E-004  -2.1078053599446093E-004
   3.8092256433823572E-002  -4.6342687944083347E-003   2.5523491415038613E-003   2.3403812003693889E-003  -7.8435655983642195E-004  -2.1431528644834901E-004
   3.7888614430147100E-002  -4.8932769751787314E-003   2.7565492071413063E-003   2.3761365628633029E-003  -8.0843128283963927E-004  -2.1338951847233004E-004
   3.8174115349264737E-002  -4.4734079794234768E-003   2.6955441286494741E-003   2.1147102717096002E-003  -8.1280850520386208E-004  -1.8628976499250488E-004
   3.8470243566176510E-002  -3.4414766556565297E-003   2.5186221686486644E-003   1.7470395907402579E-003  -7.9811354440968967E-004  -1.5813800244902457E-004
   3.8057789522058863E-002  -3.1877963939139385E-003   2.7845083613720683E-003   1.6258168771649336E-003  -8.2187560867260593E-004  -1.4721814836825983E-004
   3.8143956801470653E-002  -3.2924793808838107E-003   2.6671590679232604E-003   1.7009463144385009E-003  -8.0645111081772785E-004  -1.5426660909476669E-004
   3.8664981617647073E-002  -3.1875321272091493E-003   2.2610974043874819E-003   1.7275888048046400E-003  -7.6455483961732854E-004  -1.5946353386923521E-004
   3.8888442095588269E-002  -3.3176982011926094E-003   2.4012326953418272E-003   1.8472067045613037E-003  -7.9978105769129830E-004  -1.7065691030655462E-004
   3.8830997242647089E-002  -3.4318329339448859E-003   2.4630453889806676E-003   1.9209593756547455E-003  -8.0728486745853449E-004  -1.7863113900908111E-004
   3.8654928768382391E-002  -2.8323370810237874E-003   2.5406306859007939E-003   1.7139299126935196E-003  -8.1134943108245429E-004  -1.6270372178530404E-004
   3.8933536305147065E-002  -3.2540897233791525E-003   2.2501986178888244E-003   1.8691700703401455E-003  -7.7654009132888699E-004  -1.7419166076044430E-004
   3.9290556066176506E-002  -3.9131187262382242E-003   2.0079522446547517E-003   2.0908677712663344E-003  -7.5392444244707453E-004  -1.9009803780294820E-004
   3.9177676930147086E-002  -3.6218448017347905E-003   2.0638484541943289E-003   1.9151108847202713E-003  -7.5757212775059296E-004  -1.7164579882639273E-004
   3.9286534926470600E-002  -2.7551590876581352E-003   1.9956290821878898E-003   1.6086273946526474E-003  -7.5163161168486400E-004  -1.4732334927462662E-004
   3.8865751378676518E-002  -3.0082693854896975E-003   2.2338775595449932E-003   1.7655306224266198E-003  -7.7028691652285275E-004  -1.6266164142275468E-004
   3.8699161305147091E-002  -2.2903055303501963E-003   2.3215098299729326E-003   1.4747291407075365E-003  -7.7654009132888514E-004  -1.3901247767172961E-004
   3.9075425091911781E-002  -1.6706808493671321E-003   2.0136798834211583E-003   1.2480248999910740E-003  -7.4381514317732687E-004  -1.2144392630864804E-004
   3.9395680147058819E-002  -7.9804517290739310E-004   1.7530632790822799E-003   9.4792416282762763E-004  -7.1619695445069307E-004  -9.8173485820537537E-005
   3.9486443014705927E-002   9.0969937330099594E-005   1.7229846373388530E-003   5.8929076826914634E-004  -7.1578007613028757E-004  -6.9664040195413257E-005
   3.9637235753676496E-002   3.4772537425121260E-004   1.5496427026911713E-003   4.7756217380344294E-004  -6.9420662304948402E-004  -5.9270190646476687E-005
   3.9609949448529427E-002  -3.6778227224180515E-004   1.4625026355244890E-003   7.8974040239600642E-004  -6.7805258813390644E-004  -8.4897131437177342E-005
   4.0018669577205936E-002  -7.9203310759463821E-004   1.1084678611970747E-003   9.7856587503972561E-004  -6.3917868475641423E-004  -1.0065622721076888E-004
   4.0152803308823579E-002  -6.9003593711541421E-004   9.6851940658268271E-004   9.4746567093019582E-004  -6.2239933236023161E-004  -9.8236606364356688E-005
   4.0280330882353013E-002   3.3402385257033521E-004   7.3021266843135903E-004   5.8143317210826515E-004  -5.8863218840766573E-004  -6.9453638382683901E-005
   3.9912971047794177E-002  -8.6499772507470617E-005   1.0519589088220909E-003   7.9968656096383189E-004  -6.2417106522194056E-004  -8.9042047147990297E-005
   4.0072093290441237E-002   9.4493522356718391E-005   8.6684628475584239E-004   7.6364028563754866E-004  -6.0103431843962750E-004  -8.7821716634148912E-005
   4.0406709558823584E-002   3.7932687581017453E-004   4.9964457094233826E-004   6.6591919935775291E-004  -5.5611567941630917E-004  -8.0773255907639542E-005
   4.0319393382352964E-002   1.2620503489845592E-003   5.2621149309134690E-004   4.2676635977766851E-004  -5.5611567941631134E-004  -6.7097138080091426E-005
   4.0519014246323579E-002   1.1488334797222677E-003   2.9983616379080600E-004   4.7927465117986921E-004  -5.2808061236927269E-004  -7.2294062854558075E-005
   4.0600011488970598E-002   1.0543218295887267E-003   2.2716285451848418E-004   4.9188216440441404E-004  -5.1995148512143537E-004  -7.1136852884535706E-005
   4.0448357077205926E-002   1.5219087910888535E-003   1.8463649274820271E-004   2.7012786636826445E-004  -5.0494386558695876E-004  -5.0159792155202774E-005
   4.0451229319852969E-002   1.2303486840007352E-003   4.7064676738072199E-005   4.3855367579606933E-004  -4.8180711880464982E-004  -6.6886736267360227E-005
   4.0922851562500057E-002   1.3158265954693990E-003  -3.9076318257967672E-004   3.8202035279088944E-004  -4.3199015951660369E-004  -6.0448440797775377E-005
   4.1199735753676539E-002   1.1472294334798183E-003  -7.6810830156033778E-004   5.0127783772668333E-004  -3.8238163938876030E-004  -7.1789098504005625E-005
   4.1340762867647124E-002   1.8622741835041786E-003  -8.3626338579388844E-004   2.3447002788469544E-004  -3.7810863660463895E-004  -5.1485323575411324E-005
   4.1315199908088310E-002   1.7891661365940718E-003  -1.0039761223274496E-003   2.8566847411957188E-004  -3.4840605627599276E-004  -5.6787449256246804E-005
   4.1335880055147149E-002   1.9531816499152982E-003  -1.0841590470711386E-003   2.1397708083279907E-004  -3.3589970666393057E-004  -4.9633787623374918E-005
   4.1748334099264796E-002   2.0136227862715384E-003  -1.5076788589338400E-003   3.0199609510373062E-004  -2.8545742989528541E-004  -6.2720780375276155E-005
   4.1458237591911834E-002   2.0898861569753546E-003  -1.2285292950649611E-003   3.1885134126296893E-004  -3.1776549972644443E-004  -6.6508013004443179E-005
   4.1424632352941249E-002   2.4016305126130866E-003  -1.2534026361967379E-003   1.9638349126814070E-004  -3.1182498366071548E-004  -5.6135203636777732E-005
   4.1345932904411867E-002   1.8121055659094615E-003  -1.2947276202110382E-003   4.0325477729011392E-004  -3.0077770817005798E-004  -6.8906593669584108E-005
   4.1255170036764766E-002   1.8904024322870683E-003  -1.3434657880372560E-003   3.4711652792233271E-004  -2.8785448023759956E-004  -6.1226927504883850E-005
   4.1783949908088286E-002   1.9003576400607879E-003  -1.8460977314263534E-003   3.9562615054478155E-004  -2.3001261328181748E-004  -6.8822432944489002E-005
   4.1607019761029450E-002   2.3744063914259051E-003  -1.6198529866645142E-003   2.8614816688880731E-004  -2.5919409570996098E-004  -6.3309905450924063E-005
   4.1452780330882399E-002   2.5660393511228461E-003  -1.3247741180679425E-003   2.7268745684025966E-004  -3.0119458649046466E-004  -6.5561204847150613E-005
   4.1474609375000054E-002   2.6495254655483687E-003  -1.3732872786890709E-003   2.2515510223075684E-004  -2.9410765504362974E-004  -6.0806123879418856E-005
   4.1317497702205941E-002   2.9357160301394969E-003  -1.2756080347533501E-003   9.4867817644289946E-005  -3.0254944103177126E-004  -4.7130006051868273E-005
   4.1491268382352994E-002   3.4150499944180148E-003  -1.4756454670958193E-003  -1.1468381164120170E-005  -2.7764096138775034E-004  -4.2417005446680674E-005
   4.1108685661764760E-002   3.2026050467130925E-003  -1.0759924909204978E-003   5.9210716582342045E-005  -3.2558196823398401E-004  -4.8034733846613076E-005
   4.1248563878676515E-002   2.5784001319809433E-003  -1.0970005297069405E-003   3.2974471791240490E-004  -3.2922965353750217E-004  -7.1957419954190877E-005
   4.1036592371323594E-002   3.0534014021429065E-003  -9.3029028063198668E-004   1.0775979126195296E-004  -3.4653010383418561E-004  -5.1800926294508075E-005
   4.1164407169117699E-002   3.5918703886542004E-003  -1.1853098307431659E-003  -1.1920328444607766E-004  -3.0994903121890844E-004  -3.2464999704480215E-005
   4.1653262867647096E-002   4.0800671955320391E-003  -1.5717315796594648E-003  -3.1208881622010710E-004  -2.6972027330011289E-004  -1.6769024474707276E-005
   4.1853170955882431E-002   4.2157839284402993E-003  -1.6473340005843909E-003  -2.9981756725809436E-004  -2.6721900337769631E-004  -2.0661458010241520E-005
   4.1378389246323595E-002   5.1173927723326467E-003  -1.2325593348283454E-003  -6.3013083724595595E-004  -3.1297139904181977E-004   7.1115812703247023E-006
   4.1392463235294157E-002   4.9982822974061168E-003  -1.3421358347354773E-003  -5.7539682301392388E-004  -2.9514985084463572E-004   1.5148930516632420E-006
   4.0860236672794183E-002   4.7848540457919560E-003  -9.2466108251785173E-004  -4.2968968346779378E-004  -3.3840097658634444E-004  -1.2960751664267407E-005
   4.0744198069852980E-002   5.6084131515942931E-003  -6.9477604261580219E-004  -5.6955976211470183E-004  -3.7133436389810774E-004  -1.1992903325701810E-005
   4.0633616727941239E-002   5.8575959012845480E-003  -5.7554030483113281E-004  -7.2875415888799550E-004  -3.8582088553207761E-004   3.7661924478919234E-006
   4.0715762867647137E-002   5.7288315919621106E-003  -5.3772704041128109E-004  -6.9329653037652843E-004  -3.9645128270232843E-004   2.9456253782390625E-006
   4.0509535845588265E-002   5.1898747377790823E-003  -3.3089318507799770E-004  -4.9788956969975292E-004  -4.2083866444585070E-004  -1.2560988220075781E-005
   4.0197610294117676E-002   5.4773271952445104E-003  -1.0175147255007608E-004  -5.7760466336922414E-004  -4.4355853290776131E-004  -6.5645365572269370E-006
   4.0189568014705919E-002   4.5575618057117897E-003  -3.7728886717964966E-005  -1.6319509346247602E-004  -4.5398049091781122E-004  -4.3847737773256044E-005
   4.0281479779411801E-002   5.4517779922467003E-003   1.3122741642228517E-005  -4.3314892832642355E-004  -4.6732059717067637E-004  -2.5164056802694443E-005
   4.0097369025735338E-002   5.8332441159359713E-003   2.1384323157170801E-004  -6.6082472203827342E-004  -4.9181219849429511E-004  -1.4938528703951624E-006
   4.0414177389705909E-002   5.5396715468393103E-003  -1.0237426034999690E-004  -5.6080877965106830E-004  -4.5460580839841561E-004  -6.8590990950502518E-006
   4.0059168198529449E-002   5.6256889729344520E-003   1.0169923873454756E-004  -5.7036779186398954E-004  -4.7086406289409335E-004  -5.9964516628510736E-006
   3.9703010110294173E-002   5.8794302084076728E-003   2.1499036651930186E-004  -6.5456474983516103E-004  -4.7169781953489620E-004   2.1250583085848629E-006
   3.9567153033088290E-002   6.1191964465256935E-003   4.4536359169675089E-004  -7.7362608061779783E-004  -5.0369323062575216E-004   1.3297394564628565E-005
   3.9466337316176506E-002   6.5860417758229059E-003   5.5793349102935871E-004  -9.3639641922237148E-004  -5.1755443477912106E-004   2.4995735352502835E-005
   3.9521771599264746E-002   6.9690442218831869E-003   5.5399787393242824E-004  -1.1266292610438346E-003  -5.1974304596123257E-004   4.1049393663921373E-005
   3.8979779411764733E-002   7.3882423395760025E-003   9.7813846460215962E-004  -1.2370214631635484E-003  -5.6361948918354666E-004   4.8013693665333015E-005
   3.8684800091911775E-002   6.4540511239905615E-003   1.2261385935103566E-003  -9.0647295567627777E-004  -5.9040392126937880E-004   2.3691244113567045E-005
   3.8689682904411792E-002   6.6188300887331242E-003   1.2375838260786126E-003  -9.5263315299084421E-004  -5.9259253245148814E-004   2.6742070398175170E-005
   3.8717830882352984E-002   6.9848367287096060E-003   1.1563602430111875E-003  -1.0492116044574762E-003  -5.8029462199962777E-004   3.1896914810097806E-005
   3.9138039981617689E-002   6.5784422699801262E-003   8.7272058000416926E-004  -9.2686911613946814E-004  -5.5392706823419971E-004   2.4722212995951959E-005
   3.9152975643382416E-002   7.4846775841932982E-003   8.1152665617942278E-004  -1.2524717367654091E-003  -5.4433886686495059E-004   5.0138751973924379E-005
   3.8911420036764732E-002   8.5669822659650875E-003   9.3613042300088841E-004  -1.5933347449238371E-003  -5.5298909201329600E-004   7.3935196993860260E-005
   3.8871208639705904E-002   8.8077989815679644E-003   9.4097611388288050E-004  -1.7013310641730490E-003  -5.5173845705209091E-004   8.4181765273885236E-005
   3.8458180147058860E-002   9.2600135549881918E-003   1.3092526388994697E-003  -1.9293718815909166E-003  -5.9280097161168942E-004   1.0507466527812678E-004
   3.8670726102941214E-002   9.4641978028918924E-003   1.1780814742781967E-003  -2.0076786843056544E-003  -5.8154525696083449E-004   1.1130255893498132E-004
   3.8550666360294125E-002   8.9764811737599870E-003   1.3069744409475084E-003  -1.8881813529852542E-003  -5.9717819397591234E-004   1.0604251361669401E-004
   3.8351332720588223E-002   8.4398340957100235E-003   1.2801865295792112E-003  -1.6543762950539573E-003  -5.8237901360164233E-004   8.6138502132290237E-005
   3.8099149816176479E-002   7.8237242232734767E-003   1.4615945707323486E-003  -1.4204692885825228E-003  -6.0009634221872682E-004   6.8359548956473459E-005
   3.8027918198529409E-002   8.2480212525533978E-003   1.5965667499260607E-003  -1.4857851188259837E-003  -6.1927274495722062E-004   7.0358366177423811E-005
   3.7790383731617673E-002   8.3975555655328438E-003   1.8615709947650346E-003  -1.5234990731647960E-003  -6.5189347352867760E-004   7.2799027205109102E-005
   3.7846105238970612E-002   9.1091576799797423E-003   1.7818099585309903E-003  -1.8529248562229163E-003  -6.4126307635842695E-004   1.0254984352535023E-004
   3.7792968750000031E-002   9.4488333517223251E-003   1.8392330026768215E-003  -1.9687501965449453E-003  -6.4824578822516047E-004   1.1062927313424100E-004
   3.7470703125000011E-002   9.8977680632152398E-003   2.1478745823614179E-003  -2.1036948517806566E-003  -6.8388888461953475E-004   1.1969759126296887E-004
   3.7437959558823515E-002   1.0502711038076394E-002   2.3487216388438071E-003  -2.2936712552308787E-003  -7.1619695445069383E-004   1.3261626256468899E-004
   3.7561178768382379E-002   1.0045867660775538E-002   2.2822902705209890E-003  -2.1044208433737758E-003  -7.1129863418596705E-004   1.1645740334690365E-004
   3.7255572150735293E-002   9.0963299645445174E-003   2.4393131558178142E-003  -1.7602565829406170E-003  -7.2213747051642267E-004   8.9441810592174708E-005
   3.6934168198529453E-002   8.8541800265770597E-003   2.6485557936417104E-003  -1.6692145087042554E-003  -7.4100121451461205E-004   8.2540631134580774E-005
   3.6482651654411793E-002   8.5822671047779721E-003   2.9115490365848313E-003  -1.4830811780702146E-003  -7.6226200885511671E-004   6.2594539287629124E-005
   3.7003389246323543E-002   9.4337553688576270E-003   2.5123480838126853E-003  -1.9134601664051471E-003  -7.2151215303581861E-004   1.0469594201521017E-004
   3.6379825367647063E-002   9.1389357328888112E-003   2.9834750004972773E-003  -1.7670290631753871E-003  -7.6914050114175112E-004   9.2303275245322127E-005
   3.6040039062500022E-002   9.7063319821797077E-003   3.3855005972910162E-003  -1.8802433778668550E-003  -8.1968699749049767E-004   9.5648664067755418E-005
   3.6411132812500024E-002   9.8964994413449376E-003   2.9351567121877393E-003  -1.8941950263644623E-003  -7.6257466759541918E-004   9.3502565577893615E-005
   3.6259765625000009E-002   9.1660054455611553E-003   3.1517763719514035E-003  -1.5515776921521530E-003  -7.9144349128326035E-004   6.1879173124341396E-005
   3.6212373621323540E-002   9.9608619259975613E-003   3.2296188199631027E-003  -1.8529521408231680E-003  -8.0217810803361164E-004   8.6980109383216227E-005
   3.6270967371323543E-002   1.0069505386813194E-002   3.1600674856619884E-003  -1.8984892168617757E-003  -7.9342366330516917E-004   9.0620060743472301E-005
   3.5653147977941183E-002   9.9407135582601606E-003   3.6417617050162462E-003  -1.7797259887723797E-003  -8.4313640301311168E-004   7.7490987629023450E-005
   3.5519875919117649E-002   1.0240246041972881E-002   3.7217196225548016E-003  -1.9376774613910474E-003  -8.4980645613954534E-004   9.2534717239326611E-005
   3.5331169577205869E-002   9.6620764559077615E-003   3.7169442464244327E-003  -1.6632489520862935E-003  -8.3928027854939533E-004   6.7623142611914288E-005
   3.5157973345588241E-002   9.4834445340237078E-003   3.8934081560433463E-003  -1.6131286162720825E-003  -8.6022841414959634E-004   6.3667588532561903E-005
   3.5450942095588245E-002   9.0577816459488404E-003   3.8116582168353360E-003  -1.3245972870358810E-003  -8.6147904911080143E-004   3.3748450762137011E-005
   3.5278894761029411E-002   9.2573690543912499E-003   3.9508271822033710E-003  -1.3772401578852993E-003  -8.7617400990497351E-004   3.6883437771838100E-005
   3.4824218749999997E-002   9.3664837771662238E-003   4.1809151303886082E-003  -1.4093869476408485E-003  -8.9170272733995039E-004   3.9955304237716501E-005
   3.4773380055147060E-002   9.1729587087168180E-003   4.1933045896212686E-003  -1.3819170702076991E-003  -8.9118162943944707E-004   3.9808022968805144E-005
   3.4911822150735294E-002   9.2785278127789812E-003   4.0785227891024962E-003  -1.4786166431768008E-003  -8.7888371898758725E-004   5.0580595780661154E-005
   3.4587545955882343E-002   9.5586608649475859E-003   4.3268162309745214E-003  -1.6058965380074258E-003  -9.0420907695201171E-004   6.1500449861427329E-005
   3.4771656709558826E-002   9.2942689834247944E-003   4.1852083482222593E-003  -1.3877156008268651E-003  -8.8972255531803918E-004   3.7935446835496577E-005
   3.4815602022058821E-002   9.1150516712241170E-003   4.1108776198049667E-003  -1.3644661717281709E-003  -8.7940481688808991E-004   3.9618661337348585E-005
   3.4512293198529415E-002   8.7644148462461494E-003   4.1834585154037675E-003  -1.1212401837838331E-003  -8.7606979032487297E-004   1.4791247435024309E-005
   3.4375861672794120E-002   9.6337083648810155E-003   4.1615464298109814E-003  -1.3967611832310079E-003  -8.6533517357452049E-004   3.2843722967389714E-005
   3.4593290441176469E-002   9.8671216814313484E-003   4.0910810037390159E-003  -1.4622692961640575E-003  -8.6460563651381763E-004   3.7220080672206172E-005
   3.3956227022058819E-002   9.7774263158114348E-003   4.6383587964110139E-003  -1.4258305281760735E-003  -9.2442767549151040E-004   3.5768308164359211E-005
   3.3872357536764694E-002   9.3813467175224499E-003   4.5628929870035421E-003  -1.2914429949805611E-003  -9.0733566435502856E-004   2.6405427497805261E-005
   3.3716681985294143E-002   8.5610151296276870E-003   4.6361207783170736E-003  -9.7533430910887262E-004  -9.1171288671924606E-004   1.6200939580302478E-006
   3.3842773437499959E-002   8.3044645724230821E-003   4.5010823023576155E-003  -9.2193853077691674E-004  -8.9535041264347164E-004  -1.5990537767627063E-006
   3.3839039522058793E-002   7.7778625849734811E-003   4.5311589351081059E-003  -7.0951114149615877E-004  -9.0024873290819548E-004  -2.0051292753317629E-005
   3.3750861672794126E-002   9.0595407332707874E-003   4.4600827751935853E-003  -1.2208614212444770E-003  -8.8367781967220969E-004   2.1187462542065182E-005
   3.3695140165441187E-002   9.4080085936873014E-003   4.3526538886997229E-003  -1.4358017590792381E-003  -8.6262546449190826E-004   4.4289581579986002E-005
   3.3276079963235311E-002   9.7382889264741122E-003   4.6679633158292879E-003  -1.5046531573198415E-003  -8.9441243642256207E-004   4.6582961338761216E-005
   3.3274931066176482E-002   8.6936138133291152E-003   4.5771809445295034E-003  -1.0792690943845511E-003  -8.7898793856768789E-004   1.2771390032802908E-005
   3.2817957261029401E-002   8.6059316314811285E-003   4.8720066800203143E-003  -8.3713283125152647E-004  -9.0535549233311671E-004  -1.7337109369081652E-005
   3.3155732996323531E-002   8.4039346157549159E-003   4.5278581597684754E-003  -8.3241148927597902E-004  -8.6450141693371677E-004  -1.3591957102462068E-005
   3.3218635110294104E-002   8.1620189026432709E-003   4.4046566699933402E-003  -7.7835811520693605E-004  -8.4688830789673346E-004  -1.5233091241768736E-005
   3.3693416819852905E-002   7.7133895987272685E-003   3.9307693970600660E-003  -5.7480633264502890E-004  -7.9113083254296233E-004  -3.5200223269990605E-005
   3.3251091452205880E-002   7.2542421915043689E-003   4.3683039434139212E-003  -4.0830353446861482E-004  -8.4240686595240903E-004  -4.6940644420405636E-005
   3.2944623161764705E-002   7.0263706395923518E-003   4.6739862765524248E-003  -3.6269714079687930E-004  -8.7836262108708437E-004  -4.8392416928259271E-005
   3.2788947610294154E-002   6.0376542914364409E-003   4.5698762463342530E-003   9.4894180467512126E-005  -8.5272460438235755E-004  -8.8137319353247121E-005
   3.2375057444852945E-002   6.4080551284111499E-003   4.9291786000532694E-003  -1.5814910161506500E-004  -8.9222382524045197E-004  -6.0364280072682507E-005
   3.2464096966911798E-002   6.7937630519974432E-003   4.9107079193032727E-003  -2.0287796354899283E-004  -8.9368289936185791E-004  -6.2615579468910121E-005
   3.2712258731617663E-002   6.0584689237781807E-003   4.4411178821894687E-003   1.0065713049308973E-004  -8.2698236809753333E-004  -8.7884837177969663E-005
   3.2557732077205900E-002   5.8913337995614712E-003   4.5755717412142016E-003   1.9909259397532465E-004  -8.4178154847180464E-004  -9.8320767089454572E-005
   3.1974092371323509E-002   5.7745778973667672E-003   4.9501926658184437E-003   3.2463033020896945E-004  -8.7513181410397067E-004  -1.1315409488702744E-004
   3.2062270220588246E-002   4.5125635400709765E-003   4.9030436113784125E-003   8.7185395991169355E-004  -8.7169256796065071E-004  -1.6087322601453791E-004
   3.2054227941176447E-002   5.0456160218408392E-003   4.8783972864447035E-003   6.4093037699319150E-004  -8.6710690643623193E-004  -1.4084297344249585E-004
   3.1825884650735298E-002   4.2575640674498965E-003   5.0420840012006607E-003   9.7104915202655517E-004  -8.8305250219160704E-004  -1.6750088311558324E-004
   3.1758099724264723E-002   3.5396926893631782E-003   5.1045797524265071E-003   1.2152024476685213E-003  -8.9013943363844066E-004  -1.8631080517378311E-004
