   319000.00000000000        84.116992490343350       -2.4721753905512931       -4.3780637093755780E-004  -4.2921947159596302E-004   3.1412127075695060E-004   5759.7000000000580        0.0000000000000000        7.1404051172708511        7.0866198691007671        1.9912313669919971E-002  -6.3716709613800049E-002   2.9885002112474413E-004  -3.4879407559086903E-002   1.0000000000000000        1.0897365459706378        6.2781010604113501     
   319000.00000000000       -196.34533036577130       -7.9058997163739066       -1.4000840219714633E-003  -1.3726235249012669E-003   3.4768675358206908E-004   5759.7000000000580        0.0000000000000000        7.1404051172708511        7.0866198691007671        1.9912313669919971E-002  -6.3716709613800049E-002   2.9885002112474413E-004  -3.4879407559086903E-002   1.0000000000000000       -2.5436558749389744        9.8002026450440436     
   319000.00000000000       -87.616620073797378      -0.72383919206892799       -1.2818726819839531E-004  -1.2567307187334769E-004   3.0332135800395895E-004   5759.7000000000580        0.0000000000000000        7.1404051172708511        7.0866198691007671        1.9912313669919971E-002  -6.3716709613800049E-002   2.9885002112474413E-004  -3.4879407559086903E-002   1.0000000000000000       -1.1350742591017224       0.14322460637115636     
   319000.00000000000        78.457287678716384        30.994589160777377        5.4889425123492127E-003   5.3812853379129237E-003   1.0738864256278015E-004   5759.7000000000580        0.0000000000000000        7.1404051172708511        7.0866198691007671        1.9912313669919971E-002  -6.3716709613800049E-002   2.9885002112474413E-004  -3.4879407559086903E-002   1.0000000000000000        1.0164150090250106        6.1798819060574388     
   319000.00000000000       -63.171065715844826        6.5100561017600596        1.1528890900721635E-003   1.1302769418129405E-003   2.5863576600772471E-004   5759.7000000000580        0.0000000000000000        7.1404051172708511        7.0866198691007671        1.9912313669919971E-002  -6.3716709613800049E-002   2.9885002112474413E-004  -3.4879407559086903E-002   1.0000000000000000      -0.81838183844211687      -0.39706819241737379     
   319000.00000000000        199.73869037647120        18.214078881304928        3.2255962928327163E-003   3.1623311771975526E-003   1.8633707140434426E-004   5759.7000000000580        0.0000000000000000        7.1404051172708511        7.0866198691007671        1.9912313669919971E-002  -6.3716709613800049E-002   2.9885002112474413E-004  -3.4879407559086903E-002   1.0000000000000000        2.5876168905175980       -22.228206229104476     
   319000.00000000000       -55.337729954343963       -4.2329582677404325       -7.4962970047052547E-004  -7.3492686559028944E-004   3.2499806977713411E-004   5759.7000000000580        0.0000000000000000        7.1404051172708511        7.0866198691007671        1.9912313669919971E-002  -6.3716709613800049E-002   2.9885002112474413E-004  -3.4879407559086903E-002   1.0000000000000000      -0.71690088907096339      -0.39827362885687406     
   319000.00000000000        198.12744815893825       -5.6214481273261310       -9.9552232962304477E-004  -9.7599668859941916E-004   3.3357512112169592E-004   5759.7000000000580        0.0000000000000000        7.1404051172708511        7.0866198691007671        1.9912313669919971E-002  -6.3716709613800049E-002   2.9885002112474413E-004  -3.4879407559086903E-002   1.0000000000000000        2.5667432301919750       -23.248023600846292     
   319000.00000000000        59.493516445221246        6.7301401761242579        1.1918645649785192E-003   1.1684879726590258E-003   2.5727625128537355E-004   5759.7000000000580        0.0000000000000000        7.1404051172708511        7.0866198691007671        1.9912313669919971E-002  -6.3716709613800049E-002   2.9885002112474413E-004  -3.4879407559086903E-002   1.0000000000000000       0.77073914793263099        5.5254136609494715     
   319000.00000000000       -127.62792579106315        7.2880850951390856        1.2906730237596167E-003   1.2653584553256267E-003   2.5382968508628334E-004   5759.7000000000580        0.0000000000000000        7.1404051172708511        7.0866198691007671        1.9912313669919971E-002  -6.3716709613800049E-002   2.9885002112474413E-004  -3.4879407559086903E-002   1.0000000000000000       -1.6534211566933585        2.8635423710647725     
   319000.00000000000       -43.000955585292196       -3.6901318455788004       -6.5349863030296474E-004  -6.4068125867298000E-004   3.2164489433842092E-004   5759.7000000000580        0.0000000000000000        7.1404051172708511        7.0866198691007671        1.9912313669919971E-002  -6.3716709613800049E-002   2.9885002112474413E-004  -3.4879407559086903E-002   1.0000000000000000      -0.55707784391284121      -0.21967338127375299     
   319000.00000000000        76.009673879099410       -13.201622543662349       -2.3379224946654710E-003  -2.2920677368026489E-003   3.8039976641586384E-004   5759.7000000000580        0.0000000000000000        7.1404051172708511        7.0866198691007671        1.9912313669919971E-002  -6.3716709613800049E-002   2.9885002112474413E-004  -3.4879407559086903E-002   1.0000000000000000       0.98470614582271676        6.2265589999726547     
   319000.00000000000        105.70803803712322       -5.9262103537755433       -1.0494937609667218E-003  -1.0289095532363636E-003   3.3545771410290755E-004   5759.7000000000580        0.0000000000000000        7.1404051172708511        7.0866198691007671        1.9912313669919971E-002  -6.3716709613800049E-002   2.9885002112474413E-004  -3.4879407559086903E-002   1.0000000000000000        1.3694487741597723        5.6584900144982555     
   319000.00000000000       -79.896234148744625        6.9733711106046572        1.2349392000273163E-003   1.2107177649191081E-003   2.5577375258203650E-004   5759.7000000000580        0.0000000000000000        7.1404051172708511        7.0866198691007671        1.9912313669919971E-002  -6.3716709613800049E-002   2.9885002112474413E-004  -3.4879407559086903E-002   1.0000000000000000       -1.0350565760813366       -8.4601957277242082E-002
   319000.00000000000        158.40054819072802        9.5494575681052822        1.6911475529986779E-003   1.6579782919431891E-003   2.3986061813494302E-004   5759.7000000000580        0.0000000000000000        7.1404051172708511        7.0866198691007671        1.9912313669919971E-002  -6.3716709613800049E-002   2.9885002112474413E-004  -3.4879407559086903E-002   1.0000000000000000        2.0520808121502414       -3.1350347389417097     
   319000.00000000000        39.319499937324672       -7.1933948854150778       -1.2739039962702931E-003  -1.2489183265473906E-003   3.4328543190428190E-004   5759.7000000000580        0.0000000000000000        7.1404051172708511        7.0866198691007671        1.9912313669919971E-002  -6.3716709613800049E-002   2.9885002112474413E-004  -3.4879407559086903E-002   1.0000000000000000       0.50938454624268514        4.4923241494358583     
   319000.00000000000       -18.781210822364496       -5.3567076531092477       -9.4863849334663277E-004  -9.3003240674153055E-004   3.3193975257747089E-004   5759.7000000000580        0.0000000000000000        7.1404051172708511        7.0866198691007671        1.9912313669919971E-002  -6.3716709613800049E-002   2.9885002112474413E-004  -3.4879407559086903E-002   1.0000000000000000      -0.24331078899497527       0.68638927110036985     
   319000.00000000000        28.453327709796756        4.1986006817980854        7.4354519284493986E-004   7.2896169623383911E-004   2.7291420792849975E-004   5759.7000000000580        0.0000000000000000        7.1404051172708511        7.0866198691007671        1.9912313669919971E-002  -6.3716709613800049E-002   2.9885002112474413E-004  -3.4879407559086903E-002   1.0000000000000000       0.36861316770691877        3.6018348885466058     
   319000.00000000000       -37.713501723633577        17.325603156670308        3.0682529529729753E-003   3.0080738852145310E-003   1.9182540958411439E-004   5759.7000000000580        0.0000000000000000        7.1404051172708511        7.0866198691007671        1.9912313669919971E-002  -6.3716709613800049E-002   2.9885002112474413E-004  -3.4879407559086903E-002   1.0000000000000000      -0.48857882204345560      -0.15760045091119818     
   319000.00000000000       -15.886422465127678        1.9014708366064006        3.3673826282714059E-004   3.3013365915002198E-004   2.8710415716818178E-004   5759.7000000000580        0.0000000000000000        7.1404051172708511        7.0866198691007671        1.9912313669919971E-002  -6.3716709613800049E-002   2.9885002112474413E-004  -3.4879407559086903E-002   1.0000000000000000      -0.20580877457032248       0.76201395555167251     
   319000.00000000000        151.81683297447569        2.0188415625186171        3.5752386394683914E-004   3.5051158263774097E-004   2.8637912865209458E-004   5759.7000000000580        0.0000000000000000        7.1404051172708511        7.0866198691007671        1.9912313669919971E-002  -6.3716709613800049E-002   2.9885002112474413E-004  -3.4879407559086903E-002   1.0000000000000000        1.9667887104356350       -1.4904340385731885     
   319000.00000000000       -79.413257775747923        14.028475005509174        2.4843527507894983E-003   2.4356259884211039E-003   2.1219260005862550E-004   5759.7000000000580        0.0000000000000000        7.1404051172708511        7.0866198691007671        1.9912313669919971E-002  -6.3716709613800049E-002   2.9885002112474413E-004  -3.4879407559086903E-002   1.0000000000000000       -1.0287996119541982       -7.7399965637174314E-002
   319000.00000000000       -2.6771329608379850       -7.4845899405295375       -1.3254727687780534E-003  -1.2994756568101571E-003   3.4508421705331028E-004   5759.7000000000580        0.0000000000000000        7.1404051172708511        7.0866198691007671        1.9912313669919971E-002  -6.3716709613800049E-002   2.9885002112474413E-004  -3.4879407559086903E-002   1.0000000000000000       -3.4682286414158804E-002   1.6285888141112117     
   319000.00000000000       -45.469421292496733       -12.270959094103311       -2.1731079798972407E-003  -2.1304858055286192E-003   3.7465082404061550E-004   5759.7000000000580        0.0000000000000000        7.1404051172708511        7.0866198691007671        1.9912313669919971E-002  -6.3716709613800049E-002   2.9885002112474413E-004  -3.4879407559086903E-002   1.0000000000000000      -0.58905684380308154      -0.22891356660595047     
   319000.00000000000        101.74409169509890        6.5243240339694237        1.1554158491545652E-003   1.1327541423979302E-003   2.5854762939923914E-004   5759.7000000000580        0.0000000000000000        7.1404051172708511        7.0866198691007671        1.9912313669919971E-002  -6.3716709613800049E-002   2.9885002112474413E-004  -3.4879407559086903E-002   1.0000000000000000        1.3180958064979005        5.9806433469075300     
   319000.00000000000       -195.94468442182895        6.4749245113502401        1.1466675112305597E-003   1.1241773896817845E-003   2.5885278268428225E-004   5759.7000000000580        0.0000000000000000        7.1404051172708511        7.0866198691007671        1.9912313669919971E-002  -6.3716709613800049E-002   2.9885002112474413E-004  -3.4879407559086903E-002   1.0000000000000000       -2.5384655024092027        10.028209227208091     
   319000.00000000000        17.001980104666533        4.2753945743092068        7.5714489759038902E-004   7.4229466366462901E-004   2.7243983272549091E-004   5759.7000000000580        0.0000000000000000        7.1404051172708511        7.0866198691007671        1.9912313669919971E-002  -6.3716709613800049E-002   2.9885002112474413E-004  -3.4879407559086903E-002   1.0000000000000000       0.22026083583584843        2.7956144012114557     
   319000.00000000000       -120.84761548864262        15.702277327395857        2.7807723830748326E-003   2.7262318050238206E-003   2.0185310182148860E-004   5759.7000000000580        0.0000000000000000        7.1404051172708511        7.0866198691007671        1.9912313669919971E-002  -6.3716709613800049E-002   2.9885002112474413E-004  -3.4879407559086903E-002   1.0000000000000000       -1.5655821635146960        2.3459188823209076     
   319000.00000000000        89.484523828253742       -8.9571726550742026E-002  -1.5862577020090283E-005  -1.5551456942330525E-005   2.9940332822478731E-004   5759.7000000000580        0.0000000000000000        7.1404051172708511        7.0866198691007671        1.9912313669919971E-002  -6.3716709613800049E-002   2.9885002112474413E-004  -3.4879407559086903E-002   1.0000000000000000        1.1592729724095066        6.2627439446054067     
   319000.00000000000       -196.57397720877205       -2.9342994725963201       -5.1964557541158427E-004  -5.0945352580799186E-004   3.1697592752804243E-004   5759.7000000000580        0.0000000000000000        7.1404051172708511        7.0866198691007671        1.9912313669919971E-002  -6.3716709613800049E-002   2.9885002112474413E-004  -3.4879407559086903E-002   1.0000000000000000       -2.5466179972588767        9.9340600877962419     
   319000.00000000000       -182.97139803128732       -13.562825521593474       -2.4018892203048680E-003  -2.3547798533939852E-003   3.8263100812507464E-004   5759.7000000000580        0.0000000000000000        7.1404051172708511        7.0866198691007671        1.9912313669919971E-002  -6.3716709613800049E-002   2.9885002112474413E-004  -3.4879407559086903E-002   1.0000000000000000       -2.3703964371399029        8.2222280524043896     
   319000.00000000000       -201.84942528845170        8.7042748335371716        1.5414711233996314E-003   1.5112375355551650E-003   2.6129484349153023E-004   5759.7000000000580        0.0000000000000000        7.1404051172708511        7.0866198691007671        1.9912313669919971E-002  -6.3716709613800049E-002   2.9885002112474413E-004  -3.4879407559086903E-002   1.0000000000000000       -2.6149614840930915        10.624146185829632     
   319000.00000000000        77.217710783463900        20.910670928807157        3.7031454112036260E-003   3.6305139032947803E-003   1.6967954359664038E-004   5759.7000000000580        0.0000000000000000        7.1404051172708511        7.0866198691007671        1.9912313669919971E-002  -6.3716709613800049E-002   2.9885002112474413E-004  -3.4879407559086903E-002   1.0000000000000000        1.0003562769626093        6.1495910828582740     
   319000.00000000000       -76.221297488093086       -8.1081266979438205       -1.4358971205263508E-003  -1.4077342045494972E-003   3.4893596054761251E-004   5759.7000000000580        0.0000000000000000        7.1404051172708511        7.0866198691007671        1.9912313669919971E-002  -6.3716709613800049E-002   2.9885002112474413E-004  -3.4879407559086903E-002   1.0000000000000000      -0.98744773196224833      -0.25165746005324596     
   319000.00000000000       -121.77123679382083       -6.7751990850330515       -1.1998442081151519E-003  -1.1763111073550677E-003   3.4070213118573937E-004   5759.7000000000580        0.0000000000000000        7.1404051172708511        7.0866198691007671        1.9912313669919971E-002  -6.3716709613800049E-002   2.9885002112474413E-004  -3.4879407559086903E-002   1.0000000000000000       -1.5775476874961356        2.1507732529758319     
   319000.00000000000        182.24505959356568       -2.1472610374245553       -3.8026612749381909E-004  -3.7280779162535089E-004   3.1211419301697729E-004   5759.7000000000580        0.0000000000000000        7.1404051172708511        7.0866198691007671        1.9912313669919971E-002  -6.3716709613800049E-002   2.9885002112474413E-004  -3.4879407559086903E-002   1.0000000000000000        2.3609867148365367       -13.570911694926405     
   319000.00000000000       -193.47766290098417       0.73341387375341716        1.2988288278026916E-004   1.2733542958025761E-004   2.9431953902682374E-004   5759.7000000000580        0.0000000000000000        7.1404051172708511        7.0866198691007671        1.9912313669919971E-002  -6.3716709613800049E-002   2.9885002112474413E-004  -3.4879407559086903E-002   1.0000000000000000       -2.5065052119688467        9.6896785991750800     
   319000.00000000000        121.02774909373704        17.745599399176005        3.1426315878552782E-003   3.0809936974453226E-003   1.8923098708140395E-004   5759.7000000000580        0.0000000000000000        7.1404051172708511        7.0866198691007671        1.9912313669919971E-002  -6.3716709613800049E-002   2.9885002112474413E-004  -3.4879407559086903E-002   1.0000000000000000        1.5679157963136976        4.6253762328270254     
   319000.00000000000        68.942646873181317       0.74646158760124215        1.3219354903420115E-004   1.2960077566561359E-004   2.9423894001428548E-004   5759.7000000000580        0.0000000000000000        7.1404051172708511        7.0866198691007671        1.9912313669919971E-002  -6.3716709613800049E-002   2.9885002112474413E-004  -3.4879407559086903E-002   1.0000000000000000       0.89315273465440270        5.9663988216020565     
   319000.00000000000       -168.55533819653417        8.1839587842512937        1.4493264955754627E-003   1.4209001830392575E-003   2.4829564781787280E-004   5759.7000000000580        0.0000000000000000        7.1404051172708511        7.0866198691007671        1.9912313669919971E-002  -6.3716709613800049E-002   2.9885002112474413E-004  -3.4879407559086903E-002   1.0000000000000000       -2.1836362263224105        7.1084507331208000     
   319000.00000000000        82.102083940847265       -5.6454838878391227       -9.9977890831205534E-004  -9.8016978103704464E-004   3.3372359606416831E-004   5759.7000000000580        0.0000000000000000        7.1404051172708511        7.0866198691007671        1.9912313669919971E-002  -6.3716709613800049E-002   2.9885002112474413E-004  -3.4879407559086903E-002   1.0000000000000000        1.0636333839558212        6.2720188957842513     
   319000.00000000000        10.790600725433510        10.414311233228094        1.8443075779575170E-003   1.8081343183200494E-003   2.3451819936243275E-004   5759.7000000000580        0.0000000000000000        7.1404051172708511        7.0866198691007671        1.9912313669919971E-002  -6.3716709613800049E-002   2.9885002112474413E-004  -3.4879407559086903E-002   1.0000000000000000       0.13979234891014558        2.3136917556660292     
   319000.00000000000        182.52720324741770       -15.237995013063758       -2.6985509695355214E-003  -2.6456230381901149E-003   3.9297895171284508E-004   5759.7000000000580        0.0000000000000000        7.1404051172708511        7.0866198691007671        1.9912313669919971E-002  -6.3716709613800049E-002   2.9885002112474413E-004  -3.4879407559086903E-002   1.0000000000000000        2.3646418889186518       -15.394027197637662     
   319000.00000000000       -187.51879093148708        4.9002325377667439        8.6779968456501203E-004   8.5077912699736008E-004   2.6858005135394685E-004   5759.7000000000580        0.0000000000000000        7.1404051172708511        7.0866198691007671        1.9912313669919971E-002  -6.3716709613800049E-002   2.9885002112474413E-004  -3.4879407559086903E-002   1.0000000000000000       -2.4293079612627362        9.1369522195736828     
   319000.00000000000        144.58501722552694       -14.202456351736952       -2.5151637288835038E-003  -2.4658326565162787E-003   3.8658216875749171E-004   5759.7000000000580        0.0000000000000000        7.1404051172708511        7.0866198691007671        1.9912313669919971E-002  -6.3716709613800049E-002   2.9885002112474413E-004  -3.4879407559086903E-002   1.0000000000000000        1.8731004593220424      -0.53371726944635656     
   319000.00000000000       -39.219981436891203       -8.6466836096395188       -1.5312720878340920E-003  -1.5012385384029431E-003   3.5226276214554491E-004   5759.7000000000580        0.0000000000000000        7.1404051172708511        7.0866198691007671        1.9912313669919971E-002  -6.3716709613800049E-002   2.9885002112474413E-004  -3.4879407559086903E-002   1.0000000000000000      -0.50809528299501261       -9.4344268644125845E-002
   319000.00000000000        65.668964120098750        19.384088221168909        3.4327974262986834E-003   3.3654683787642959E-003   1.7910962922149348E-004   5759.7000000000580        0.0000000000000000        7.1404051172708511        7.0866198691007671        1.9912313669919971E-002  -6.3716709613800049E-002   2.9885002112474413E-004  -3.4879407559086903E-002   1.0000000000000000       0.85074213924043329        5.7630478826287739     
   319000.00000000000        75.665609118684415        3.6193581998557605        6.4096507256654746E-004   6.2839352741561605E-004   2.7649233453437436E-004   5759.7000000000580        0.0000000000000000        7.1404051172708511        7.0866198691007671        1.9912313669919971E-002  -6.3716709613800049E-002   2.9885002112474413E-004  -3.4879407559086903E-002   1.0000000000000000       0.98024878313648078        6.1491627190335656     
   319000.00000000000        169.60662302288299       -14.595267930610166       -2.5847281345749555E-003  -2.5340326632654511E-003   3.8900866475058394E-004   5759.7000000000580        0.0000000000000000        7.1404051172708511        7.0866198691007671        1.9912313669919971E-002  -6.3716709613800049E-002   2.9885002112474413E-004  -3.4879407559086903E-002   1.0000000000000000        2.1972556325990698       -9.0635413365455637     
   319000.00000000000        204.15164575837682        16.429350316023218        2.9095323358574242E-003   2.8524663291530899E-003   1.7065783727572884E-004   5759.7000000000580       -5.0000000000000001E-003   7.1404051172708511        7.0866198691007671        1.9912313669919971E-002  -6.3716709613800049E-002   2.9885002112474413E-004  -3.4879407559086903E-002   1.0000000000000000        2.6447867751393344       -25.243913064056734     
   319000.00000000000        145.78608654279418        11.216462605680443        1.9863634299242456E-003   1.9474039629981301E-003   2.2956310843386997E-004   5759.7000000000580        0.0000000000000000        7.1404051172708511        7.0866198691007671        1.9912313669919971E-002  -6.3716709613800049E-002   2.9885002112474413E-004  -3.4879407559086903E-002   1.0000000000000000        1.8886603252958569       0.36416796925182071     
   319000.00000000000        93.344994408170535        13.364614453328841        2.3667873141827284E-003   2.3203664172315756E-003   2.1629343378266782E-004   5759.7000000000580        0.0000000000000000        7.1404051172708511        7.0866198691007671        1.9912313669919971E-002  -6.3716709613800049E-002   2.9885002112474413E-004  -3.4879407559086903E-002   1.0000000000000000        1.2092854104559898        6.2371678888635662     
   319000.00000000000        102.40781848151431        27.712370302239311        4.9076826500548468E-003   4.8114259947981720E-003   1.2766373458410034E-004   5759.7000000000580        0.0000000000000000        7.1404051172708511        7.0866198691007671        1.9912313669919971E-002  -6.3716709613800049E-002   2.9885002112474413E-004  -3.4879407559086903E-002   1.0000000000000000        1.3266943941825415        5.9992346523625812     
   319000.00000000000       -182.53239478727616        3.9617519673843562        7.0160080794610903E-004   6.8783998600349260E-004   2.7437728205208472E-004   5759.7000000000580        0.0000000000000000        7.1404051172708511        7.0866198691007671        1.9912313669919971E-002  -6.3716709613800049E-002   2.9885002112474413E-004  -3.4879407559086903E-002   1.0000000000000000       -2.3647091453735745        8.5867894131901981     
   319000.00000000000       -115.65405072441914       -6.3850955241056218       -1.1307593749952127E-003  -1.1085812670982096E-003   3.3829236330110439E-004   5759.7000000000580        0.0000000000000000        7.1404051172708511        7.0866198691007671        1.9912313669919971E-002  -6.3716709613800049E-002   2.9885002112474413E-004  -3.4879407559086903E-002   1.0000000000000000       -1.4982994759163555        1.6832234101540360     
   319000.00000000000        156.26292955974816       -13.934993307174471       -2.4677977428991123E-003  -2.4193956815761813E-003   3.8492998221097293E-004   5759.7000000000580        0.0000000000000000        7.1404051172708511        7.0866198691007671        1.9912313669919971E-002  -6.3716709613800049E-002   2.9885002112474413E-004  -3.4879407559086903E-002   1.0000000000000000        2.0243879397048326       -3.9321417779326762     
   319000.00000000000        168.30908094324846       -16.103830556198790       -2.8518848787789778E-003  -2.7959495383784970E-003   3.9832743579297481E-004   5759.7000000000580        0.0000000000000000        7.1404051172708511        7.0866198691007671        1.9912313669919971E-002  -6.3716709613800049E-002   2.9885002112474413E-004  -3.4879407559086903E-002   1.0000000000000000        2.1804459609471163       -8.6994835414687053     
   319000.00000000000        200.77122613357361        3.0635181964049263        5.4252938080178868E-004   5.3188850051302935E-004   2.7992589814022001E-004   5759.7000000000580        0.0000000000000000        7.1404051172708511        7.0866198691007671        1.9912313669919971E-002  -6.3716709613800049E-002   2.9885002112474413E-004  -3.4879407559086903E-002   1.0000000000000000        2.6009934023997263       -23.912666085686656     
   319000.00000000000        107.00231884364472        19.357529081184843        3.4280939733252057E-003   3.3608571767947374E-003   1.7927369171409153E-004   5759.7000000000580        0.0000000000000000        7.1404051172708511        7.0866198691007671        1.9912313669919971E-002  -6.3716709613800049E-002   2.9885002112474413E-004  -3.4879407559086903E-002   1.0000000000000000        1.3862161959833323        5.7764753672226368     
   319000.00000000000       -178.51889415627468        11.639154178482309        2.0612193904768691E-003   2.0207917388895590E-003   2.2695203619750739E-004   5759.7000000000580        0.0000000000000000        7.1404051172708511        7.0866198691007671        1.9912313669919971E-002  -6.3716709613800049E-002   2.9885002112474413E-004  -3.4879407559086903E-002   1.0000000000000000       -2.3127142013629376        8.2510372287076965     
   319000.00000000000       -194.50497686326031       -10.282961281825960       -1.8210463458596727E-003  -1.7853293195523824E-003   3.6237046117655602E-004   5759.7000000000580        0.0000000000000000        7.1404051172708511        7.0866198691007671        1.9912313669919971E-002  -6.3716709613800049E-002   2.9885002112474413E-004  -3.4879407559086903E-002   1.0000000000000000       -2.5198140754426177        9.5509944986461672     
   319000.00000000000        151.99184444611245       -5.6621441915454565       -1.0027293410088071E-003  -9.8306234552935040E-004   3.3382651095354880E-004   5759.7000000000580        0.0000000000000000        7.1404051172708511        7.0866198691007671        1.9912313669919971E-002  -6.3716709613800049E-002   2.9885002112474413E-004  -3.4879407559086903E-002   1.0000000000000000        1.9690559859403860       -1.9617003468060907     
   319000.00000000000       -74.443917031498273       -3.3418271564509623       -5.9181610870259087E-004  -5.8020854496778111E-004   3.1949332860563805E-004   5759.7000000000580        0.0000000000000000        7.1404051172708511        7.0866198691007671        1.9912313669919971E-002  -6.3716709613800049E-002   2.9885002112474413E-004  -3.4879407559086903E-002   1.0000000000000000      -0.96442174895569122      -0.26659533660934287     
   319000.00000000000        151.83778550340688       -7.7239111736020654       -1.3678550208384222E-003  -1.3410266461103856E-003   3.4656256454698183E-004   5759.7000000000580        0.0000000000000000        7.1404051172708511        7.0866198691007671        1.9912313669919971E-002  -6.3716709613800049E-002   2.9885002112474413E-004  -3.4879407559086903E-002   1.0000000000000000        1.9670601506741747       -2.0543714468111074     
   319000.00000000000       -78.288095612949519       -1.3971509554346797       -2.4742645355530142E-004  -2.4257356380274418E-004   3.0748057423835668E-004   5759.7000000000580        0.0000000000000000        7.1404051172708511        7.0866198691007671        1.9912313669919971E-002  -6.3716709613800049E-002   2.9885002112474413E-004  -3.4879407559086903E-002   1.0000000000000000       -1.0142231239861395      -0.16800514690803497     
   319000.00000000000       -18.519403210646015       -6.7079563717838546       -1.1879359558236099E-003  -1.1646364171369666E-003   3.4028675602105644E-004   5759.7000000000580        0.0000000000000000        7.1404051172708511        7.0866198691007671        1.9912313669919971E-002  -6.3716709613800049E-002   2.9885002112474413E-004  -3.4879407559086903E-002   1.0000000000000000      -0.23991906855827905       0.71474830042793391     
   319000.00000000000        47.688960817328201       -12.584499997926518       -2.2286340585759498E-003  -2.1849228254816034E-003   3.7658764512155183E-004   5759.7000000000580        0.0000000000000000        7.1404051172708511        7.0866198691007671        1.9912313669919971E-002  -6.3716709613800049E-002   2.9885002112474413E-004  -3.4879407559086903E-002   1.0000000000000000       0.61781100231288355        5.0972142479815838     
   319000.00000000000        14.699454673804158       -9.6168433402797699       -1.7030811401063297E-003  -1.6696778200739053E-003   3.5825568299021747E-004   5759.7000000000580        0.0000000000000000        7.1404051172708511        7.0866198691007671        1.9912313669919971E-002  -6.3716709613800049E-002   2.9885002112474413E-004  -3.4879407559086903E-002   1.0000000000000000       0.19043159401737081        2.8287151122278540     
   319000.00000000000       -84.086751086322423       -6.4584061044597822       -1.1437422075478106E-003  -1.1213094613364788E-003   3.3874522120817249E-004   5759.7000000000580        0.0000000000000000        7.1404051172708511        7.0866198691007671        1.9912313669919971E-002  -6.3716709613800049E-002   2.9885002112474413E-004  -3.4879407559086903E-002   1.0000000000000000       -1.0893447682550135       -2.7590020930895763E-002
   319000.00000000000        117.59167582614543       -10.741589377315961       -1.9022664335864197E-003  -1.8649564000409488E-003   3.6520352235876018E-004   5759.7000000000580        0.0000000000000000        7.1404051172708511        7.0866198691007671        1.9912313669919971E-002  -6.3716709613800049E-002   2.9885002112474413E-004  -3.4879407559086903E-002   1.0000000000000000        1.5234014300308423        4.5197489310894854     
   319000.00000000000       -120.43380858183249        8.3898380076808259        1.4857863826876899E-003   1.4566449654809697E-003   2.4702388003509582E-004   5759.7000000000580        0.0000000000000000        7.1404051172708511        7.0866198691007671        1.9912313669919971E-002  -6.3716709613800049E-002   2.9885002112474413E-004  -3.4879407559086903E-002   1.0000000000000000       -1.5602212905688659        2.2568877574753867     
   319000.00000000000        151.07227256330415       -4.1876889878270580       -7.4161280198121093E-004  -7.2706720624807122E-004   3.2471843004086397E-004   5759.7000000000580        0.0000000000000000        7.1404051172708511        7.0866198691007671        1.9912313669919971E-002  -6.3716709613800049E-002   2.9885002112474413E-004  -3.4879407559086903E-002   1.0000000000000000        1.9571429222694725       -1.6085922029013615     
   319000.00000000000       -44.462277812579735        17.082958168707037        3.0252820852859955E-003   2.9659458250788869E-003   1.9332428874833279E-004   5759.7000000000580        0.0000000000000000        7.1404051172708511        7.0866198691007671        1.9912313669919971E-002  -6.3716709613800049E-002   2.9885002112474413E-004  -3.4879407559086903E-002   1.0000000000000000      -0.57600928914606508      -0.30245080041170108     
   319000.00000000000        1.9652053814646437       -12.134901202817302       -2.1490130019078107E-003  -2.1068634135141032E-003   3.7381036020046822E-004   5759.7000000000580        0.0000000000000000        7.1404051172708511        7.0866198691007671        1.9912313669919971E-002  -6.3716709613800049E-002   2.9885002112474413E-004  -3.4879407559086903E-002   1.0000000000000000        2.5459256936296693E-002   2.0037747950783014     
   319000.00000000000       -5.4190020301777970       -12.429615516598203       -2.2012050125041929E-003  -2.1580317580078960E-003   3.7563088469607406E-004   5759.7000000000580        0.0000000000000000        7.1404051172708511        7.0866198691007671        1.9912313669919971E-002  -6.3716709613800049E-002   2.9885002112474413E-004  -3.4879407559086903E-002   1.0000000000000000       -7.0203229812950754E-002   1.5359305527343077     
   319000.00000000000       -42.497048575795674       -1.2892221739511767       -2.2831296010269168E-004  -2.2383495215916866E-004   3.0681387098953626E-004   5759.7000000000580        0.0000000000000000        7.1404051172708511        7.0866198691007671        1.9912313669919971E-002  -6.3716709613800049E-002   2.9885002112474413E-004  -3.4879407559086903E-002   1.0000000000000000      -0.55054972316384787      -0.21905532988119239     
   319000.00000000000       -65.409888790731486        4.8672597131397799        8.6196040926736711E-004   8.4505438011350082E-004   2.6878373279090389E-004   5759.7000000000580        0.0000000000000000        7.1404051172708511        7.0866198691007671        1.9912313669919971E-002  -6.3716709613800049E-002   2.9885002112474413E-004  -3.4879407559086903E-002   1.0000000000000000      -0.84738581555109904      -0.38050564530730097     
   319000.00000000000       -30.710571264321192        5.8395702858450473        1.0341503618440668E-003   1.0138670913146497E-003   2.6277752565343030E-004   5759.7000000000580        0.0000000000000000        7.1404051172708511        7.0866198691007671        1.9912313669919971E-002  -6.3716709613800049E-002   2.9885002112474413E-004  -3.4879407559086903E-002   1.0000000000000000      -0.39785578232850460        8.9699091852817589E-002
   319000.00000000000        154.62500756880075       -4.1572944674139691       -7.3623012778693613E-004  -7.2179010493843905E-004   3.2453067543799331E-004   5759.7000000000580        0.0000000000000000        7.1404051172708511        7.0866198691007671        1.9912313669919971E-002  -6.3716709613800049E-002   2.9885002112474413E-004  -3.4879407559086903E-002   1.0000000000000000        2.0031686426265485       -2.6455221883778339     
   319000.00000000000       -61.142027605491904        7.6565601984907117        1.3559275960669816E-003   1.3293331594511233E-003   2.5155352162796137E-004   5759.7000000000580        0.0000000000000000        7.1404051172708511        7.0866198691007671        1.9912313669919971E-002  -6.3716709613800049E-002   2.9885002112474413E-004  -3.4879407559086903E-002   1.0000000000000000      -0.79209562781383480      -0.40744298450649474     
   319000.00000000000        144.49130399512296        13.886181180784314        2.4591534290715829E-003   2.4109209126836769E-003   2.1307158482920449E-004   5759.7000000000580        0.0000000000000000        7.1404051172708511        7.0866198691007671        1.9912313669919971E-002  -6.3716709613800049E-002   2.9885002112474413E-004  -3.4879407559086903E-002   1.0000000000000000        1.8718864034102844       0.71599209854569046     
   319000.00000000000       -77.866829031851935       -13.365886996596901       -2.3670126734158074E-003  -2.3205873563895284E-003   3.8141446928688545E-004   5759.7000000000580        0.0000000000000000        7.1404051172708511        7.0866198691007671        1.9912313669919971E-002  -6.3716709613800049E-002   2.9885002112474413E-004  -3.4879407559086903E-002   1.0000000000000000       -1.0087656108793692      -0.24563614718918991     
   319000.00000000000        137.15840353675006        18.449566141765505        3.2672995729876417E-003   3.2032165115831240E-003   1.8488240732450484E-004   5759.7000000000580        0.0000000000000000        7.1404051172708511        7.0866198691007671        1.9912313669919971E-002  -6.3716709613800049E-002   2.9885002112474413E-004  -3.4879407559086903E-002   1.0000000000000000        1.7768885987946339        2.2770464506648458     
   319000.00000000000       -187.32390544204770        11.942817550004522        2.1149962216761944E-003   2.0735138201650087E-003   2.2507623111976208E-004   5759.7000000000580        0.0000000000000000        7.1404051172708511        7.0866198691007671        1.9912313669919971E-002  -6.3716709613800049E-002   2.9885002112474413E-004  -3.4879407559086903E-002   1.0000000000000000       -2.4267832176427615        9.2037687656704978     
   319000.00000000000        132.86225807152866        1.0830900071322476        1.9180827834208006E-004   1.8804625364727965E-004   2.9215950153771094E-004   5759.7000000000580        0.0000000000000000        7.1404051172708511        7.0866198691007671        1.9912313669919971E-002  -6.3716709613800049E-002   2.9885002112474413E-004  -3.4879407559086903E-002   1.0000000000000000        1.7212319879048041        2.7117621229141009     
   319000.00000000000       -201.70340936878077       -11.618521876307037       -2.0575655423826084E-003  -2.0172095554120734E-003   3.7062055512830855E-004   5759.7000000000580        0.0000000000000000        7.1404051172708511        7.0866198691007671        1.9912313669919971E-002  -6.3716709613800049E-002   2.9885002112474413E-004  -3.4879407559086903E-002   1.0000000000000000       -2.6130698462771389        10.241243888250992     
   319000.00000000000        67.819809778353346        19.256141964446570        3.4101389666502512E-003   3.3432543299905162E-003   1.7989998545324835E-004   5759.7000000000580        0.0000000000000000        7.1404051172708511        7.0866198691007671        1.9912313669919971E-002  -6.3716709613800049E-002   2.9885002112474413E-004  -3.4879407559086903E-002   1.0000000000000000       0.87860636796700575        5.8519477108153106     
   319000.00000000000        36.138546903384942       -4.6073545682771799       -8.1593287873891205E-004  -7.9992960888190941E-004   3.2731080996082967E-004   5759.7000000000580        0.0000000000000000        7.1404051172708511        7.0866198691007671        1.9912313669919971E-002  -6.3716709613800049E-002   2.9885002112474413E-004  -3.4879407559086903E-002   1.0000000000000000       0.46817526534146597        4.2423678211500526     
   319000.00000000000        181.92996770176089        16.426202652750302        2.9089749049244426E-003   2.8519198313714492E-003   1.9738123287528947E-004   5759.7000000000580        0.0000000000000000        7.1404051172708511        7.0866198691007671        1.9912313669919971E-002  -6.3716709613800049E-002   2.9885002112474413E-004  -3.4879407559086903E-002   1.0000000000000000        2.3569046959759818       -12.243683290940108     
   319000.00000000000        203.82827116785660       -8.8064100962932379       -1.5595586219253796E-003  -1.5289702755860808E-003   3.2236317436023625E-004   5759.7000000000580       -5.0000000000000001E-003   7.1404051172708511        7.0866198691007671        1.9912313669919971E-002  -6.3716709613800049E-002   2.9885002112474413E-004  -3.4879407559086903E-002   1.0000000000000000        2.6405974538274881       -27.246213183690010     
   319000.00000000000        98.220733665887678       -9.6771312867972323       -1.7137577479137565E-003  -1.6801450226222087E-003   3.5862809681028873E-004   5759.7000000000580        0.0000000000000000        7.1404051172708511        7.0866198691007671        1.9912313669919971E-002  -6.3716709613800049E-002   2.9885002112474413E-004  -3.4879407559086903E-002   1.0000000000000000        1.2724506651858005        5.9979048307010023     
   319000.00000000000       -72.622798370731644       -9.9740887564640666       -1.7663470069989077E-003  -1.7317028241859761E-003   3.6046247784440270E-004   5759.7000000000580        0.0000000000000000        7.1404051172708511        7.0866198691007671        1.9912313669919971E-002  -6.3716709613800049E-002   2.9885002112474413E-004  -3.4879407559086903E-002   1.0000000000000000      -0.94082913704182225      -0.32670290788918965     
   319000.00000000000        171.94454137709207        16.339289476606794        2.8935831400927572E-003   2.8368299523597808E-003   1.9791811744031195E-004   5759.7000000000580        0.0000000000000000        7.1404051172708511        7.0866198691007671        1.9912313669919971E-002  -6.3716709613800049E-002   2.9885002112474413E-004  -3.4879407559086903E-002   1.0000000000000000        2.2275433901216610       -7.7978625824951040     
   319000.00000000000        52.453922424290162        10.161624543932444        1.7995583895109460E-003   1.7642628164543884E-003   2.3607910864327031E-004   5759.7000000000580        0.0000000000000000        7.1404051172708511        7.0866198691007671        1.9912313669919971E-002  -6.3716709613800049E-002   2.9885002112474413E-004  -3.4879407559086903E-002   1.0000000000000000       0.67954113138103278        5.1242921442861862     
   319000.00000000000        104.80129308411972        2.0007178617884414        3.5431427304363582E-004   3.4736494292904514E-004   2.8649108331322735E-004   5759.7000000000580        0.0000000000000000        7.1404051172708511        7.0866198691007671        1.9912313669919971E-002  -6.3716709613800049E-002   2.9885002112474413E-004  -3.4879407559086903E-002   1.0000000000000000        1.3577018835029793        5.8015921175573384     
   319000.00000000000        170.22597404290698       -13.230331242084791       -2.3430066206213832E-003  -2.2970521454389391E-003   3.8057710727197803E-004   5759.7000000000580        0.0000000000000000        7.1404051172708511        7.0866198691007671        1.9912313669919971E-002  -6.3716709613800049E-002   2.9885002112474413E-004  -3.4879407559086903E-002   1.0000000000000000        2.2052793317509605       -9.1636467698255082     
   319000.00000000000        12.378811779672768        4.2695846818135257        7.5611600297441903E-004   7.4128594923580785E-004   2.7247572189378249E-004   5759.7000000000580        0.0000000000000000        7.1404051172708511        7.0866198691007671        1.9912313669919971E-002  -6.3716709613800049E-002   2.9885002112474413E-004  -3.4879407559086903E-002   1.0000000000000000       0.16036764026661868        2.4749412376645261     
   319000.00000000000       -31.542648168715441       -11.683081270749424       -2.0689985961613883E-003  -2.0284183674061681E-003   3.7101935475733239E-004   5759.7000000000580        0.0000000000000000        7.1404051172708511        7.0866198691007671        1.9912313669919971E-002  -6.3716709613800049E-002   2.9885002112474413E-004  -3.4879407559086903E-002   1.0000000000000000      -0.40863534760933212       0.18933551669201323     
   319000.00000000000        31.034458767533479        16.427749677826849        2.9092488731214811E-003   2.8521884261032142E-003   1.9737167651200652E-004   5759.7000000000580        0.0000000000000000        7.1404051172708511        7.0866198691007671        1.9912313669919971E-002  -6.3716709613800049E-002   2.9885002112474413E-004  -3.4879407559086903E-002   1.0000000000000000       0.40205174842981445        3.6941909771653183     
   319000.00000000000        52.708895537567393        17.884374008548953        3.1672076791552971E-003   3.1050877664719990E-003   1.8837374138983769E-004   5759.7000000000580        0.0000000000000000        7.1404051172708511        7.0866198691007671        1.9912313669919971E-002  -6.3716709613800049E-002   2.9885002112474413E-004  -3.4879407559086903E-002   1.0000000000000000       0.68284431081662655        5.1052312463314449     
   319000.00000000000       -39.908490947681500        7.3754599223171331        1.3061465440221038E-003   1.2805284862609267E-003   2.5328994878662324E-004   5759.7000000000580        0.0000000000000000        7.1404051172708511        7.0866198691007671        1.9912313669919971E-002  -6.3716709613800049E-002   2.9885002112474413E-004  -3.4879407559086903E-002   1.0000000000000000      -0.51701493114152342      -0.19046094847523529     
   319000.00000000000       -32.120335315137943       -7.4294596552725238       -1.3157095496272703E-003  -1.2899039282032829E-003   3.4474366340502444E-004   5759.7000000000580        0.0000000000000000        7.1404051172708511        7.0866198691007671        1.9912313669919971E-002  -6.3716709613800049E-002   2.9885002112474413E-004  -3.4879407559086903E-002   1.0000000000000000      -0.41611929082884697       0.12767686628803868     
   319000.00000000000        42.863204478670738       -10.036214908507347       -1.7773491491892795E-003  -1.7424891762604382E-003   3.6084624672268195E-004   5759.7000000000580        0.0000000000000000        7.1404051172708511        7.0866198691007671        1.9912313669919971E-002  -6.3716709613800049E-002   2.9885002112474413E-004  -3.4879407559086903E-002   1.0000000000000000       0.55529327683918450        4.7642037049628190     
   319000.00000000000       -198.75783855277072        7.7996573987906856        1.3812691904352863E-003   1.3541777173794829E-003   2.5066957420424581E-004   5759.7000000000580        0.0000000000000000        7.1404051172708511        7.0866198691007671        1.9912313669919971E-002  -6.3716709613800049E-002   2.9885002112474413E-004  -3.4879407559086903E-002   1.0000000000000000       -2.5749099445507526        10.321508540467377     
   319000.00000000000        28.481630021680967        11.943518116680627        2.1151202875314074E-003   2.0736354526590807E-003   2.2507190354307166E-004   5759.7000000000580        0.0000000000000000        7.1404051172708511        7.0866198691007671        1.9912313669919971E-002  -6.3716709613800049E-002   2.9885002112474413E-004  -3.4879407559086903E-002   1.0000000000000000       0.36897982446297461        3.5386305060123218     
   319000.00000000000       -79.980590342508350        10.517318256909848        1.8625494597396713E-003   1.8260184136169838E-003   2.3388189905035664E-004   5759.7000000000580        0.0000000000000000        7.1404051172708511        7.0866198691007671        1.9912313669919971E-002  -6.3716709613800049E-002   2.9885002112474413E-004  -3.4879407559086903E-002   1.0000000000000000       -1.0361494114823868       -6.9478074795702505E-002
   319000.00000000000        199.65433906803463        1.4076819538757528        2.4929142568772249E-004   2.4440195737203998E-004   2.9015441538311635E-004   5759.7000000000580        0.0000000000000000        7.1404051172708511        7.0866198691007671        1.9912313669919971E-002  -6.3716709613800049E-002   2.9885002112474413E-004  -3.4879407559086903E-002   1.0000000000000000        2.5865241184060141       -23.348501722269628     
   319000.00000000000        33.336912627941906      -0.34299401806432972       -6.0742035891130151E-005  -5.9550674178225647E-005   3.0096878150567564E-004   5759.7000000000580        0.0000000000000000        7.1404051172708511        7.0866198691007671        1.9912313669919971E-002  -6.3716709613800049E-002   2.9885002112474413E-004  -3.4879407559086903E-002   1.0000000000000000       0.43188006305228838        3.9938291110318431     
   319000.00000000000        102.01171108188970        11.759633954221059        2.0825555843363955E-003   2.0417094560864178E-003   2.2620780229809609E-004   5759.7000000000580        0.0000000000000000        7.1404051172708511        7.0866198691007671        1.9912313669919971E-002  -6.3716709613800049E-002   2.9885002112474413E-004  -3.4879407559086903E-002   1.0000000000000000        1.3215628185434114        5.9938415213017473     
   319000.00000000000        178.63866271776874       -3.7931112417979151       -6.7173561943907037E-004  -6.5856055728560111E-004   3.2228102398870647E-004   5759.7000000000580        0.0000000000000000        7.1404051172708511        7.0866198691007671        1.9912313669919971E-002  -6.3716709613800049E-002   2.9885002112474413E-004  -3.4879407559086903E-002   1.0000000000000000        2.3142658043703017       -11.952277469077478     
   319000.00000000000        12.920757382647245       -10.533212422124455       -1.8653642142341480E-003  -1.8287779610265029E-003   3.6391632545821218E-004   5759.7000000000580        0.0000000000000000        7.1404051172708511        7.0866198691007671        1.9912313669919971E-002  -6.3716709613800049E-002   2.9885002112474413E-004  -3.4879407559086903E-002   1.0000000000000000       0.16738855140484299        2.7208086515835301     
   319000.00000000000       -22.909732691014348        10.524101624668596        1.8637507505673944E-003   1.8271961429707259E-003   2.3383999648034207E-004   5759.7000000000580        0.0000000000000000        7.1404051172708511        7.0866198691007671        1.9912313669919971E-002  -6.3716709613800049E-002   2.9885002112474413E-004  -3.4879407559086903E-002   1.0000000000000000      -0.29679583438129503       0.37484959591250105     
   319000.00000000000        42.017093243440094        2.3113579713287948        4.0932663970067129E-004   4.0129832653241864E-004   2.8457218116870398E-004   5759.7000000000580        0.0000000000000000        7.1404051172708511        7.0866198691007671        1.9912313669919971E-002  -6.3716709613800049E-002   2.9885002112474413E-004  -3.4879407559086903E-002   1.0000000000000000       0.54433189665083492        4.5454784304065612     
   319000.00000000000        189.65779557348256       -17.024761280332580       -3.0149757904347238E-003  -2.9558416723670343E-003   4.0401625667355143E-004   5759.7000000000580        0.0000000000000000        7.1404051172708511        7.0866198691007671        1.9912313669919971E-002  -6.3716709613800049E-002   2.9885002112474413E-004  -3.4879407559086903E-002   1.0000000000000000        2.4570187894958182       -19.786446491378690     
   319000.00000000000        154.83151464502754       -7.2749949348761804       -1.2883548405184125E-003  -1.2630857396871550E-003   3.4378949594847700E-004   5759.7000000000580        0.0000000000000000        7.1404051172708511        7.0866198691007671        1.9912313669919971E-002  -6.3716709613800049E-002   2.9885002112474413E-004  -3.4879407559086903E-002   1.0000000000000000        2.0058439440288391       -2.9216515602915734     
   319000.00000000000       -5.1291221566635592       -11.876568983449001       -2.1032640263738945E-003  -2.0620117338487911E-003   3.7221457705939609E-004   5759.7000000000580        0.0000000000000000        7.1404051172708511        7.0866198691007671        1.9912313669919971E-002  -6.3716709613800049E-002   2.9885002112474413E-004  -3.4879407559086903E-002   1.0000000000000000       -6.6447832921578590E-002   1.5446244636581743     
   319000.00000000000       -161.52956413512840       -12.887041486462318       -2.2822122115096575E-003  -2.2374501252603761E-003   3.7845652004571298E-004   5759.7000000000580        0.0000000000000000        7.1404051172708511        7.0866198691007671        1.9912313669919971E-002  -6.3716709613800049E-002   2.9885002112474413E-004  -3.4879407559086903E-002   1.0000000000000000       -2.0926172474956846        5.8738389059928862     
   319000.00000000000        4.4873703844758595       -4.6240324879269954       -8.1888643110602198E-004  -8.0282523185703223E-004   3.2741383366832700E-004   5759.7000000000580        0.0000000000000000        7.1404051172708511        7.0866198691007671        1.9912313669919971E-002  -6.3716709613800049E-002   2.9885002112474413E-004  -3.4879407559086903E-002   1.0000000000000000        5.8133931783533932E-002   2.0502594064591868     
   319000.00000000000        159.54842835791692        15.393580370208898        2.7261041362093260E-003   2.6726357918309537E-003   2.0376000062483497E-004   5759.7000000000580        0.0000000000000000        7.1404051172708511        7.0866198691007671        1.9912313669919971E-002  -6.3716709613800049E-002   2.9885002112474413E-004  -3.4879407559086903E-002   1.0000000000000000        2.0669516121104778       -3.3370354440500183     
   319000.00000000000        68.643524236675376       -4.2148545576448742       -7.4642364978021636E-004  -7.3178369665865097E-004   3.2488623860318303E-004   5759.7000000000580        0.0000000000000000        7.1404051172708511        7.0866198691007671        1.9912313669919971E-002  -6.3716709613800049E-002   2.9885002112474413E-004  -3.4879407559086903E-002   1.0000000000000000       0.88927759766867365        5.9888652457165206     
   319000.00000000000       -18.329178326808115        11.363430992680204        2.0123905865737438E-003   1.9729206369568015E-003   2.2865524771553496E-004   5759.7000000000580        0.0000000000000000        7.1404051172708511        7.0866198691007671        1.9912313669919971E-002  -6.3716709613800049E-002   2.9885002112474413E-004  -3.4879407559086903E-002   1.0000000000000000      -0.23745470313419456       0.57976084330158340     
   319000.00000000000       -87.876146004252846       -4.0741577433441005       -7.2150714834309110E-004  -7.0735589411671785E-004   3.2401711896795995E-004   5759.7000000000580        0.0000000000000000        7.1404051172708511        7.0866198691007671        1.9912313669919971E-002  -6.3716709613800049E-002   2.9885002112474413E-004  -3.4879407559086903E-002   1.0000000000000000       -1.1384364203330197       0.12741363264301658     
   319000.00000000000        160.87680260596358        9.4834637812814542        1.6794604775491790E-003   1.6465204405231798E-003   2.4026827836674260E-004   5759.7000000000580        0.0000000000000000        7.1404051172708511        7.0866198691007671        1.9912313669919971E-002  -6.3716709613800049E-002   2.9885002112474413E-004  -3.4879407559086903E-002   1.0000000000000000        2.0841607148371226       -3.9361598572714112     
   319000.00000000000        199.21339963708047       -11.280245161140069       -1.9976589105125688E-003  -1.9584779000885386E-003   3.6853093471471578E-004   5759.7000000000580        0.0000000000000000        7.1404051172708511        7.0866198691007671        1.9912313669919971E-002  -6.3716709613800049E-002   2.9885002112474413E-004  -3.4879407559086903E-002   1.0000000000000000        2.5808117433169331       -24.903608745074667     
   319000.00000000000        38.505824069283129       -8.1719584353553927       -1.4472013109222302E-003  -1.4188166806179681E-003   3.4933026525600631E-004   5759.7000000000580        0.0000000000000000        7.1404051172708511        7.0866198691007671        1.9912313669919971E-002  -6.3716709613800049E-002   2.9885002112474413E-004  -3.4879407559086903E-002   1.0000000000000000       0.49884336658649331        4.4541391540023296     
   319000.00000000000       -163.80959925505849       -10.982209077175051       -1.9448786357683615E-003  -1.9067328293444000E-003   3.6668989080859552E-004   5759.7000000000580        0.0000000000000000        7.1404051172708511        7.0866198691007671        1.9912313669919971E-002  -6.3716709613800049E-002   2.9885002112474413E-004  -3.4879407559086903E-002   1.0000000000000000       -2.1221551270931940        6.1796626819152181     
   319000.00000000000       -113.04968102125336        16.013076876273782        2.8358129854137029E-003   2.7801928705095094E-003   1.9993321478004630E-004   5759.7000000000580        0.0000000000000000        7.1404051172708511        7.0866198691007671        1.9912313669919971E-002  -6.3716709613800049E-002   2.9885002112474413E-004  -3.4879407559086903E-002   1.0000000000000000       -1.4645598382910059        1.7297088956941631     
   319000.00000000000        12.501671253056694        2.9716314508753632        5.2625682880110317E-004   5.1593510961948246E-004   2.8049350569518401E-004   5759.7000000000580        0.0000000000000000        7.1404051172708511        7.0866198691007671        1.9912313669919971E-002  -6.3716709613800049E-002   2.9885002112474413E-004  -3.4879407559086903E-002   1.0000000000000000       0.16195928607088994        2.4970604775861998     
   319000.00000000000       -114.02403763185629        11.997782751909371        2.1247302056264373E-003   2.0830568869748857E-003   2.2473669723289396E-004   5759.7000000000580        0.0000000000000000        7.1404051172708511        7.0866198691007671        1.9912313669919971E-002  -6.3716709613800049E-002   2.9885002112474413E-004  -3.4879407559086903E-002   1.0000000000000000       -1.4771826387020404        1.7801388151336415     
   319000.00000000000        148.40561799432879        7.8331735275867622        1.3872046814090129E-003   1.3599967928167585E-003   2.5046253664068687E-004   5759.7000000000580        0.0000000000000000        7.1404051172708511        7.0866198691007671        1.9912313669919971E-002  -6.3716709613800049E-002   2.9885002112474413E-004  -3.4879407559086903E-002   1.0000000000000000        1.9225963835350348      -0.36407558024480097     
   319000.00000000000        125.96615014247050        27.947428122066661        4.9493098790339999E-003   4.8522367696349428E-003   1.2621172326714226E-004   5759.7000000000580        0.0000000000000000        7.1404051172708511        7.0866198691007671        1.9912313669919971E-002  -6.3716709613800049E-002   2.9885002112474413E-004  -3.4879407559086903E-002   1.0000000000000000        1.6318928352227191        4.0457924041304372     
   319000.00000000000       -77.559544146237030       -6.2622331497458639       -1.1090012382348503E-003  -1.0872498827622621E-003   3.3753341149031274E-004   5759.7000000000580        0.0000000000000000        7.1404051172708511        7.0866198691007671        1.9912313669919971E-002  -6.3716709613800049E-002   2.9885002112474413E-004  -3.4879407559086903E-002   1.0000000000000000       -1.0047847318683012      -0.21168764474439408     
   319000.00000000000       -152.65561613536599        15.243256458847881        2.6994827377641978E-003   2.6465365312165093E-003   2.0468858926173252E-004   5759.7000000000580        0.0000000000000000        7.1404051172708511        7.0866198691007671        1.9912313669919971E-002  -6.3716709613800049E-002   2.9885002112474413E-004  -3.4879407559086903E-002   1.0000000000000000       -1.9776551553417800        5.4338816751184424     
   319000.00000000000       -182.02508792142783       -3.9253558273165179E-002  -6.9515528548838322E-006  -6.8152088256618890E-006   2.9909250023428991E-004   5759.7000000000580        0.0000000000000000        7.1404051172708511        7.0866198691007671        1.9912313669919971E-002  -6.3716709613800049E-002   2.9885002112474413E-004  -3.4879407559086903E-002   1.0000000000000000       -2.3581369794488332        8.4596596321395392     
   319000.00000000000        199.58059611006527       -12.598260618414889       -2.2310709760134783E-003  -2.1873119465275555E-003   3.7667264793784681E-004   5759.7000000000580        0.0000000000000000        7.1404051172708511        7.0866198691007671        1.9912313669919971E-002  -6.3716709613800049E-002   2.9885002112474413E-004  -3.4879407559086903E-002   1.0000000000000000        2.5855687775892773       -25.400629449347996     
   319000.00000000000       -112.65761710580084        8.1149508887500819        1.4371056408533848E-003   1.4089190216070282E-003   2.4872192695762153E-004   5759.7000000000580        0.0000000000000000        7.1404051172708511        7.0866198691007671        1.9912313669919971E-002  -6.3716709613800049E-002   2.9885002112474413E-004  -3.4879407559086903E-002   1.0000000000000000       -1.4594806460329850        1.6477286617778244     
   319000.00000000000       -73.680334772079121       -8.0256689471222753       -1.4212943828804574E-003  -1.3934178771675945E-003   3.4842659826623114E-004   5759.7000000000580        0.0000000000000000        7.1404051172708511        7.0866198691007671        1.9912313669919971E-002  -6.3716709613800049E-002   2.9885002112474413E-004  -3.4879407559086903E-002   1.0000000000000000      -0.95452953254009110      -0.30099573040909561     
   319000.00000000000        173.27683098703520        21.574519473444408        3.8207087213516988E-003   3.7457713897328317E-003   1.6557878404621396E-004   5759.7000000000580        0.0000000000000000        7.1404051172708511        7.0866198691007671        1.9912313669919971E-002  -6.3716709613800049E-002   2.9885002112474413E-004  -3.4879407559086903E-002   1.0000000000000000        2.2448032164039509       -8.2613637160583657     
   319000.00000000000        188.96625933824862        11.993887403937027        2.1240403645391794E-003   2.0823805760607161E-003   2.2476075977777543E-004   5759.7000000000580        0.0000000000000000        7.1404051172708511        7.0866198691007671        1.9912313669919971E-002  -6.3716709613800049E-002   2.9885002112474413E-004  -3.4879407559086903E-002   1.0000000000000000        2.4480599301014587       -16.052140229741127     
   319000.00000000000       -118.69038312944318        7.8679531669633977        1.3933639319849221E-003   1.3660352391553932E-003   2.5024769405424712E-004   5759.7000000000580        0.0000000000000000        7.1404051172708511        7.0866198691007671        1.9912313669919971E-002  -6.3716709613800049E-002   2.9885002112474413E-004  -3.4879407559086903E-002   1.0000000000000000       -1.5376351950084224        2.1100187563309900     
   319000.00000000000        19.106770442174348       0.21668593079766499        3.8373685523419660E-005   3.7621044637335763E-005   2.9751149759051369E-004   5759.7000000000580        0.0000000000000000        7.1404051172708511        7.0866198691007671        1.9912313669919971E-002  -6.3716709613800049E-002   2.9885002112474413E-004  -3.4879407559086903E-002   1.0000000000000000       0.24752841738486128        2.9896446573585700     
   319000.00000000000        111.60200126336112        3.2761665317555195        5.8018803412451889E-004   5.6880853720775156E-004   2.7861231584932604E-004   5759.7000000000580        0.0000000000000000        7.1404051172708511        7.0866198691007671        1.9912313669919971E-002  -6.3716709613800049E-002   2.9885002112474413E-004  -3.4879407559086903E-002   1.0000000000000000        1.4458051313961033        5.3675009875146245     
   319000.00000000000        22.169987472432705        8.6873338111126959        1.5384709772223097E-003   1.5082962326358332E-003   2.4518617357781699E-004   5759.7000000000580        0.0000000000000000        7.1404051172708511        7.0866198691007671        1.9912313669919971E-002  -6.3716709613800049E-002   2.9885002112474413E-004  -3.4879407559086903E-002   1.0000000000000000       0.28721242708712680        3.1177040579762307     
   319000.00000000000        173.11698327000957        27.371318825563986        4.8472846257573785E-003   4.7522125849547214E-003   1.2977049539793564E-004   5759.7000000000580        0.0000000000000000        7.1404051172708511        7.0866198691007671        1.9912313669919971E-002  -6.3716709613800049E-002   2.9885002112474413E-004  -3.4879407559086903E-002   1.0000000000000000        2.2427323875039189       -8.2001775096366156     
   319000.00000000000       -80.320493620307857       -8.2463528048328083       -1.4603760755621418E-003  -1.4317330424905334E-003   3.4978981800127764E-004   5759.7000000000580        0.0000000000000000        7.1404051172708511        7.0866198691007671        1.9912313669919971E-002  -6.3716709613800049E-002   2.9885002112474413E-004  -3.4879407559086903E-002   1.0000000000000000       -1.0405528621164053      -0.15321511217693964     
   319000.00000000000        84.398069852397867        11.278412331036877        1.9973343280824184E-003   1.9581596838440826E-003   2.2918042938764190E-004   5759.7000000000580        0.0000000000000000        7.1404051172708511        7.0866198691007671        1.9912313669919971E-002  -6.3716709613800049E-002   2.9885002112474413E-004  -3.4879407559086903E-002   1.0000000000000000        1.0933779062310038        6.2694357934656688     
   319000.00000000000        78.919070903351681        4.4134693470550568        7.8159705232218107E-004   7.6626722694845433E-004   2.7158691010091860E-004   5759.7000000000580        0.0000000000000000        7.1404051172708511        7.0866198691007671        1.9912313669919971E-002  -6.3716709613800049E-002   2.9885002112474413E-004  -3.4879407559086903E-002   1.0000000000000000        1.0223974156862927        6.2129412016158954     
   319000.00000000000       -59.084143791237494        16.939578715134186        2.9998905056773406E-003   2.9410522622938719E-003   1.9420997972155782E-004   5759.7000000000580        0.0000000000000000        7.1404051172708511        7.0866198691007671        1.9912313669919971E-002  -6.3716709613800049E-002   2.9885002112474413E-004  -3.4879407559086903E-002   1.0000000000000000      -0.76543572078004574      -0.41157328989008884     
   319000.00000000000        67.530301864313358       -12.792870115783554       -2.2655350670802363E-003  -2.2211000773969870E-003   3.7787479978616389E-004   5759.7000000000580        0.0000000000000000        7.1404051172708511        7.0866198691007671        1.9912313669919971E-002  -6.3716709613800049E-002   2.9885002112474413E-004  -3.4879407559086903E-002   1.0000000000000000       0.87485578981463874        6.0207590406675235     
   319000.00000000000       -61.635678166688649       -6.6422108547615322       -1.1762928473601213E-003  -1.1532216703580855E-003   3.3988062941431009E-004   5759.7000000000580        0.0000000000000000        7.1404051172708511        7.0866198691007671        1.9912313669919971E-002  -6.3716709613800049E-002   2.9885002112474413E-004  -3.4879407559086903E-002   1.0000000000000000      -0.79849087616435999      -0.41310012473945695     
   319000.00000000000       -84.383235874663058       -2.1837339330902443       -3.8672524287455210E-004  -3.7914022138136054E-004   3.1233949527370591E-004   5759.7000000000580        0.0000000000000000        7.1404051172708511        7.0866198691007671        1.9912313669919971E-002  -6.3716709613800049E-002   2.9885002112474413E-004  -3.4879407559086903E-002   1.0000000000000000       -1.0931857318892786        1.3055935354539651E-002
   319000.00000000000        72.012110128584823       -11.715586612869066       -2.0747550833118853E-003  -2.0340619499051942E-003   3.7122014843717673E-004   5759.7000000000580        0.0000000000000000        7.1404051172708511        7.0866198691007671        1.9912313669919971E-002  -6.3716709613800049E-002   2.9885002112474413E-004  -3.4879407559086903E-002   1.0000000000000000       0.93291766427086742        6.1388404635697276     
   319000.00000000000       -146.93839768826649        2.5371099360686578        4.4930586156030747E-004   4.4049341737740372E-004   2.8317765446089841E-004   5759.7000000000580        0.0000000000000000        7.1404051172708511        7.0866198691007671        1.9912313669919971E-002  -6.3716709613800049E-002   2.9885002112474413E-004  -3.4879407559086903E-002   1.0000000000000000       -1.9035885286275989        4.6753769562817862     
   319000.00000000000       -46.475264763299286        8.0107002059094601        1.4186435150282276E-003   1.3908190020156222E-003   2.4936590966535008E-004   5759.7000000000580        0.0000000000000000        7.1404051172708511        7.0866198691007671        1.9912313669919971E-002  -6.3716709613800049E-002   2.9885002112474413E-004  -3.4879407559086903E-002   1.0000000000000000      -0.60208755682798354      -0.32258065795889984     
   319000.00000000000        143.34833166814514       -6.3707268829407102       -1.1282147810041242E-003  -1.1060865814088662E-003   3.3820360458805207E-004   5759.7000000000580        0.0000000000000000        7.1404051172708511        7.0866198691007671        1.9912313669919971E-002  -6.3716709613800049E-002   2.9885002112474413E-004  -3.4879407559086903E-002   1.0000000000000000        1.8570791845729751       0.26736442706032065     
   319000.00000000000       -80.250837073547459       -4.0311529034462810       -7.1389126762509041E-004  -6.9988938719833327E-004   3.2375146724762378E-004   5759.7000000000580        0.0000000000000000        7.1404051172708511        7.0866198691007671        1.9912313669919971E-002  -6.3716709613800049E-002   2.9885002112474413E-004  -3.4879407559086903E-002   1.0000000000000000       -1.0396504608010038      -0.12880796217550808     
   319000.00000000000        36.166075808202777        2.8402422323638041        5.0298864275058204E-004   4.9312329329023654E-004   2.8130512996850192E-004   5759.7000000000580        0.0000000000000000        7.1404051172708511        7.0866198691007671        1.9912313669919971E-002  -6.3716709613800049E-002   2.9885002112474413E-004  -3.4879407559086903E-002   1.0000000000000000       0.46853190260062605        4.1501994085031537     
   319000.00000000000        90.999892200338735        17.426539875248643        3.0861281970288885E-003   3.0255985338209401E-003   1.9120189806775639E-004   5759.7000000000580        0.0000000000000000        7.1404051172708511        7.0866198691007671        1.9912313669919971E-002  -6.3716709613800049E-002   2.9885002112474413E-004  -3.4879407559086903E-002   1.0000000000000000        1.1789045860321479        6.2671567524588587     
   319000.00000000000        161.80595290292575        16.335288771711635        2.8928746409716852E-003   2.8361353493604651E-003   1.9794283080142391E-004   5759.7000000000580        0.0000000000000000        7.1404051172708511        7.0866198691007671        1.9912313669919971E-002  -6.3716709613800049E-002   2.9885002112474413E-004  -3.4879407559086903E-002   1.0000000000000000        2.0961978669668233       -4.0538198676122308     
   319000.00000000000        70.530120130600395       -7.3651505306259644       -1.3043208170206398E-003  -1.2787385680896384E-003   3.4434640975552214E-004   5759.7000000000580        0.0000000000000000        7.1404051172708511        7.0866198691007671        1.9912313669919971E-002  -6.3716709613800049E-002   2.9885002112474413E-004  -3.4879407559086903E-002   1.0000000000000000       0.91371846784510391        6.0700907113943554     
   319000.00000000000        155.21614886598346        13.952555448566399        2.4709078852531209E-003   2.4224448232661872E-003   2.1266157427075901E-004   5759.7000000000580        0.0000000000000000        7.1404051172708511        7.0866198691007671        1.9912313669919971E-002  -6.3716709613800049E-002   2.9885002112474413E-004  -3.4879407559086903E-002   1.0000000000000000        2.0108268845144339       -2.0485570981374486     
   319000.00000000000       -41.435842764102986        17.195415822698912        3.0451976129490048E-003   2.9854707402640311E-003   1.9262960951411422E-004   5759.7000000000580        0.0000000000000000        7.1404051172708511        7.0866198691007671        1.9912313669919971E-002  -6.3716709613800049E-002   2.9885002112474413E-004  -3.4879407559086903E-002   1.0000000000000000      -0.53680179041493603      -0.24461734456903042     
   319000.00000000000        140.02033171178198        11.050805759684234        1.9570266673127595E-003   1.9186425959136974E-003   2.3058641246729778E-004   5759.7000000000580        0.0000000000000000        7.1404051172708511        7.0866198691007671        1.9912313669919971E-002  -6.3716709613800049E-002   2.9885002112474413E-004  -3.4879407559086903E-002   1.0000000000000000        1.8139649092040124        1.6216599926582125     
   319000.00000000000        161.56959710719042        14.197908120080253        2.5143582662923731E-003   2.4650429918363997E-003   2.1114596906372663E-004   5759.7000000000580        0.0000000000000000        7.1404051172708511        7.0866198691007671        1.9912313669919971E-002  -6.3716709613800049E-002   2.9885002112474413E-004  -3.4879407559086903E-002   1.0000000000000000        2.0931358750810061       -4.0223501752070643     
   319000.00000000000        92.789345559134958        25.234474189555229        4.4688631759994156E-003   4.3812132905455105E-003   1.4297032255682269E-004   5759.7000000000580        0.0000000000000000        7.1404051172708511        7.0866198691007671        1.9912313669919971E-002  -6.3716709613800049E-002   2.9885002112474413E-004  -3.4879407559086903E-002   1.0000000000000000        1.2020869736170823        6.2506452379459621     
   319000.00000000000        97.594479259970200        23.056746058096685        4.0832015219895504E-003   4.0031157973673022E-003   1.5642269735744948E-004   5759.7000000000580        0.0000000000000000        7.1404051172708511        7.0866198691007671        1.9912313669919971E-002  -6.3716709613800049E-002   2.9885002112474413E-004  -3.4879407559086903E-002   1.0000000000000000        1.2643375325951205        6.1596217296670215     
   319000.00000000000        156.43349348680593        17.963710163724937        3.1812576022774547E-003   3.1188621219377321E-003   1.8788366199046233E-004   5759.7000000000580        0.0000000000000000        7.1404051172708511        7.0866198691007671        1.9912313669919971E-002  -6.3716709613800049E-002   2.9885002112474413E-004  -3.4879407559086903E-002   1.0000000000000000        2.0265975972215400       -2.3342216583941369     
   319000.00000000000        60.154910320966081        8.1890740863019893        1.4502323826883368E-003   1.4217883025681732E-003   2.4826404930958776E-004   5759.7000000000580        0.0000000000000000        7.1404051172708511        7.0866198691007671        1.9912313669919971E-002  -6.3716709613800049E-002   2.9885002112474413E-004  -3.4879407559086903E-002   1.0000000000000000       0.77930751273434506        5.5491095135453241     
   319000.00000000000        112.43240376211864       -5.6021980173892398       -9.9211325888970176E-004  -9.7265448155098072E-004   3.3345620834737688E-004   5759.7000000000580        0.0000000000000000        7.1404051172708511        7.0866198691007671        1.9912313669919971E-002  -6.3716709613800049E-002   2.9885002112474413E-004  -3.4879407559086903E-002   1.0000000000000000        1.4565630047338278        5.1607378292664263     
   319000.00000000000       -166.59083878652470       -8.0787152112917919       -1.4306885352923834E-003  -1.4026277777126779E-003   3.4875427839171284E-004   5759.7000000000580        0.0000000000000000        7.1404051172708511        7.0866198691007671        1.9912313669919971E-002  -6.3716709613800049E-002   2.9885002112474413E-004  -3.4879407559086903E-002   1.0000000000000000       -2.1581861152539381        6.5667787350624574     
   319000.00000000000        30.580561796328851        12.550025576388734        2.2225288601174123E-003   2.1789373711111008E-003   2.2132535430696243E-004   5759.7000000000580        0.0000000000000000        7.1404051172708511        7.0866198691007671        1.9912313669919971E-002  -6.3716709613800049E-002   2.9885002112474413E-004  -3.4879407559086903E-002   1.0000000000000000       0.39617150826687891        3.6820177305358883     
   319000.00000000000        166.89655960759734        4.2997376304525226        7.6145589636028522E-004   7.4652110881686187E-004   2.7228945954056391E-004   5759.7000000000580        0.0000000000000000        7.1404051172708511        7.0866198691007671        1.9912313669919971E-002  -6.3716709613800049E-002   2.9885002112474413E-004  -3.4879407559086903E-002   1.0000000000000000        2.1621467317919727       -6.3052413524194586     
   319000.00000000000        104.00670079551936       -2.1651531025896023       -3.8343469722735277E-004  -3.7591421473159723E-004   3.1222471680692176E-004   5759.7000000000580        0.0000000000000000        7.1404051172708511        7.0866198691007671        1.9912313669919971E-002  -6.3716709613800049E-002   2.9885002112474413E-004  -3.4879407559086903E-002   1.0000000000000000        1.3474079318245040        5.8038897348845451     
   319000.00000000000       -65.088622508748017        6.6201892790510746        1.1723929678527970E-003   1.1493982809957129E-003   2.5795544565115642E-004   5759.7000000000580        0.0000000000000000        7.1404051172708511        7.0866198691007671        1.9912313669919971E-002  -6.3716709613800049E-002   2.9885002112474413E-004  -3.4879407559086903E-002   1.0000000000000000      -0.84322380739911140      -0.38127917026425429     
   319000.00000000000        194.54974879494392       -2.5206566970969386       -4.4639209869707860E-004  -4.3763680349617398E-004   3.1442075199019309E-004   5759.7000000000580        0.0000000000000000        7.1404051172708511        7.0866198691007671        1.9912313669919971E-002  -6.3716709613800049E-002   2.9885002112474413E-004  -3.4879407559086903E-002   1.0000000000000000        2.5203940963010067       -20.540239077230993     
   319000.00000000000        196.79413891789545        5.5396856329155053        9.8104271741853376E-004   9.6180107174252986E-004   2.6462998863532796E-004   5759.7000000000580        0.0000000000000000        7.1404051172708511        7.0866198691007671        1.9912313669919971E-002  -6.3716709613800049E-002   2.9885002112474413E-004  -3.4879407559086903E-002   1.0000000000000000        2.5494701945777796       -21.092220394185983     
   319000.00000000000        75.412137790976857        15.597132145022496        2.7621518471321205E-003   2.7079764822859416E-003   2.0250261007797573E-004   5759.7000000000580        0.0000000000000000        7.1404051172708511        7.0866198691007671        1.9912313669919971E-002  -6.3716709613800049E-002   2.9885002112474413E-004  -3.4879407559086903E-002   1.0000000000000000       0.97696505934915756        6.1104280012441246     
   319000.00000000000       -199.92599336883040       -2.2144403324804127       -3.9216314883096205E-004  -3.8447147116696883E-004   3.1252917643151765E-004   5759.7000000000580        0.0000000000000000        7.1404051172708511        7.0866198691007671        1.9912313669919971E-002  -6.3716709613800049E-002   2.9885002112474413E-004  -3.4879407559086903E-002   1.0000000000000000       -2.5900434028060269        10.280137786629620     
   319000.00000000000       -191.04062502565478        4.0569467470618283        7.1845919153090015E-004   7.0436771829466595E-004   2.7378923993755927E-004   5759.7000000000580        0.0000000000000000        7.1404051172708511        7.0866198691007671        1.9912313669919971E-002  -6.3716709613800049E-002   2.9885002112474413E-004  -3.4879407559086903E-002   1.0000000000000000       -2.4749333599798926        9.4937626224733158     
   319000.00000000000       -100.55727132702086        8.4140960860623331        1.4900823324421927E-003   1.4608566567811255E-003   2.4687403177919235E-004   5759.7000000000580        0.0000000000000000        7.1404051172708511        7.0866198691007671        1.9912313669919971E-002  -6.3716709613800049E-002   2.9885002112474413E-004  -3.4879407559086903E-002   1.0000000000000000       -1.3027205358146856       0.84814704738516999     
   319000.00000000000        166.19337371823033        14.329645827168090        2.5376881674297265E-003   2.4879153128058657E-003   2.1033219208875878E-004   5759.7000000000580        0.0000000000000000        7.1404051172708511        7.0866198691007671        1.9912313669919971E-002  -6.3716709613800049E-002   2.9885002112474413E-004  -3.4879407559086903E-002   1.0000000000000000        2.1530369510025316       -5.6315766197945676     
   319000.00000000000        174.01094790722223       -6.3572703577194369       -1.1258317168837254E-003  -1.1037502574299657E-003   3.3812048024476249E-004   5759.7000000000580        0.0000000000000000        7.1404051172708511        7.0866198691007671        1.9912313669919971E-002  -6.3716709613800049E-002   2.9885002112474413E-004  -3.4879407559086903E-002   1.0000000000000000        2.2543137090316452       -10.063649900494440     
   319000.00000000000        205.74387194522933       -5.9494157332285296       -1.0536032845075559E-003  -1.0329384747866156E-003   3.0471480107615526E-004   5759.7000000000580       -5.0000000000000001E-003   7.1404051172708511        7.0866198691007671        1.9912313669919971E-002  -6.3716709613800049E-002   2.9885002112474413E-004  -3.4879407559086903E-002   1.0000000000000000        2.6654140825821657       -28.208010503350277     
   319000.00000000000        185.30198353654808        2.8289206468174974        5.0098366272358552E-004   4.9115763786611614E-004   2.8137506625205641E-004   5759.7000000000580        0.0000000000000000        7.1404051172708511        7.0866198691007671        1.9912313669919971E-002  -6.3716709613800049E-002   2.9885002112474413E-004  -3.4879407559086903E-002   1.0000000000000000        2.4005891975251918       -14.696157756320906     
   319000.00000000000       -129.00140154563903       -8.6660469981373396       -1.5347012194724401E-003  -1.5046004128925555E-003   3.5238237467004693E-004   5759.7000000000580        0.0000000000000000        7.1404051172708511        7.0866198691007671        1.9912313669919971E-002  -6.3716709613800049E-002   2.9885002112474413E-004  -3.4879407559086903E-002   1.0000000000000000       -1.6712145499240754        2.7235283927177605     
   319000.00000000000       -181.02063479084435        13.014406713198593        2.3047677744823204E-003   2.2595632955185966E-003   2.1845675514048916E-004   5759.7000000000580        0.0000000000000000        7.1404051172708511        7.0866198691007671        1.9912313669919971E-002  -6.3716709613800049E-002   2.9885002112474413E-004  -3.4879407559086903E-002   1.0000000000000000       -2.3451242782964816        8.5374305300470681     
   319000.00000000000        25.467216232871564        6.8058876576423470        1.2052789570632567E-003   1.1816392620522386E-003   2.5680834002644957E-004   5759.7000000000580        0.0000000000000000        7.1404051172708511        7.0866198691007671        1.9912313669919971E-002  -6.3716709613800049E-002   2.9885002112474413E-004  -3.4879407559086903E-002   1.0000000000000000       0.32992806128063629        3.3663335895589759     
   319000.00000000000        115.40752414059838        18.214213375487457        3.2256201108879362E-003   3.1623545280982123E-003   1.8633624059992670E-004   5759.7000000000580        0.0000000000000000        7.1404051172708511        7.0866198691007671        1.9912313669919971E-002  -6.3716709613800049E-002   2.9885002112474413E-004  -3.4879407559086903E-002   1.0000000000000000        1.4951057213610721        5.1775491708788683     
   319000.00000000000        193.24179863975590        1.5652878468243465        2.7720241626465317E-004   2.7176551674988814E-004   2.8918084411308276E-004   5759.7000000000580        0.0000000000000000        7.1404051172708511        7.0866198691007671        1.9912313669919971E-002  -6.3716709613800049E-002   2.9885002112474413E-004  -3.4879407559086903E-002   1.0000000000000000        2.5034495879178760       -19.284800828666484     
   319000.00000000000       -168.51158000487587       -1.5373515060971294       -2.7225506989197909E-004  -2.6691520497545252E-004   3.0834662832817658E-004   5759.7000000000580        0.0000000000000000        7.1404051172708511        7.0866198691007671        1.9912313669919971E-002  -6.3716709613800049E-002   2.9885002112474413E-004  -3.4879407559086903E-002   1.0000000000000000       -2.1830693384769950        6.9360597859418505     
   319000.00000000000        12.678947099043082       0.18071747607034744        3.2003903390410437E-005   3.1376195994643061E-005   2.9773368378859861E-004   5759.7000000000580        0.0000000000000000        7.1404051172708511        7.0866198691007671        1.9912313669919971E-002  -6.3716709613800049E-002   2.9885002112474413E-004  -3.4879407559086903E-002   1.0000000000000000       0.16425589656979012        2.5416556450038819     
   319000.00000000000        132.21799309805976       -1.8216961289274147       -3.2261067487564298E-004  -3.1628316213125622E-004   3.1010309663273669E-004   5759.7000000000580        0.0000000000000000        7.1404051172708511        7.0866198691007671        1.9912313669919971E-002  -6.3716709613800049E-002   2.9885002112474413E-004  -3.4879407559086903E-002   1.0000000000000000        1.7128855282170250        2.7313240649345016     
   319000.00000000000        163.05588978791445        13.871120100927056        2.4564862086389598E-003   2.4083060056820523E-003   2.1316462091034577E-004   5759.7000000000580        0.0000000000000000        7.1404051172708511        7.0866198691007671        1.9912313669919971E-002  -6.3716709613800049E-002   2.9885002112474413E-004  -3.4879407559086903E-002   1.0000000000000000        2.1123908128081199       -4.5329678357223715     
   319000.00000000000        46.165354191032108       -13.193652014627576       -2.3365109652066377E-003  -2.2906838923255454E-003   3.8035053045183957E-004   5759.7000000000580        0.0000000000000000        7.1404051172708511        7.0866198691007671        1.9912313669919971E-002  -6.3716709613800049E-002   2.9885002112474413E-004  -3.4879407559086903E-002   1.0000000000000000       0.59807266201798437        5.0174791720753653     
   319000.00000000000       -83.729112314087388        9.7610681471317502        1.7286224263469291E-003   1.6947181532252812E-003   2.3855344632606570E-004   5759.7000000000580        0.0000000000000000        7.1404051172708511        7.0866198691007671        1.9912313669919971E-002  -6.3716709613800049E-002   2.9885002112474413E-004  -3.4879407559086903E-002   1.0000000000000000       -1.0847115540990826        5.4106912187867839E-002
   319000.00000000000       -193.56047276511342       -3.7849085298188165       -6.7028297187322981E-004  -6.5713640116998775E-004   3.2223035377219487E-004   5759.7000000000580        0.0000000000000000        7.1404051172708511        7.0866198691007671        1.9912313669919971E-002  -6.3716709613800049E-002   2.9885002112474413E-004  -3.4879407559086903E-002   1.0000000000000000       -2.5075780146527853        9.6093360889649642     
   319000.00000000000        137.64367411728816        21.607618364898983        3.8265703222741770E-003   3.7515180243586931E-003   1.6537432386273183E-004   5759.7000000000580        0.0000000000000000        7.1404051172708511        7.0866198691007671        1.9912313669919971E-002  -6.3716709613800049E-002   2.9885002112474413E-004  -3.4879407559086903E-002   1.0000000000000000        1.7831752844052431        2.2049922650355507     
   319000.00000000000       -203.13795778211804        10.467601226633986        1.8537448932505543E-003   1.8173865351726445E-003   2.6507527215652218E-004   5759.7000000000580        5.0000000000000001E-003   7.1404051172708511        7.0866198691007671        1.9912313669919971E-002  -6.3716709613800049E-002   2.9885002112474413E-004  -3.4879407559086903E-002   1.0000000000000000       -2.6316544364615457        10.744779940515818     
   319000.00000000000        200.85899060466843        7.2686644280708217        1.2872337484546202E-003   1.2619866361218029E-003   2.5394965143493199E-004   5759.7000000000580        0.0000000000000000        7.1404051172708511        7.0866198691007671        1.9912313669919971E-002  -6.3716709613800049E-002   2.9885002112474413E-004  -3.4879407559086903E-002   1.0000000000000000        2.6021303920704022       -23.573689949645647     
   319000.00000000000        132.14950904005462        21.813445370338627        3.8630209619160433E-003   3.7872537407049687E-003   1.6410287864362163E-004   5759.7000000000580        0.0000000000000000        7.1404051172708511        7.0866198691007671        1.9912313669919971E-002  -6.3716709613800049E-002   2.9885002112474413E-004  -3.4879407559086903E-002   1.0000000000000000        1.7119983165061077        3.1558131582258877     
