           1  -1.6775834672772352        2.2482156653081103E-002  -2.4566257649577398E-004
           2   2.3844841829761734        1.8998118634309839E-002  -1.7602864855119594E-003
           3   1.2296016725488934        1.2600485031041090E-002   1.5520207385324492E-002
           4   4.5847623948788714        2.2428130762257602E-002   8.3098421309839071E-004
           5   2.6088198347603377        1.6362229388430755E-002  -8.1999199625309074E-003
           6 -0.56073502880689585        1.9856934613403862E-002  -6.1988351702902469E-003
           7   2.2444651580648354        9.1246728837972250E-003   5.3591214219643052E-003
           8 -0.94609181424612365        1.2107926494259971E-002   1.6355875284748923E-003
           9  0.43566762793479474        1.8854422864652408E-002   9.8613249028962884E-003
          10 -0.94310304205280127        1.2170909737991141E-002   2.4977618450267094E-003
          11  0.58311345765324396        1.2423896987267360E-002  -2.1167302361585890E-003
          12  -4.2362329907925851        1.6454763579947435E-002   2.2462905689253280E-003
          13 -0.82103522640835191        1.8398349165802255E-002  -4.9269301112875074E-003
          14  0.77263765691283748        1.8046681661849452E-002  -9.3608073019263976E-003
          15  -3.0135160989928038        6.2659844794188992E-003   6.4914945923079011E-003
          16   2.8361238295037903        1.2424925294153379E-002  -2.1050940800723915E-003
          17  -2.2117670768209607        8.5521833242658933E-003  -1.2088149399717952E-003
          18  -1.8625709510441670        1.5751770364691161E-002   1.5374142045824252E-003
          19  -5.3975896756894688        1.7048973363385064E-002   1.0500461164136134E-002
          20  0.87671209771121872        1.6151687140286829E-002   9.2656378771412678E-003
          21  -1.0731250755255513        2.3447106112011871E-002  -2.8609435472344625E-003
          22   2.0153282914357993        1.6199346158103006E-002  -9.9324536594571147E-004
          23   2.4443620498541052        1.8721024096102091E-002   2.8720181554704326E-003
          24   1.1661059259194888        6.2747950680857529E-003   2.1201795031750314E-003
          25   1.8687906809661989        1.7042293337043046E-002   5.8426076743353312E-003
          26 -0.15843957177411799        1.3932654768664780E-002  -3.2730548266169763E-003
          27  -2.2622284995468713        1.0294710970830163E-002  -4.5495796045346808E-003
          28   2.4152249487739863        1.8455124556096172E-002  -9.0468993202901644E-004
          29   1.5614590662349599        8.9327122750046187E-003  -3.0535099846633931E-004
          30  -1.5887362702115531        2.1636085321867095E-002  -1.3810133858150999E-003
          31  -4.1226275048542664        1.3391794292413653E-002  -1.0487564926646745E-002
          32   2.6751300096608910        1.5320619467118596E-002   4.9174179569042740E-003
          33  0.29040668990753132        1.2781639503157314E-002  -1.0562435843461551E-002
          34  0.95736303199972717        2.4263526503210210E-002   4.8153972814048776E-003
          35  0.28612926820819640        1.3247584248084129E-002  -1.0803447912544518E-002
          36  -1.4799124878115852        1.6306822344977528E-002  -8.0174165652907407E-003
          37 -0.48410110916238536        1.6804323078777793E-002  -1.6303979183100134E-004
          38  -2.4249672347456155        2.2359114382569843E-002  -7.3735077534720040E-003
          39  -1.5558665413098502        2.0935910278034903E-002  -3.0517426840319132E-003
          40  -1.9761219622709914        1.9841525004812312E-002  -5.6853210478815209E-003
          41  -1.8633943910065627        1.5739227220347506E-002   1.4534051122606986E-003
          42 -0.68408376883711863        1.6030863820565046E-002   1.0078515412782292E-002
          43  -1.5059254017669350        1.8343416142324695E-002  -7.0833604389457065E-003
          44   1.3334431309384147        2.5552109889901933E-002   2.6042025546530265E-003
          45 -0.12998685487447686        1.2936788094549919E-002  -3.1178365081189633E-003
          46  -1.4856861114764595        1.6777018933655574E-002  -7.9574022669771111E-003
          47 -0.84352162821112664        1.8931719331939573E-002   4.7065360250538762E-004
          48  0.62559781266502934        1.3966514081332149E-002   8.5317535600124388E-003
          49 -0.85791781676622492        1.8592951106695201E-002   4.1025411059401528E-003
          50  -2.8780727053627668        1.5492290502415023E-002  -8.4318365563545265E-003
          51  -1.9187856359653239        1.6566380606020403E-002  -4.2264436689894141E-003
          52   3.0257297996751142        9.8279566485445571E-003  -1.2586484464295314E-002
          53   3.6429882746493121        1.2341882715274706E-002  -1.0418256736808847E-002
          54  -1.5672751459282348        2.1245405557351889E-002  -2.3024748689858920E-003
          55  -1.0706878739466328        2.3366387401177458E-002  -3.6408612263718050E-003
          56  0.59469991953770152        1.2364444631029382E-002   1.1162724376135777E-003
          57   3.0142255836656546        1.1381450308368991E-002  -1.3750980420357736E-002
          58   1.6335772593406033        1.2696168068363461E-002   8.8053646444269228E-003
          59  -2.3521965872067123        1.5376894593187708E-002  -8.0767733469662619E-003
          60  -1.6813160911452369        2.2488541658263070E-002  -8.7519998973728432E-005
          61 -0.55586508231066822        1.9546631688750756E-002  -6.2927838841423346E-003
          62  -1.1145737999565171        2.1945082717773477E-002   9.1762942803315668E-003
          63  -1.0480009093665297        2.1747128897084567E-002  -1.0037874031304744E-002
          64  -9.1208508960403500E-002   1.2357295728590525E-002   5.5023338751081631E-004
          65   2.0399113408796339        1.6311068269121317E-002   1.7314859590034756E-003
          66   1.0425388606041046        1.9294701429868447E-002  -1.4286538570040015E-002
          67 -0.28437834771372877        1.1405545179592068E-002   2.4588501661462502E-003
          68  -1.0454387473743181        2.1477642627012419E-002  -1.0607154516991620E-002
          69 -0.52278947330169800        1.7648343232799801E-002  -4.3302182938670247E-003
          70   2.8940071065523738        1.5053835390549350E-002   8.6616613785109372E-003
          71  -2.5471998267568137        1.3089490701203434E-002   1.4177252649322422E-002
          72  0.40165115597977441        1.4638935421678803E-002   1.3085262473986217E-002
          73  -5.1454726625368421        6.7847194254546765E-003  -5.5388166957765972E-003
          74   1.0535052454144678        1.7641286461556459E-002  -1.5227868503153387E-002
          75  0.49415480408945733        2.0005501796098325E-002  -6.2777982086603297E-003
          76   1.9050433934982756        1.8758104782610672E-002   2.6760845637694725E-003
          77  -1.0060466080609045        1.6284718175134202E-002  -1.3225940023487615E-002
          78  0.99947119368041737        2.3998569469067903E-002  -6.1334504954105550E-003
          79  0.35342150002330280        9.8997093366295415E-003   4.0443598466177472E-003
          80 -0.51209557734408362        1.7242382356320467E-002  -3.1055487564274355E-003
          81   2.8290862573989544        1.2637087004923058E-002  -3.7899981955501496E-003
          82  -4.1393649766993432        1.5073085560071460E-002  -8.9738808067691359E-003
          83  -2.4180739425984137        2.1801184399906203E-002  -8.4749594323502223E-003
          84 -0.74137267123834083        1.3054308617267705E-002  -1.6359262525570558E-003
          85  -1.7917872762840763        1.8802787020733316E-002   5.7218862433638350E-003
          86   3.2309594828756754        5.8758021304069251E-003  -3.8616602556272544E-003
          87  -1.0111875834510968        1.6987915833202336E-002  -1.3595436498742872E-002
          88  0.21640564204389087        1.8387618921901296E-002  -1.9899969722768596E-004
          89   1.2276547292390849        1.2294622456234201E-002   1.5321203019514690E-002
          90   2.2624521747184598        1.0512155515338116E-002   9.5340273701447695E-003
          91 -0.64630705280029055        1.9852988697414125E-002   8.3081061208353964E-003
          92 -0.45091536751621053        1.6970758252820673E-002   4.7726349856993145E-004
          93  0.98693860288612434        2.4575821461770776E-002  -2.8782966956201637E-003
          94  -1.8788944162053989        1.5638057942950243E-002  -1.8695988871142774E-004
          95 -0.47759950499489673        1.6808681847035163E-002   2.7239811619035614E-004
          96   1.7198080513873830        1.7359864828910075E-002  -1.0332336876809150E-003
          97  -2.3091520333771673        1.2566914421762929E-002  -5.1437777856067086E-003
          98   2.6652518345061615        1.4894608841238520E-002   3.4614623773493538E-003
          99  -3.1400136309163518        9.0264353505495748E-003   2.8397671172002582E-003
         100  -2.4984712693458979        2.0592529119236199E-002   1.2749313596125746E-002
         101  0.53693866574447147        1.5853045398277081E-002  -1.0689457176249686E-002
         102   2.5597506489996542        2.0846319005490596E-002  -7.1542550213199016E-003
         103  0.26473122994512271        1.5580458196017265E-002  -1.0077968204962555E-002
         104  -1.9916499347981325        2.0660085983538880E-002  -4.5449776371295067E-003
         105   2.0224472772716529        1.6158923750359877E-002  -1.2406729329094660E-004
         106   1.6124628236173471        1.0921801522957101E-002   7.4178816695345193E-003
         107  -1.9442230125703992        1.7894948926278454E-002  -5.8287526552658559E-003
         108   1.6330882874263162        1.2652330761709176E-002   8.7927659735987547E-003
         109  0.10225970852143451        1.2380865128770208E-002   1.1774713191895203E-003
         110   1.4812130544491755        1.3704070919862369E-002  -9.8728714291897220E-003
         111   1.4768440151899771        1.4149344620560342E-002  -1.0134190125451553E-002
         112  0.21132535241517914        1.8366317402208673E-002   1.0156989797689749E-003
         113   1.4109930319123902        2.1479420898084328E-002  -1.0420113792966241E-002
         114  -4.6612771206297943        1.1677642860783511E-002   8.2431541946303647E-003
         115   1.2751122874751750        2.0028118022061548E-002   1.4811177939901939E-002
         116   1.9782144888346447        1.7306480309782366E-002  -4.2753466233799373E-003
         117  -3.6120638744149107        1.5130251673398348E-002   4.3915644649066519E-003
         118  0.50963602858701207        1.8758993743330288E-002  -9.3010993294523961E-003
         119   1.8909957228295067        1.8243049444413632E-002   4.4394728038889917E-003
         120   1.4505909364862428        1.7017476173913828E-002  -1.1154552209270066E-002
         121   2.1886558261375950        1.0480082849907464E-002  -8.9557834071066853E-003
         122   1.2789235982929414        2.0593453573443516E-002   1.4302991067471476E-002
         123  -2.8996088859283504        1.6773583700297235E-002  -2.7822755210494860E-003
         124   1.1328440278212544        7.0896103603257064E-003  -6.7489348190623022E-003
         125 -0.53945403957705773        1.8519192505710786E-002  -5.8057126251298491E-003
         126   1.6849454449451367        1.6691265070693559E-002   4.8360024007488263E-003
         127  -3.7632952254615533        2.2098679373227396E-002   1.2047607786056483E-003
         128   1.7971759376943537        1.4744893172519955E-002  -1.5231200514562349E-003
         129  -2.1974491608297426        8.5232759878905457E-003   8.8494898735228748E-004
         130   1.3224213836248624        2.5107659799470692E-002   5.3142007465505087E-003
         131   4.0881477300733566        8.5498050267388912E-003   1.2766292592036564E-003
         132  -1.0867950378688205        2.3537141945213561E-002   1.5615559806047056E-003
         133   2.5246653559105208        2.2133414398692347E-002   2.1421772893514949E-004
         134  -2.4250227744707744        2.2363281507570703E-002  -7.3635797403542071E-003
         135   3.0034205039950188        1.2908454582756367E-002  -1.3827146064412370E-002
         136  -2.6070178342267156        9.6371207205054321E-003  -4.1698802595410058E-003
         137  0.92926912383051397        2.2048367777281919E-002   1.0155119001679709E-002
         138  -3.2086973810766102        6.3446948330523551E-003  -4.9562730510695121E-004
         139  -1.3066569891846975        1.3897344450013055E-002   4.8216600093949156E-005
         140  -2.2877364608077566        1.1501986605484963E-002  -4.7193307715053968E-003
         141 -0.46574786550490072        1.6872028354563418E-002   6.9208806962259566E-004
         142   2.2230180230846850        8.6217085347468393E-003  -8.3441208366634434E-004
         143  -1.4181966796218592        1.2376851673596621E-002  -2.9408692654698714E-003
         144  -4.6416829852477974        1.3411345731546157E-002   8.8698294710369309E-003
         145  0.39982186062203573        1.4395767524946972E-002   1.3014067813835215E-002
         146 -0.38288114479503099        1.5142616143065685E-002  -6.0830475702764470E-003
         147  -1.8392552339007762        1.6381321751223372E-002   3.6771584909535910E-003
         148  -5.2633044763240466        2.2223494039385058E-002  -1.0761701912535875E-002
         149 -0.69320676377313606        1.5134266573591841E-002   9.1314310675290420E-003
         150  0.30212831743664753        1.1589637019216220E-002  -9.2485596964174670E-003
         151 -0.57882246542910498        2.0896172333493498E-002  -4.8103010968191130E-003
         152   1.8139254010026968        1.4692720907612960E-002   9.5436836868806514E-004
         153   1.0597335358245596        1.6664980334846938E-002  -1.5522412959519574E-002
         154  -1.1070173305686581        2.2586439513141359E-002   7.4366996692054070E-003
         155   1.3664393281693847        2.5138965625199832E-002  -4.7561498888589382E-003
         156   1.2245002626178947        1.1807996336999122E-002   1.4961041167885887E-002
         157   2.5464930431263877        2.1646225115609784E-002  -4.5952174693892102E-003
         158  -2.8103963174128630        9.8580809944122591E-003  -1.9920108830608308E-003
         159  0.61239776386705813        1.2995952369730954E-002   5.7695842718638894E-003
         160   2.1931508227332066        1.0086450410916759E-002  -8.2184751868787966E-003
         161   2.7631529559866177        1.7372073921808073E-002  -5.4521374129495627E-003
         162  -5.2403431909429301        1.9250503979806106E-002  -1.4319671268250189E-002
         163  -2.1975338873803065        8.5225189065464557E-003   8.7137455316248832E-004
         164   2.8838624995783055        1.4181421739838333E-002   8.0853044562606783E-003
         165   1.7922121840786578        1.4838678200023004E-002  -2.1773848753410211E-003
         166  0.98228919012917604        2.4682742653690391E-002  -1.6356141230125770E-003
         167  -1.5158709709853404        1.9025954671765585E-002  -6.3685432554875989E-003
         168  0.55826333899810576        1.3760551411832711E-002  -8.0823147108292845E-003
         169  -1.5682486915709515        2.1267958914670003E-002  -2.2464866084847589E-003
         170   1.4448653312457418        1.7670757845324059E-002  -1.1240075881897085E-002
         171   2.9272929752585650        1.7554795893702773E-002   4.6390540642417492E-003
         172 -0.23851550976035185        1.3381229717104185E-002   4.6335475793402589E-003
         173  -2.3956714391923866        1.9612816409588198E-002  -1.0258023817393189E-002
         174   2.0473140184797645        1.6463080622296161E-002   2.2678065277824924E-003
         175   2.7458654652975107E-002   1.4235686820958814E-002  -2.6570692431269046E-003
         176  -2.2635422555392339        1.0355708469724898E-002  -4.5664711700693309E-003
         177 -0.72867711311478478        1.3052651172873899E-002   1.6283045093079210E-003
         178  0.95077645232727759        2.3889058428575170E-002   6.3265673672875953E-003
         179  -1.0810592690152829        2.3574510040772292E-002  -2.8784982003060572E-004
         180  -2.7452988808521157        1.3830722934389944E-002   9.8266207368137241E-003
         181   2.9640111129100846        1.7306413534283385E-002  -6.3340145503950548E-003
         182   1.8007096436866106        1.4698935421965219E-002  -1.0267322102058638E-003
         183  0.71675861682266262        2.1346174478282978E-002   6.8153894118991028E-005
         184   1.0910329203038054        1.1787372245368036E-002  -1.4347182611965378E-002
         185 -0.90591292783097399        1.4693214928629100E-002   9.3987627104276973E-003
         186   1.4240183387711756        2.0051355900408345E-002  -1.1037031424238382E-002
         187   2.6736240929207256        1.5246604334523446E-002   4.7309564785680798E-003
         188  -3.0454795138797714        5.6577779168050339E-003  -2.4390002787842489E-003
         189  -2.5632337391593638        1.1057499036542465E-002   1.0413389772334778E-002
         190   2.8349756750835695        1.2451202888002590E-002  -2.3893486332069638E-003
         191 -0.43427685987854570        1.6966495364014459E-002  -6.6865958008269135E-004
         192  -2.5506184889469243        1.2606860127057638E-002   1.3527175702216222E-002
         193   2.3260319524291790        1.7577089816083923E-002   8.0065037591703879E-003
         194  -4.2188757816119100        1.6906370861304983E-002   2.6332457458839460E-003
         195   5.1683110280432994E-002   1.3405209750051319E-002  -3.7264399049094310E-003
         196  -1.2028424652967951        1.2849733262517727E-002   4.3745046325358297E-003
         197  -1.4146872000299380        1.2280527486216171E-002  -2.4477554215408376E-003
         198  0.77055304298291383        1.8244864877899811E-002  -9.3023634469185448E-003
         199   2.8070090810808903        1.3969638195198104E-002  -7.6068656818957942E-003
         200  -1.3678163629850426        1.2515916931337741E-002   2.7150275012526115E-003
         201   2.5249462925595907        2.2133942224653615E-002   1.5424154412336188E-004
         202  -3.0948035500373874        8.3580206400909480E-003  -5.3391988843059313E-003
         203   1.4575994416144702        1.6226998351149356E-002  -1.0978771316104060E-002
         204   2.5679301238050085        2.0197251288248074E-002  -8.3703625240108166E-003
         205   3.5613728481458926        1.5839220176068997E-002   6.2644452068387523E-003
         206  -1.6168230003943038        2.1961973747162571E-002  -1.0191604378667774E-003
         207   3.1019932639324477        7.0396910299924250E-003   4.7248076894153357E-003
         208  -1.2758657533892144        1.3457392583383960E-002  -2.5824887304102097E-003
         209  0.52665222124256705        1.6986153916883597E-002  -1.0809210067423518E-002
         210   2.1514839762930364        1.4336009723631363E-002  -9.8612930352593251E-003
         211   2.9219133815970317        1.7266494353910034E-002   5.8537624743945143E-003
         212  -2.6811471698379248        1.6081291640289680E-002  -5.3114976915283408E-003
         213 -0.35112280620314323        1.3024645941114332E-002  -6.3455827146778436E-003
         214   2.7646484861756906        1.7286967592300594E-002  -5.7208632634195176E-003
         215   2.6078700417796368        1.6442174914513327E-002  -8.3270101039670721E-003
         216   3.6123695494018508        1.5387394908892701E-002  -7.7777477148545078E-003
         217   3.0312892068411843        9.1402985013786919E-003  -1.1664127249653339E-002
         218 -0.72430786187156149        1.3150171592565730E-002   2.7509154029808328E-003
         219   2.1063620334702944        1.7264869802731724E-002  -2.1822057343218958E-003
         220  -5.0202820395022707        1.8104957555549903E-002   1.6003397900811168E-002
         221  -3.7874335612293026        2.1294249701871448E-002   4.9034616818340419E-003
         222   2.4523532238782244        1.8997336622594521E-002   3.8956038841925136E-003
         223   2.8894339907588962        1.4653341008756902E-002   8.5049828081181222E-003
         224  -1.1964239421902432        1.3179415773221622E-002   5.7117808613027024E-003
         225   1.3925137251124273        2.3300281777295061E-002  -8.7663696428812235E-003
         226  -2.5317679342963353        1.5480791435616936E-002   1.5909425222204274E-002
         227  -7.9952821668289015E-002   1.2489293497692337E-002   1.7276496767078306E-003
         228  -1.4012235749340676        1.2073926907685514E-002  -5.8177762700428899E-004
         229   2.5141898873650712        2.1996389739940878E-002   2.3008085194920654E-003
         230  0.69003790348048266        2.0401853653183213E-002   6.6704888562505718E-003
         231  -1.0038183212651288        1.5987009548359382E-002  -1.3000362134625481E-002
         232   1.2737753413046693E-002   1.4529485402218241E-002  -1.1944906792568785E-003
         233  -2.4142774599782388        2.1463642173186234E-002  -8.9689717818547451E-003
         234  -2.9868850052814695        8.9487395628346234E-003   1.2671628367551296E-002
         235   2.4751336535354493        2.0145414240941760E-002   5.6316921207045720E-003
         236  0.76340198546844107        1.8909470508548212E-002  -8.8918007218685043E-003
         237   2.3057905508461434        1.5567754349115897E-002   1.1189719079316790E-002
         238   1.7836717066688519        1.5071916904210515E-002  -3.1484477141135174E-003
         239  -1.2934480727693962        1.3813714332772677E-002  -1.2705190435385481E-003
         240   2.7749063468488262        1.6603626834291133E-002  -7.2656713860954529E-003
         241 -0.37245784665787973        1.4465632447038419E-002  -6.6051415253135411E-003
         242  -4.5766784724823459        1.7354523290485566E-002   1.1559033464578420E-003
         243  0.13595909462615149        1.3716282777328942E-002   6.3310689355400816E-003
         244   2.7392946401619729        1.8097782608177102E-002  -3.5528424417285867E-004
         245   1.0256453419005847        2.1559262733111113E-002  -1.1843620758612033E-002
         246  -4.0341344651682407        9.4033394810845907E-003   6.5605341976286910E-003
         247  -1.2075036354872712        1.2664847516731314E-002   3.4170017322274998E-003
         248  -4.2367016929260313        1.6444107595140967E-002   2.2176541547680624E-003
         249  -2.6655303169393494        1.4940737106865993E-002  -8.7832687979546957E-003
         250  -2.3964393304064724        1.9692981486468742E-002  -1.0239996292999437E-002
         251   1.8666926244713371        1.6917130770865488E-002   5.8658638907601044E-003
         252   2.7802301627483539        1.6193626701923279E-002  -7.8260572021626347E-003
         253   1.0010614049003099        2.3896007296074828E-002  -6.5299417317628977E-003
         254   2.9880335587621394        1.4973763573324639E-002  -1.2197813893272100E-002
         255   1.8530188881873411        1.6113777163829793E-002   5.5307859326074651E-003
         256   2.0728323463331990        1.7122820135890681E-002   2.2928868431702997E-003
         257  -2.5804949590646999        9.7005412369090410E-003   4.8427376619466578E-003
         258   1.6718523115273760        1.5915446254744687E-002   6.7267454942757611E-003
         259 -0.43643561030621808        1.6979042500789476E-002  -4.7455129747421923E-004
         260  -1.9810908666464879        2.0122345161927610E-002  -5.3991518758338608E-003
         261  -1.9446914295769278        1.7922800631527000E-002  -5.8460091239652236E-003
         262   3.2250191466269511        6.1413289014782702E-003  -4.8748916102609573E-003
         263   3.5263147391658047        1.2657152241404136E-002   9.8872671117909532E-003
         264  -4.3659529253428051        1.8979285746658088E-002   8.6435998967643931E-004
         265  -4.4247116434442804        1.6428172634083509E-002   5.7644807522079225E-003
         266   2.0671023796581967        1.6980351388632714E-002   2.5617358530202186E-003
         267  -2.7139544539269709        1.6262608000638966E-002   4.2653791428283825E-003
         268   2.7920915947122751        1.5204693003389180E-002  -8.3770005040691171E-003
         269  -1.5859655616491573        2.1595970371998514E-002  -1.4635114774269428E-003
         270 -0.85644788442091557        1.8651733373113433E-002   3.7484250041496668E-003
         271  -1.0882691725995397        2.3510174400375287E-002   2.0299873789497106E-003
         272   5.9103260502491671E-002   1.3126938656868049E-002  -3.5985424743693786E-003
         273  0.28933633263351638        1.2897198165156566E-002  -1.0634957314059515E-002
         274 -0.38742308319847207        1.5416398082555183E-002  -5.7420356209718377E-003
         275   2.0134546744692590        1.6220489051172401E-002  -1.2222047624812116E-003
         276  -1.1431774803396959        1.8658481224868715E-002   1.2453449440669090E-002
         277   1.8520647742685712        1.6060278370953109E-002   5.4767271233505692E-003
         278   2.8290874498774952        1.2637043633302404E-002  -3.7897418854171989E-003
         279   1.0075614810247366        2.3411284868508127E-002  -8.0960691464384751E-003
         280   2.6251079185553809        1.5223905935784186E-002  -5.3222824383401725E-003
         281  -1.0087243722796460        1.6648574551074252E-002  -1.3444997684822376E-002
         282   2.0008182674561601        1.6473638299036003E-002  -2.6748575281695113E-003
         283  -2.8401981912360084        1.1671171206676247E-002  -9.1924533909618460E-003
         284   1.1214951099457713        8.0236702171927275E-003  -9.3575689390842463E-003
         285  -3.4728220836748882        1.3716246794744629E-002  -7.2141561901144669E-003
         286   2.2528902769753967        9.6785323586671846E-003   7.5026363994637607E-003
         287   4.1061581243084042        9.0669124965161198E-003   4.4022700401522155E-003
         288  -4.7537780927902036        9.8639122210656526E-003  -5.2069550282825405E-003
         289   2.5658290327888036        2.0373431245772407E-002  -8.0907060075002570E-003
         290   1.4473593807030727        1.7385559604015003E-002  -1.1209519260077020E-002
         291   4.6485188332482332        2.2145838943466039E-002  -1.0061800260298646E-003
         292   2.3617055048883144        1.9154219050130563E-002   8.4682309234056989E-004
         293   2.5684433312374160        2.0153337184328393E-002  -8.4349668675709165E-003
         294   1.9743795858949791        1.7475313293311586E-002  -4.3585976104386168E-003
         295  0.25216894501640907        1.6765490185001529E-002  -8.2985724442184196E-003
         296   2.5451433333803037        2.1707421080815539E-002  -4.3065932716093583E-003
         297   3.0800806883666989        6.3566871770633715E-003   8.9607137496716964E-004
         298  -1.6165143081583095        2.1958768162238899E-002  -1.0198509530551826E-003
         299  -1.7140273552993068        2.2214400537984774E-002   1.8835199106320929E-003
         300  -4.0160201243491569        1.0989799782426195E-002   1.0341776594688146E-002
         301   2.8903321455002393        1.4731349623190476E-002   8.5493739716929872E-003
         302  -1.2336369235616926        1.2395797858910242E-002  -1.0652465654223189E-003
         303  -1.5738844493281161        2.1388156770528476E-002  -1.9486571265325675E-003
         304  -1.7392414293789982        2.1495383409907011E-002   3.7031849249647046E-003
         305  -1.9921502699636326        2.0683125486819803E-002  -4.4963195721487784E-003
         306   2.3925299565207621E-002   1.4325802926430747E-002  -2.3454490535542156E-003
         307  -2.3644325013823875        1.6448910928512292E-002  -9.1064038306743790E-003
         308   3.1883198673114244        8.3614004371277140E-003  -5.3319208021897291E-003
         309   1.8454059960066602        1.5704119076887520E-002   4.9959904017341187E-003
         310  -7.4574507278099998E-003   1.4538243671854155E-002   1.1001490234560233E-003
         311  -2.3986618930436743        1.9924075858770967E-002  -1.0171772401706795E-002
         312  0.62674610902334815        1.4067471433235569E-002   8.7307992711451489E-003
         313  0.98657030240485666        2.4586441455346421E-002  -2.7801603578039751E-003
         314  -2.0476817616682506        2.0990965594398250E-002   4.2595103728417750E-003
         315  -4.0901833133452756        1.0098923388741524E-002  -8.2448657750427822E-003
         316  -4.2031056893470327        1.7272523468280128E-002   1.7203277536836101E-003
         317  -4.3686066951701745        1.8950455503242033E-002   1.2683788060969228E-003
         318   2.9888562471178619        1.4870961270518327E-002  -1.2333871973072575E-002
         319   8.9512488271594359E-002   1.2359105972893697E-002  -7.9615271837800644E-004
         320  -1.6171727899083688        2.1965603616849821E-002  -1.0184249607101091E-003
         321  -2.2646546969024097        1.0407527585975362E-002  -4.5792945782647749E-003
         322   2.5534230837856136        2.1271257610962810E-002  -6.0062957858155819E-003
         323  -1.0187364274222930        1.8042071226917672E-002  -1.3745369839496500E-002
         324   2.6876497172423437        1.6021662168250395E-002   5.9039496842505272E-003
         325  -1.7979783233480453        1.8443139119902079E-002   5.6728709095390118E-003
         326   2.0728417006337971        1.7123038775275747E-002   2.2923133213093969E-003
         327   1.7125615678557893        1.7393893919143220E-002   1.2729543796468051E-004
         328   2.2066033636361784        9.1474154959471869E-003  -5.3310304002287378E-003
         329   1.8992680375589495        1.8577267160532606E-002   3.4606199100965318E-003
         330   2.9326257955087165        1.7770281380188914E-002   3.2696872877145391E-003
         331  0.54768513655787510        1.4727171064044715E-002  -9.7471467190286994E-003
         332  -2.3651524122727290        1.6515895717765287E-002  -9.1621819132494137E-003
         333   1.3259501720239395        2.5283088929783173E-002   4.4469453388186328E-003
         334  -1.9327567800286021        1.7244900112809356E-002  -5.2563178263243440E-003
         335  -5.0956259960567403        7.3716830659971855E-003   7.8249448457222304E-003
         336  0.54612130084198840        1.4883914885070439E-002  -9.9337177234231112E-003
         337  0.50266309249174290        1.9379184235057641E-002  -8.1118349669789362E-003
         338  -2.5558696507625300        1.1913672442336954E-002   1.2359389538811260E-002
         339   6.8209054604923144E-002   1.2812432432715867E-002  -3.1257512632181855E-003
         340   1.7152316348907635        1.7391364865744170E-002  -3.1138913523664526E-004
         341  -4.3965102480337350        1.8038063059574758E-002   4.8651497897240605E-003
         342  -2.6023474333062895        9.4731593844056845E-003  -2.7073754291175537E-003
         343  0.79305147794009623        1.6147278807484931E-002  -8.4732366438700548E-003
         344   4.1669738280398549        1.4579233514613824E-002   1.1700713007712981E-002
         345  -2.8973627077321988        1.6701799912800169E-002  -3.4893760694026726E-003
         346   2.7074540284620761        1.7193180883836177E-002   5.2601607788414842E-003
         347  -1.3137878114572972        1.3867364382172115E-002   7.7335294197981288E-004
         348 -0.33853977056202800        1.2269516632553934E-002  -5.3394302616198023E-003
         349   1.8152104135240166        1.4706493365072340E-002   1.1501108317167872E-003
         350  -1.9249188488511635        1.6846046631644383E-002  -4.7175555157919222E-003
         351   2.7074265175280075E-002   1.4246033043139927E-002  -2.6246583911112911E-003
         352 -0.99696734045334845        1.5110237563523090E-002  -1.2070285106397103E-002
         353 -0.52212360549092385        1.7619218501093492E-002  -4.2578217203315793E-003
         354  -2.5133144270889578        1.8455797937846411E-002   1.5254631326463930E-002
         355  0.17524987613737353        1.6690314722845538E-002   7.1893876160929468E-003
         356   1.8817075345782075        1.7781256437991305E-002   5.2698179591514288E-003
         357  0.49492154900207525        1.9955773207277178E-002  -6.4584680484331197E-003
         358 -0.56798955212448032        2.0303329227776088E-002  -5.8388099498121477E-003
         359  -1.9573536876052773        1.8698029035990611E-002  -6.1074113200672124E-003
         360   1.5269386903096469        9.9989086538575661E-003  -5.5299013660039262E-003
         361  0.77492204413937515        1.7828421872178726E-002  -9.3927718519811274E-003
         362  -1.4698576399805776        1.5489710277823547E-002  -7.8881379475571785E-003
         363  -1.0740868667516643        2.3473615231178580E-002  -2.5510409424922042E-003
         364  0.92875972633991588        2.1995512761070590E-002   1.0220582498830953E-002
         365  0.15037810160564821        1.4748179032209789E-002   7.5679241247515279E-003
         366  -2.2758103817601660        1.0932934738104068E-002  -4.6562502378765403E-003
         367  -4.1294036898450619        1.4102745979201151E-002  -1.0066322218877913E-002
         368  0.16560102214959033        1.5951933466291219E-002   7.7476996612920804E-003
         369   3.1700258369849337        9.1027088954347621E-003  -2.3921122391840919E-003
         370  -3.2694397815981047        1.1448758392715995E-002  -1.3775905237977689E-002
         371  0.95638250946357484        2.4214272224310961E-002   5.0479900307106714E-003
         372  0.16966842443709221        1.6269718019633804E-002   7.5768553410247384E-003
         373  -1.9453201599426089        1.7960310098521132E-002  -5.8683639313016978E-003
         374  -4.5135786400422724        1.5606495054231463E-002  -4.1837441361327757E-003
         375  -1.8002017038766296        1.8315038860741793E-002   5.6384789736158240E-003
         376 -0.97687625966987712        1.3058745643104277E-002  -7.6000585602431971E-003
         377   1.5544446166983816        8.9962649405142901E-003  -1.4681978784786766E-003
         378 -0.65014901957465765        1.9516576521894004E-002   8.8724024486011160E-003
         379  -1.3677049048432824E-002   1.4447778754125640E-002   1.7455110291437897E-003
         380   1.7509437312672540        1.6431461304389501E-002  -4.2296995623666359E-003
         381 -0.36691439057951036        1.4088956147290171E-002  -6.7164540761139755E-003
         382  -1.8093678122668972        1.7798400284200416E-002   5.4037215666800295E-003
         383  -1.9586921895779767        1.8781323034118350E-002  -6.1105879634205107E-003
         384  -5.5731259804538642E-002   1.3150690250155257E-002   3.3689133438475202E-003
         385  -2.0209641652953372        2.1478828288876085E-002  -5.8942989291592331E-004
         386   1.8531526183373817        1.6121314204195079E-002   5.5380524479128213E-003
         387   2.7315432687187138        1.8058283917432940E-002   1.3388030212487488E-003
         388   1.3869416101553844        2.3778642815835829E-002  -8.0742941654397132E-003
         389  0.94528996244998909        2.3502761653686824E-002   7.4806540451009974E-003
         390  -1.8107990905688256        1.7719980445840909E-002   5.3537375926357364E-003
         391 -0.27602854770071555        1.1657832592019668E-002   3.4393200402020102E-003
         392   1.4503639598433584        1.7043267343136732E-002  -1.1158966268163815E-002
         393  -2.0407261647233597        2.1246736795839150E-002   2.9599032327892894E-003
         394 -0.69106988693716553        1.5335979399217214E-002   9.3997094473887398E-003
         395 -0.29604004300226439        1.1209187777888818E-002   8.0232741138326765E-004
         396  -2.2587847807442727        1.0136034051613133E-002  -4.4951507040117992E-003
         397  0.85734212260668385        1.4682627196989101E-002   5.3952028755544839E-003
         398   3.1811095338835500        8.7184128397087158E-003  -4.3451454194416792E-003
         399  -2.5752441843764102        1.0007972472906149E-002   6.6432503031173627E-003
         400  -1.6093110894274092        2.1883018998562761E-002  -1.0498756823367175E-003
         401   2.5852497407597421        1.8579007481625543E-002  -9.6566743986841001E-003
         402   2.0010443765784194        1.6467502503725279E-002  -2.6511567667617682E-003
         403  0.61445551903182150        1.3121949321778112E-002   6.2514459336511889E-003
         404   3.0874493667318603        6.4862642874873476E-003   2.5097598269314715E-003
         405   1.4194089768170137        2.0565751091149369E-002  -1.0866465190666466E-002
         406   2.7697582666346774        1.6966809289576130E-002  -6.5602857441881719E-003
         407   3.0432736661468249        7.8689443947242473E-003  -9.0378067239534569E-003
         408 -0.78543784535775185        1.5716180837207990E-002  -8.5005354326465211E-003
         409  -2.8649718085160369        1.4233561069872001E-002  -1.0182108396859632E-002
         410 -0.86902606628703416        1.7986452868016253E-002   6.5381102365746476E-003
         411   1.9180621099927673        1.8986055238376494E-002   7.3781469400125289E-004
         412 -0.48268364258422830        1.6802742745841859E-002  -5.6861909515953609E-005
         413   3.0303526031722225        9.2523972814447138E-003  -1.1834331228244998E-002
         414  0.24224149913328033        1.7509623587813321E-002  -6.3531099858105842E-003
         415  -2.8944107948794344        1.6583298918262011E-002  -4.3862810536456805E-003
         416   2.8140698529945074        1.3453430893434228E-002  -6.6935078512157832E-003
         417  -1.7463262024943071        2.1211002582931411E-002   4.1721337770750377E-003
         418  0.77341606976501531        1.7972418410670134E-002  -9.3754689155148563E-003
         419   1.9258687757424329        1.8997612994214569E-002  -4.4149401642282714E-004
         420  -3.6386017161813089        1.4601102150449919E-002  -8.8065396609285384E-004
         421 -0.96842222184762228        1.2507334332355255E-002  -5.1706815248940127E-003
         422  -2.3257775774085099        1.3501245668949216E-002  -5.9708486582756796E-003
         423   1.0205376174584253        2.2151077528173687E-002  -1.0890722849128271E-002
         424  -2.0402467768849832        2.1260973550265610E-002   2.8703410811364008E-003
         425  -2.9096381826130848        1.6889313437709105E-002   5.5498029794944946E-004
         426   2.1938212815263252        1.0030711358468008E-002  -8.0978368466937678E-003
         427  -3.5450158003986840        1.8100411824492828E-002  -1.0376931448355313E-004
         428  -1.0664996610411426        2.3182877860839304E-002  -4.9559361475345022E-003
         429  0.35921597300142993        1.0188064744904590E-002   5.7137922031335088E-003
         430  -1.7129553439533900        2.2234547595543039E-002   1.8069571021725925E-003
         431  -1.1089647635580164        2.2434149416106858E-002   7.9146383917336888E-003
         432   3.1516956270666401        9.2068893371654650E-003   1.2803920126211036E-003
         433   3.5586802205627452        1.5658945086833024E-002   6.8738366375253497E-003
         434  0.36532470232598335        1.0595727869129191E-002   7.3685075972965098E-003
         435  0.24766835808155130        1.7127168674021975E-002  -7.4660978756428322E-003
         436 -0.89366157805198143        1.5886776900954656E-002   9.5359578950234888E-003
         437   1.4138422454436075        2.1174468147634681E-002  -1.0591475440019545E-002
         438  0.54676319621199643        1.4819206831574956E-002  -9.8590884202651250E-003
         439  -4.4738329252488880        1.4664514637145763E-002   2.5705463765327409E-004
         440   1.5026327886344866        1.1719089431142971E-002  -8.2171670702141063E-003
         441  0.54756915148893381        1.4738668903808918E-002  -9.7615098460784536E-003
         442 -0.51881284875875877        1.7481817990924426E-002  -3.8882786637053188E-003
         443  -3.5981008546489299        1.5868813367754492E-002   5.7875327911482265E-003
         444  -2.2367835879738096        9.2055839291848001E-003  -3.6399817086932270E-003
         445   1.4410839951895600        1.8104268658372356E-002  -1.1265807464508670E-002
         446  -1.9439285307931529        1.7877483324175530E-002  -5.8176438790432123E-003
         447  -2.8772837685800883        1.5423938782582197E-002  -8.5789194311387401E-003
         448  -4.2575914078610513        1.6160973193827557E-002   2.5024580208235600E-004
         449  -1.3420384698505814        1.3300440260172693E-002   2.8733355344536479E-003
         450  0.64886190101077790        1.6346177339428388E-002   1.0972501568808867E-002
         451 -0.13975793830682201        1.3268548551541715E-002  -3.4954962196011579E-003
         452   3.1613321008030830        9.2383033749182039E-003  -6.5499533991458391E-004
         453  -1.1880497420816483        1.3740287008901323E-002   7.4268239133517544E-003
         454   1.0409458267460781        1.9525035923550843E-002  -1.4106106856861721E-002
         455  -4.9487145344869692        2.5578054003899283E-002   2.3528895126189615E-003
         456  -3.7094819229010683        1.9685273291486421E-002  -9.0092006476369547E-003
         457   1.8696068319330530        1.7090800504473438E-002   5.8281735172609197E-003
         458  -1.7315971333058975        2.1762900902995139E-002   3.1637049863225243E-003
         459   2.7913951280746208        1.5264085869900130E-002  -8.3727872843170660E-003
         460  -2.4190978216790540        2.1888811537931371E-002  -8.3279658163903925E-003
         461  -1.7296588496492338        2.1823978044556797E-002   3.0233551682542423E-003
         462 -0.47878780004148042        1.6805800335958781E-002   2.0294109786481737E-004
         463  -1.9613118109692198        1.8944311418921739E-002  -6.1025115819742515E-003
         464   1.3926140175855548        2.3291313630450367E-002  -8.7779977151895526E-003
         465   1.2773222183668822        2.0358331675084943E-002   1.4523952979483008E-002
         466 -0.11389551889902889        1.2517922935318159E-002  -1.8839261114957896E-003
         467   3.0398853228418297        8.1951120531794912E-003  -9.8556036534883113E-003
         468   2.5266841710277790        2.2133371529438686E-002  -2.1964682589358116E-004
         469  -2.7306001870072589        1.5193389013771701E-002   8.0811422850691414E-003
         470   1.1692444654157905        6.3563881226889243E-003   2.9838707437210227E-003
         471  -3.2516072720299132        9.1060697758391426E-003  -1.1610500913310968E-002
         472 -0.84781754259581543        1.8886835724399750E-002   1.5797892419595911E-003
         473  -1.4689445350125352        1.5416472008602100E-002  -7.8612091090426821E-003
         474  -1.6913567195213970        2.2472708018232247E-002   4.1542701167095533E-004
         475   1.5468811313280595        9.1562732792032173E-003  -2.6765145606893167E-003
         476  0.69145825192603172        2.0496118478484277E-002   6.3614746375487020E-003
         477   1.1227513041511465        7.9056813158842471E-003  -9.0853882377463745E-003
         478   3.2011316426946670        7.5901168813235255E-003  -6.3046874032907478E-003
         479   2.3012587033337333        1.5040836586040001E-002   1.1618725816676239E-002
         480  -4.5016974545417918        1.5144328954842776E-002  -3.3590928616830792E-003
         481  0.45301945544589745        2.0232262398075719E-002   5.5159652721125975E-003
         482  -1.8722178714684814        1.5649797171494433E-002   5.3042660666455927E-004
         483  -2.0893706494057649        1.7697947519124884E-002   1.0610396875511054E-002
         484   2.5702676939780131        1.9994519623664490E-002  -8.6526039582115327E-003
         485   1.3002727576210855        2.3314102249212727E-002   1.0465012086472412E-002
         486  0.45401091653611952        2.0286537690839188E-002   5.2338345305158835E-003
         487  -2.1759651871242420        9.1155441578190527E-003   4.5912358727924797E-003
         488  -1.3454625911387925        1.3198172598477626E-002   2.9846269953702122E-003
         489   2.9735513001326823        1.6556622274955513E-002  -9.0359685339796245E-003
         490  -3.9065386632296049        1.9117007272876629E-002  -1.1617152724101262E-003
         491   2.4947911711750330        2.1245838207695662E-002   4.9913589476295742E-003
         492   1.5040966628663310        1.1597604457610548E-002  -8.0804469106960097E-003
         493 -0.17720006728017362        1.4439724316606561E-002  -1.8579192459461040E-003
         494   1.4095823172948490        2.1628497377475239E-002  -1.0327345761348658E-002
         495   1.7371574789476303        1.6966745325626587E-002  -3.2589991914803210E-003
         496   2.0544797991644668        1.6641413229919386E-002   2.5822587397504758E-003
         497   1.5411353678867776        9.3387682506658985E-003  -3.5529450127382328E-003
         498  -1.4608041810386410        1.4777862697475181E-002  -7.5084973828614884E-003
         499 -0.61033461220145424        2.1611015538321496E-002   8.9152774701202247E-004
         500  -2.5447954176272356        1.3441720742360046E-002   1.4579218814740329E-002
         501  -2.5878451346790738        9.4345328576695801E-003   2.2573307131253540E-003
         502  0.29054246579139525        1.2767060347285584E-002  -1.0552670859493789E-002
         503  -2.5119571525611493        1.8665592484633758E-002   1.5093085842208229E-002
         504  -2.4659803903904396        2.3369280611132654E-002   3.5047055531912553E-003
         505  -1.4591453345782355        1.4651793629953854E-002  -7.4120209125162709E-003
         506   1.0117114757030967        2.3048891956727068E-002  -9.0426940917493689E-003
         507  -1.7864236809312219        1.9115271644743592E-002   5.7089805065100524E-003
         508  0.44394904351928549        1.9607976416995385E-002   7.9487461333609729E-003
         509 -0.27283542531816002        1.1774935847167215E-002   3.7558698602203435E-003
         510   1.1418206204634631        6.5749454453963496E-003  -4.4834993230863790E-003
         511   2.3684108360810230        1.9175795347440881E-002  -1.8322321973039164E-004
         512 -0.45035261100452550        1.6973425903587889E-002   4.5309985380594965E-004
         513  0.58765035524926668        1.2355105316336237E-002  -8.5698846699516675E-004
         514   1.3655779420555023        2.5179974574703771E-002  -4.5915796518182063E-003
         515  -5.8165397332856680E-002   1.3068207748087063E-002   3.2813196358567227E-003
         516  -2.4403107478620574        2.3265429393982403E-002  -4.0310903001957643E-003
         517   1.0602992486646847        1.6575456415374473E-002  -1.5540425262473236E-002
         518   1.9197406236374399        1.8996481799440346E-002   4.8191180367994260E-004
         519   1.9133703152389985        1.8933716549505538E-002   1.4514447924197618E-003
         520 -0.11905587702344801        1.2629411155768280E-002  -2.3489529255062177E-003
         521   1.9695756115484440        1.7689392226415624E-002  -4.3743344424629115E-003
         522 -0.43821787827447223        1.6986272173707725E-002  -3.2333631914895360E-004
         523 -0.70707000480475712        1.3999320730099261E-002   6.7760215761403170E-003
         524  -2.3675137748939759        1.6738419040731849E-002  -9.3393050479663887E-003
         525  -2.8715557816684241        1.4895439143660521E-002  -9.4910249648651208E-003
         526   2.6434693764901915        1.4612575417178196E-002  -1.1409920809293604E-003
         527   3.0858847927461057        6.4487843925634626E-003   2.1911943681718763E-003
         528   1.5561113111683775        8.9736529206599774E-003  -1.1949316687541306E-003
         529 -0.80825265868045160        1.7603466942874679E-002  -7.1368472649995570E-003
         530  -2.1004902027402128        1.6445286990568228E-002   1.1427445666087440E-002
         531 -0.68595875964878739        1.5839793024414808E-002   9.9268978547948378E-003
         532   3.8831608559771871        2.0064910606391827E-002  -1.0117891902651001E-002
         533  -1.0753899170809731        2.3504681108431243E-002  -2.1296917022216792E-003
         534   2.4054451356260613        1.8587580456444923E-002  -1.6873766953351321E-003
         535   2.0956519681631791        1.7397882874537942E-002  -3.0560973379198083E-004
         536  -1.6077269161377177        2.1865991609858897E-002  -1.0608952124873167E-003
         537   2.4679616114368232        1.9743297295466835E-002   5.3330252419543488E-003
         538  0.42557196441520628        1.7741943769297219E-002   1.1668786441297692E-002
         539   1.3414394996231285        2.5685077956381891E-002   6.6961614542322852E-004
         540  -5.1736583480491518        9.3124365030215830E-003  -1.1709992294284214E-002
         541   1.1730141763771995        6.4907656410519371E-003   4.0134162474683233E-003
         542   1.6663097169491208        1.5516776285326866E-002   7.3791881073533858E-003
         543   2.6710573600149732        1.5127383065049663E-002   4.3823876437936960E-003
         544   1.8342856409931991        1.5200172890215075E-002   3.8344244811961063E-003
         545   1.0633570807774539        1.6090186190848406E-002  -1.5612447000034871E-002
         546  -2.8215915604417674        1.0271944412626650E-002  -5.2046859485058551E-003
         547 -0.72068157546249612        1.3268694017020933E-002   3.6630336235450442E-003
         548  -3.6747721423681012        1.6396312847252088E-002  -8.2549749522546328E-003
         549  -3.2238334067459098        6.7384324395648064E-003  -4.6738905244307497E-003
         550 -0.68897999993233094        1.5538633178467078E-002   9.6351054872793104E-003
         551  0.95970287057425241        2.4371577982040808E-002   4.2507826947453670E-003
         552   1.3164169334103949E-002   1.4524192643476515E-002  -1.2417632099105697E-003
         553 -0.33402932448264877        1.2035346973796802E-002  -4.8434676039887650E-003
         554  0.82140235337341561        1.4334572143266630E-002  -3.4875611825357661E-003
         555   1.8491124335360107        1.5898371668113899E-002   5.2855005495260161E-003
         556  0.79004278098431779        1.6411548855596800E-002  -8.7659356340921250E-003
         557  -1.5241904195810763        1.9537127448813436E-002  -5.6865339705193686E-003
         558  -1.5407167137056310        2.0374258374715071E-002  -4.2591599025278521E-003
         559 -0.19215624919695451        1.4595935077993720E-002  -1.3386874042102298E-004
         560  -4.0875256688289330        9.8822819591737436E-003  -7.7536409729818557E-003
         561  -1.6760096253688179        2.2477719012061321E-002  -3.0747682886814707E-004
         562  -1.2993815465062568        1.3873288804891144E-002  -6.9418543003228013E-004
         563  0.23198008305208626        1.8053306853844243E-002  -4.0076342464820860E-003
         564   2.4940017747254792        2.1205423554716090E-002   5.0597252352608396E-003
         565   3.1550992309104826        9.2396799672422435E-003   6.0806130804695960E-004
         566  -1.9221656879632423        1.6716715761720138E-002  -4.5039993587129472E-003
         567  -3.5007171664866212        1.6013101569823347E-002  -8.0060493929338308E-003
         568  -2.4124704573617897        2.1296627961158034E-002  -9.1758863195286113E-003
         569  0.66030253828165220        1.7625818590777383E-002   1.0838958686422292E-002
         570  -2.6983708234034864        1.6583548497771029E-002  -3.0340415403903897E-004
         571   2.6681581001676227        1.5004327569507560E-002   3.9444211626149406E-003
         572   2.0675980525640454        1.6993248015419245E-002   2.5449674015988171E-003
         573   1.0172796658136296        2.2501720785334176E-002  -1.0236752112829751E-002
         574   7.0846293080863557E-002   1.2731093888707886E-002  -2.9254182666308155E-003
         575  0.76007333483956818        1.9206058214018600E-002  -8.5921482861752926E-003
         576  -1.9564577785180788        1.8642315038847879E-002  -6.1025647009875957E-003
         577  0.50371854931794857        1.9290874470348506E-002  -8.3112336806284662E-003
         578  -1.8425638201674612        1.6261900852969770E-002   3.4077234177038256E-003
         579  -3.2641506509608864        1.0715817946042733E-002  -1.3394102936378927E-002
         580  0.58453651389882533        1.2396057708832349E-002  -1.7238481022185310E-003
         581  -2.4739131515483601        2.2985035575283808E-002   6.0001708109437765E-003
         582  -1.5480018750172899        2.0667680989369212E-002  -3.6549882980530164E-003
         583  -3.7310531283461477        2.1348587860706977E-002  -5.7539883608338704E-003
         584  -1.0331768388888467        2.0009550882248484E-002  -1.2725126709378498E-002
         585 -0.68363127228210530        1.6077384087465847E-002   1.0111673647171669E-002
         586   1.0019516585969921        2.3835798920206961E-002  -6.7497836456005640E-003
         587  0.96605332602834859        2.4595493310971897E-002   2.6593855137603014E-003
         588  -4.4349071994044182        1.5853710195961226E-002   5.2250362201958856E-003
         589  -1.4295754317007696        1.2808340436171475E-002  -4.4849388219980043E-003
         590   3.0229278058895686        1.0192763376347112E-002  -1.2966832086744819E-002
         591 -0.31693148725954468        1.1387920284189950E-002  -2.4866353931352267E-003
         592  -2.4300182960853514        2.2714094324810610E-002  -6.4031095202197342E-003
         593   1.6978079076108463        1.7185072871210915E-002   2.6707888987231752E-003
         594   1.5320446814819024        9.7287647511259002E-003  -4.8519159406525941E-003
         595   4.0951979216866201        8.6839067557982052E-003   2.4682555472806092E-003
         596   1.9781406913626407        1.7309694034132843E-002  -4.2775283709166863E-003
         597  -3.0762655810703259        7.2155045273610890E-003  -6.3606580704224768E-003
         598   2.5246141405314870        2.2133300449604112E-002   2.2506182718936977E-004
         599 -0.47278365974245645        1.6828061709620507E-002   5.0425206250492415E-004
         600   3.2789238180146212        7.0000445224641678E-003   9.0357399206072407E-003
         601  -3.4584765194538694        1.2827788388066958E-002  -4.7504306162658343E-003
         602   1.7172794205667801        1.7381435993541632E-002  -6.3950042331946931E-004
         603 -0.30196056577088720        1.1188406006343733E-002  -1.1882350450003677E-004
         604   2.2329170937692022        8.6844275993071835E-003   2.0806790511029554E-003
         605  -1.3804162159613378        1.2220057661942287E-002   1.8120959995591109E-003
         606   2.8709633228202240        1.3227619960066338E-002   6.2463050317632073E-003
         607 -0.78344925716077396        1.5544533058315291E-002  -8.4441356772872768E-003
         608  0.91973282898595154        2.1009420273157380E-002   1.1155655400447353E-002
         609   2.0734317516625786        1.7136709621476513E-002   2.2552794622070706E-003
         610  -2.4210827331621396        2.2054174001111444E-002  -8.0264225134968458E-003
         611  0.73154449442928282        2.1073725439762644E-002  -3.6216524237546268E-003
         612  -2.6915621170210895        1.6491044767609313E-002  -2.3572540323972490E-003
         613   1.7140060648837845        1.7394006911929674E-002  -1.1141278951269304E-004
         614  -1.0549806927468321        2.2400510098266609E-002  -8.2990441231200179E-003
         615  0.85776302451126663        1.4705969338522421E-002   5.4926258598241070E-003
         616  0.80533716143413736        1.5185957824330711E-002  -6.7575988088531755E-003
         617  -1.4370649915510316        1.3186395769451300E-002  -5.4105310110694601E-003
         618   2.7956970784953588        1.4897384234230695E-002  -8.3412356065812338E-003
         619  -4.2992074014885624        1.7061842260546169E-002  -4.0370145126180463E-003
         620 -0.81136679581515481        1.7822774993246450E-002  -6.6815563978086696E-003
         621   2.6752172509238408        1.5324994807067074E-002   4.9278027646351055E-003
         622 -0.60004612182080130        2.1587824230486788E-002  -1.3006943111830084E-003
         623  -3.4586016143986549        1.2833857676814695E-002  -4.7766690501019719E-003
         624  -4.1025914037420081        1.1259313391996522E-002  -9.9499793911515602E-003
         625   2.5853994996892946        1.8564307451381802E-002  -9.6592135790234072E-003
         626   3.5370137926172296        1.3743169619463631E-002   9.8728547451547004E-003
         627  -1.7369792115090421        2.1578914336841483E-002   3.5464426170907608E-003
         628  -2.7087516092337838        1.6450238765294747E-002   2.8005706316599939E-003
         629  -4.2139650920523879        1.7034791278659193E-002   2.4815084223201367E-003
         630  -1.6415818144888847        2.2216141743391694E-002  -9.8630053604249496E-004
         631  -3.2068850563741824        6.3398485868669313E-003  -3.1365568832657730E-005
         632 -0.39048270309427507        1.5591310532021114E-002  -5.4790060657398647E-003
         633   2.0783941006832896        1.7241628003565108E-002   1.8761764687364962E-003
         634   1.4183975206020811        2.0677487931002637E-002  -1.0822227673486583E-002
         635 -0.71922320578664634        1.3325790938214998E-002   4.0227256595946892E-003
         636  -3.8450610680398589        1.8565786919692486E-002   2.0094260043124089E-003
         637   1.3337062648675009        2.5558997563170052E-002   2.5398553170443488E-003
         638   1.6718236285423607        1.5913469860094037E-002   6.7303969161874285E-003
         639  -2.2795156805668895        1.1108976840193192E-002  -4.6722763920478199E-003
         640  -1.6760460888826556        2.2477832820409511E-002  -3.0607922268318109E-004
         641   2.8300928664691396        1.2599408451417866E-002  -3.5585064038185883E-003
         642 -0.98261208034275493        1.3547251751189314E-002  -9.0985305482763588E-003
         643 -0.52044895994649631        1.7548163574751741E-002  -4.0727591937449962E-003
         644   3.6345560874639120        1.3245247600215608E-002  -1.0509020735669190E-002
         645   2.5497852828425680        2.1480533825341538E-002  -5.2820789351419213E-003
         646   2.5301799134800276        2.2111954708837547E-002  -9.8607929337770879E-004
         647  -2.8476788870092724        1.2408335390150512E-002  -1.0076921733752296E-002
         648  -4.2971864196612530E-002   1.3602804260735237E-002   3.4932383549527374E-003
         649  -1.5586922784176458        2.1020839605173321E-002  -2.8509951809544730E-003
         650 -0.92215155032303886        1.3272756115398781E-002   7.4545735662513322E-003
         651  -2.9635026339118875        1.2203198922803523E-002   1.3845672451442984E-002
         652  0.98868655642615932        2.4520443137090234E-002  -3.3425099318545866E-003
         653   1.9271595864795990        1.8990553729243256E-002  -6.3189665562174879E-004
         654  -1.1777887062418972        1.4619611721251667E-002   9.3548727272580838E-003
         655   3.1332532358561451        8.6622581788152637E-003   4.2899319131658037E-003
         656   2.1363520788190002        1.5714503526165088E-002  -7.8523653964533216E-003
         657   1.5138239415815931        1.0844819583545223E-002  -7.0909980109111898E-003
         658   2.3265201123489039        1.7616649211053739E-002   7.9109064848659760E-003
         659 -0.58001395466750960        2.0953661944694672E-002  -4.6624626819447013E-003
         660  -1.3195508221440451        1.3805458228805250E-002   1.3292995337342746E-003
         661   2.6576099242906022        1.4680094701503093E-002   2.0097727882252337E-003
         662  0.35637505279237097        1.0034367125644558E-002   4.9051205152145722E-003
         663   1.6215573010500826        1.1648214348853443E-002   8.2180956526039309E-003
         664  -3.6438819982135571        1.4681720346599475E-002  -2.1184450718872410E-003
         665  -2.7234831379870372        1.5729307684820708E-002   6.6477298669720703E-003
         666   3.5212939726716135        1.2159381237051304E-002   9.5430291486808538E-003
         667  -1.1337988565417743        1.9831421982671103E-002   1.2000228670844411E-002
         668 -0.91061904875094035        1.4250667942235843E-002   9.0364315535838395E-003
         669  0.86398646582397676        1.5098565969250072E-002   6.8742771335830810E-003
         670   6.3484915143496981E-002   1.2970144487787535E-002  -3.4141016423792584E-003
         671  0.40297914468505075        1.4816194635233818E-002   1.3120843199040744E-002
         672   3.4920857095903424        1.0039576580991990E-002   3.7716422637578957E-003
         673   2.4177291945139672        1.8435324169130501E-002  -6.4416698491453041E-004
         674   1.2826476531236080        2.1125680062926606E-002   1.3748947691826238E-002
         675  0.54026862766002659        1.5493711519290522E-002  -1.0484187015956367E-002
         676  -2.0806292694796999        1.8601616523146302E-002   9.6436627065675691E-003
         677  -2.1450307682133212        1.1383286034682989E-002   9.5388395440158362E-003
         678 -0.61665757959954792        2.1508124520007482E-002   2.3076189184693119E-003
         679  -3.4554769982985722        1.2692475897208079E-002  -4.1007717516336898E-003
         680 -0.10247894867572166        1.2366013275743182E-002  -7.0127122922093222E-004
         681  -3.0365921751216089        5.5354530446661719E-003  -2.0440500769337247E-004
         682  -2.8903713454499180        1.6378713066069313E-002  -5.5437018120877415E-003
         683 -0.85027616635320225        1.8839377544427934E-002   2.2092397729165125E-003
         684   4.2273109825895654        2.0572455605364658E-002   5.7625525432335786E-003
         685   1.4150518116828905        2.1043552707310963E-002  -1.0657867128087795E-002
         686  -1.5547812154452016        2.0901734959887605E-002  -3.1312580401642062E-003
         687  -1.4095802799102319        1.2171899309893883E-002  -1.7293806921294527E-003
         688   1.5812842174929631        9.2096638515522088E-003   3.0403965585651168E-003
         689   3.1835403302920433        8.6062899714567358E-003  -4.7078469714329678E-003
         690   2.2066127697321094        9.1469071997111132E-003  -5.3287142193312095E-003
         691  -1.0897094355216930        2.3477057625985166E-002   2.4838117211317340E-003
         692  -2.3944164345476917        1.9481524799409889E-002  -1.0281494813239221E-002
         693  -3.1462165642777928        8.8156472111440391E-003   3.8035795603835972E-003
         694   2.2836175169111557        1.2887409912130113E-002   1.1988405661473297E-002
         695   1.6783984049154077        1.6334915841236679E-002   5.8352742933694187E-003
         696   2.5863241343407459        1.8473269685900989E-002  -9.6715269449835321E-003
         697   1.7186516092647683        1.7370988260212130E-002  -8.5484092367763660E-004
         698  -4.4968018700125549        1.4988823475105039E-002  -2.8643150350901149E-003
         699 -0.47452498301511153        1.6819762329578845E-002   4.2980240716056949E-004
         700  -1.1622077410781686        1.6293789100984939E-002   1.1563003819451601E-002
         701   2.3213975723004840        1.7178236211663873E-002   8.8808766905431394E-003
         702  0.32647067245367695        9.8953693518789923E-003  -3.9182984341811179E-003
         703  -1.6716503345973708        2.2460519564386380E-002  -4.6349622175334798E-004
         704  -1.2415379014256835        1.2518722067058858E-002  -1.9450734239044802E-003
         705  0.88219222363242311        1.6692153943775781E-002   1.0074362853608135E-002
         706  0.13050916887823560        1.3383320782035305E-002   5.6485810428382709E-003
         707   2.5849805753948361        1.8605486802623267E-002  -9.6517134690740480E-003
         708 -0.68132262019472556        1.6316979420218963E-002   1.0259954020043573E-002
         709   1.4042334731798531        2.2180587337438037E-002  -9.9266560029227478E-003
         710   1.7783283901332543        1.5256944311789557E-002  -3.6331641852172564E-003
         711  -2.0050972975385530        2.1182027029116840E-002  -2.9932305911069203E-003
         712  -1.6521038983624130        2.2317964199515351E-002  -9.0007895060922687E-004
         713 -0.59655570867040653        2.1529242019351590E-002  -1.9889936993126847E-003
         714  0.45290672126737930        2.0225910510233498E-002   5.5478779037098818E-003
         715  -2.6257602243442144        1.0909028563133649E-002  -8.7615983669792948E-003
         716  0.17253322123293699        1.6488361740388570E-002   7.3999857424979342E-003
         717 -0.53591374831906902        1.8314139446645498E-002  -5.5592607406735502E-003
         718 -0.94011942680282157        1.2259539526689475E-002   3.3294755352613727E-003
         719  -4.4538887497686623        1.5021294592090020E-002   3.1952934308763299E-003
         720   2.6738384476915305        1.5256957205965730E-002   4.7583097711781375E-003
         721   1.0279947518960619        2.1270941349260913E-002  -1.2250449769609857E-002
         722   2.4470292008103094        1.8803906147740149E-002   3.2275057625651758E-003
         723  -1.6534881630923048        2.2330530655348756E-002  -8.8209790211539777E-004
         724 -0.69847208410637018        1.4664599970639779E-002   8.3564185489385084E-003
         725  -2.7925842440910298        9.9857037281280616E-003   3.3519695310806224E-003
         726   1.2858673108283241        2.1568119064910029E-002   1.3226717427943359E-002
         727   3.0278096907234375        9.5646221350210500E-003  -1.2266642234168644E-002
         728   1.2310269002733949        1.2826745243162137E-002   1.5654386169195508E-002
         729  0.30796088880192707        1.1068527572025463E-002  -8.2592583391529473E-003
         730  0.90096693648209669        1.8799012006907881E-002   1.1631344640717200E-002
         731 -0.43235174045205466        1.6951607481826364E-002  -8.5120143074074743E-004
         732   2.4586325974217393        1.9269188329136405E-002   4.5840682498950050E-003
         733  -1.0504729115145988        2.1992569216783577E-002  -9.4520387242690209E-003
         734  0.66766888097995059        1.8420545138846584E-002   1.0285793634098697E-002
         735  -1.1258018488868577        2.0776360752939326E-002   1.1126553094680101E-002
         736   2.1044541111374775        1.7303825466289360E-002  -1.8276017025005750E-003
         737 -0.51715549886050038        1.7417782784883908E-002  -3.6983478555237350E-003
         738  -2.1013351463175285        1.6346750814231394E-002   1.1469046625461814E-002
         739 -0.68310756913649906        1.6131427122810675E-002   1.0148387737526019E-002
         740 -0.84109399683004638        1.8935603532497940E-002  -1.5611125621389766E-004
         741  -2.1204285212366694        1.4078693202153306E-002   1.1592267164528765E-002
         742  -1.6677285068685743        2.2439520690361352E-002  -5.8484435014147175E-004
         743  -3.1024093173302236        8.7330886291220409E-003  -4.2931931661497232E-003
         744   2.3782956354591693        1.9096182427885539E-002  -1.3155964855904715E-003
         745   2.5482453309537156        2.1560902763408576E-002  -4.9640907899847339E-003
         746   2.6914846986377201        1.6254346926444736E-002   5.9923026074683297E-003
         747 -0.52158597070970791        1.7596063910125501E-002  -4.1988609641662421E-003
         748   1.2787396910870157        2.0566639549603409E-002   1.4328902166059421E-002
         749  -2.5610254824324561        1.1298728562531951E-002   1.1031404003826876E-002
         750  -1.6728846389856669        2.2466085203419413E-002  -4.2158772168018421E-004
         751  -3.9179938635641891        1.9174212296090336E-002   2.8746275037766630E-004
         752  -2.7779894315520308        1.0771801266426607E-002   7.0491741205365756E-003
         753  -3.7079706125131651        1.9545533963753210E-002  -9.1432127286482558E-003
         754  -2.2924528232592842        1.1729735726190349E-002  -4.7654270440756286E-003
         755  0.94198260760289154        2.3239816029515210E-002   8.1230934591040218E-003
         756   1.3676953613590066        2.5076614324357042E-002  -4.9926624363936358E-003
         757  -1.5823309180421803        2.1539545686731248E-002  -1.5876719144590334E-003
         758   2.4448999557748206        1.8736966862910091E-002   2.9446174295040565E-003
         759   2.2060893014092819        9.1756693128015043E-003  -5.4576663517023200E-003
         760  -5.1952538540148883        1.2245602463509140E-002  -1.4656013984405254E-002
         761   1.0889811667659282        1.2089396498258624E-002  -1.4555995448765194E-002
         762  -1.7241307854705632        2.1982858438287019E-002   2.6191854058747700E-003
         763 -0.87897221481407795        1.7234182269687051E-002   8.2197599178128588E-003
         764  -2.7513404723440789        1.3218758873475249E-002   1.0007804056806019E-002
         765  -1.4531302940432667        1.4209929734627142E-002  -6.9945476419375407E-003
         766  -1.5925382289629948        2.1687633108687720E-002  -1.2841973357988349E-003
         767   3.1303113188114984        8.5286465352668924E-003   4.6195213482040478E-003
         768  0.71609906774285748        2.1345141162601888E-002   2.3952297534857278E-004
         769   1.9717102777345534        1.7594184153390906E-002  -4.3796441012245602E-003
         770  -2.6430742274613048        1.2648902010307460E-002  -1.0523149778336250E-002
         771   1.0087284621307988        2.3313437737912834E-002  -8.3667987130985524E-003
         772  0.94909418000204959        2.3777509470346847E-002   6.6914255400639449E-003
         773 -0.11261843849242967        1.2494214344373681E-002  -1.7607904385432214E-003
         774   2.4092314936170562        1.8527204212782887E-002  -1.4327307656470524E-003
         775  -2.0941132299807359        1.7175176233543473E-002   1.1018758366989520E-002
         776  0.95471463830726300        2.4125180868397544E-002   5.4378491754221948E-003
         777  -2.3534544655066716        1.5481084511352756E-002  -8.1868194446472562E-003
         778  -1.4747237440126146        1.5883486548856841E-002  -7.9887257038739647E-003
         779  -3.2880329255519198        1.4050553290246605E-002  -1.3197488271918613E-002
         780  -2.0925962256448805        1.7344517375461471E-002   1.0897542512313273E-002
         781   2.3299537984642726        1.7881388185265204E-002   7.2227700469698411E-003
         782 -0.75977464867534084        1.3763579072092696E-002  -5.7315678344426312E-003
         783  -1.0153125893361421        1.7562597626299546E-002  -1.3735897119059958E-002
         784   3.1899278397036785        8.2725598618364864E-003  -5.5127429955550830E-003
         785   1.2867405637517146        2.1685124892377314E-002   1.3078464027018044E-002
         786  -2.7125440792521069        1.6321107710504455E-002   3.8774676920190609E-003
         787  -2.9918307921858847        8.3306888551009529E-003   1.1835190978718726E-002
         788  -3.5277537342992562        1.7742361527111422E-002  -3.9298502682129522E-003
         789  0.31320779690681649        1.0654789612188503E-002  -7.1982317609397307E-003
         790  -2.4871073475866696        2.1910447122441775E-002   9.9138558527967994E-003
         791  -1.5948520245065305        2.1717296416273131E-002  -1.2341198686724899E-003
         792  -2.3667594084655410        1.6666866497946107E-002  -9.2837428616793973E-003
         793  -2.4840683873177847        2.2204158878188655E-002   9.0572747614079130E-003
         794  0.80176050021855760        1.5442904037247570E-002  -7.3381645828656458E-003
         795  -1.0172342326702788        1.7831672791455092E-002  -1.3753215604576416E-002
         796   1.1258695296141206        7.6280770049415485E-003  -8.3909818253104992E-003
         797  -2.3123511702871267        1.2736465628666437E-002  -5.2655050507469416E-003
         798  -2.0578077405766462        2.0455540668920469E-002   6.1080019201887673E-003
         799   2.0876150097504600        1.7373346945866348E-002   8.6465387436845899E-004
         800  -3.2214401498266723        6.6327724702981939E-003  -3.9948256307852214E-003
         801   3.6134045893862052        1.5304262849071756E-002  -7.9899293780379722E-003
         802 -0.28972127139347342        1.1291161887781521E-002   1.7336552103271639E-003
         803  -2.4446001253746847        2.3417198169422601E-002  -2.9039373326367000E-003
         804   2.9630136875235342        1.7369228928478305E-002  -6.0325300691505719E-003
         805 -0.28025672228683646        1.1519641382858561E-002   2.9686736766900835E-003
         806  -2.2074389020776826        8.5116424580883934E-003  -6.2291610951516175E-004
         807 -0.53775018687189524        1.8419402044221066E-002  -5.6925051958682023E-003
         808  -1.5847251681899996        2.1577227547680870E-002  -1.5038211226660356E-003
         809  -1.4754716445696654        1.5944379960900510E-002  -7.9978163216528047E-003
         810  -2.7121620073417594        1.6335990001950604E-002   3.7711224795140648E-003
         811  0.40950380206254755        1.5689257825340499E-002   1.3097803376283107E-002
         812 -0.68935210184711770        1.5502192454946023E-002   9.5951821023718027E-003
         813  -2.0358316562875918        2.1371566619186860E-002   2.0494071684222393E-003
         814  -1.1541913537372774        1.7267172835412785E-002   1.2215956587944899E-002
         815   3.5590576679071990        1.5685217557128636E-002   6.7910370996687071E-003
         816  -2.6327457477301976        1.1571640661873203E-002  -9.7935281545315552E-003
         817  -2.1599625005086427        1.0092115889203411E-002   7.3507483280134036E-003
         818  -1.2044771063198889        1.2779710405635022E-002   4.0363980816282303E-003
         819   2.0067605572645779        1.6331248309895671E-002  -2.0193876490082379E-003
         820 -0.28696873106894027        1.1345158582971832E-002   2.1155233530502689E-003
         821   1.1487577510213491        6.3227445903792073E-003  -2.6440807308779910E-003
         822  -5.6045655958000031        1.9493915948037739E-002   8.8429287411565111E-003
         823  -1.5892609868589094        2.1643427168006595E-002  -1.3665428742119349E-003
         824  -2.0390828390792257        2.1293714186721820E-002   2.6531810334886980E-003
         825   1.8812399562847844        1.7756068831332038E-002   5.3029411081117941E-003
         826  -1.6065863382451164        2.1853613499103194E-002  -1.0700136941745779E-003
         827  0.41806580927551334        1.6812719018378830E-002   1.2572649363378810E-002
         828  0.51349828983330181        1.8382470630278938E-002  -9.8235743550476491E-003
         829 -0.37301133253565222        1.4502823604201054E-002  -6.5874074518704074E-003
         830  -1.6754490280997347        2.2475902091566170E-002  -3.2879403531478867E-004
         831 -0.44284722809163191        1.6992997602121342E-002   2.7642172859528263E-005
         832   2.9266279176903152        1.7522823867426374E-002   4.7988870063140499E-003
         833  -2.0519424600747165        2.0788959562127635E-002   5.0477565755464165E-003
         834   1.1249911228190155        7.7040263149121858E-003  -8.5891970010580996E-003
         835  -4.8258717321072995        1.6258964269311699E-002  -1.0987393490258849E-002
         836  0.66262349813159704        1.7880513127857468E-002   1.0703104348233817E-002
         837   2.4830914313319301        2.0604601014125930E-002   5.6389058769542822E-003
         838   2.4491845407801014        1.8877830462048540E-002   3.5055588168902505E-003
         839  0.71518235692387344        2.1341790882693550E-002   4.7805781435380059E-004
         840 -0.87324929164642984        1.7688047350434312E-002   7.3198259144884080E-003
         841 -0.53460918256041112        1.8240932702120259E-002  -5.4578970100035437E-003
         842  -1.8443305519922728        1.6201913061368794E-002   3.2585296689539227E-003
         843  -5.1975560749805334        1.2591693635249888E-002  -1.4858913729532719E-002
         844  -3.5309138088769139        1.7858071468735935E-002  -3.2558767305875154E-003
         845  -1.3413982142849254        1.3319097075023661E-002   2.8483218394155805E-003
         846  0.82557271185116432        1.4207168437918692E-002  -2.5037863051939032E-003
         847  -2.8608029554511210        1.3795714978486156E-002  -1.0412867985528500E-002
         848  -1.5620578885440282        2.1114651258853864E-002  -2.6244961000734110E-003
         849   2.9117735317326008        1.6565223142727591E-002   7.5989533422133907E-003
         850  0.69382893399865309        2.0643347585707902E-002   5.8297117897378754E-003
         851 -0.51062761549868219        1.7197242812565839E-002  -2.9316789284697959E-003
         852   3.1190420724278063        7.9474212428447821E-003   5.3631991232033363E-003
         853   1.4441803175946804        1.7749204016759813E-002  -1.1246604515121890E-002
         854  -2.2389506826654157        9.2874136580524316E-003  -3.7722493086721591E-003
         855  0.63102097116532641        1.4462730058600555E-002   9.4055785210453244E-003
         856  -1.7026144817719069        2.2387002437427608E-002   1.0979919895145293E-003
         857  -1.4604041949060431        1.4747318043202453E-002  -7.4859879841551241E-003
         858   2.5783203430355446        1.9252496311943174E-002  -9.3731055061874197E-003
         859  -5.2625796204286033        2.2143510138693045E-002  -1.0904034730055896E-002
         860   2.7577062454778920        1.7645850227897976E-002  -4.3989380272262341E-003
         861 -0.19982867537492383        1.4568444213899323E-002   8.4074418260621112E-004
         862   3.0052679916266234        1.2647597249804096E-002  -1.3886617593971692E-002
         863  0.79188204845389354        1.6248913640781144E-002  -8.5933162120627807E-003
         864  -1.9091041599445917        1.6191863209171400E-002  -3.3508373830071596E-003
         865  -1.9746153550809227        1.9753713265807001E-002  -5.7574003440778133E-003
         866  -1.5960580361026011        2.1732310162542720E-002  -1.2105466047721246E-003
         867  -3.5700063758124800        1.7481380262439304E-002   4.5915888665628195E-003
         868  -2.0298650355071430        2.1462864501548780E-002   9.6002614575121405E-004
         869  -8.6533870528733556E-002   1.2395626427200188E-002   1.0567700549870981E-003
         870  -1.1942447193112553        1.3311232699349822E-002   6.1644038252535328E-003
         871  0.35575853028939175        1.0004126675778931E-002   4.7269968306404009E-003
         872  -1.9586326332570199        1.8777616748023772E-002  -6.1105508157353041E-003
         873  0.87767290240003992        1.6243133042458155E-002   9.4179669592591130E-003
         874  0.32284706533395396        1.0058020613899975E-002  -4.8870720591956823E-003
         875   1.8693414902219958        1.7075030637850784E-002   5.8332005248384680E-003
         876   4.7043011499219851        2.1481487530368642E-002  -1.7226037979967417E-003
         877   1.4063025732170451        2.1969618732495668E-002  -1.0090969204646714E-002
         878 -0.81610016856506951        1.8126162135563950E-002  -5.8829061280371193E-003
         879  -3.0437480373631933        5.6183229836868874E-003  -2.0325888688653821E-003
         880  0.47618126721176718        2.0724199488131288E-002  -1.3964762394950210E-003
         881  -4.0025962001316087        1.2519868868144815E-002   1.1829420171942238E-002
         882   2.0602804504829013        1.6797311615067107E-002   2.6684358864755265E-003
         883  -1.1858582899345516        1.3910913547297647E-002   7.8596135206505970E-003
         884  -1.5508967057089307        2.0772063337996780E-002  -3.4259864697201506E-003
         885  0.27036626910113581        1.4986887700195113E-002  -1.0571336180552171E-002
         886   1.4315111313682631        1.9201566544770839E-002  -1.1211414501212075E-002
         887   1.2964515979106443        2.2891232840490376E-002   1.1257984233748984E-002
         888   2.1514852614629105        1.4335859251147141E-002  -9.8614364153260803E-003
         889  0.57759685197339772        1.2585017534516612E-002  -3.6085421832209160E-003
         890  -2.8378559335882581        1.1456207387679881E-002  -8.8205775165636491E-003
         891  0.10062941024486995        1.2363525638183917E-002   9.1139279282085250E-004
         892   1.2003355042349968        8.5890600969130912E-003   1.0812494446933768E-002
         893  -1.9779338909112252        1.9945582344828922E-002  -5.5895944859353447E-003
         894  0.25526692755125097        1.6495329557808035E-002  -8.8165704050598218E-003
         895   1.0164004649164400        2.2592595601012493E-002  -1.0054401381743985E-002
         896   1.6837494785195757        1.6631205218199541E-002   5.0253184078332047E-003
         897   2.5202864037291737        2.2103381940434135E-002   1.1247649358635575E-003
         898 -0.93796555641544999        1.2338973132698149E-002   3.9089441842196865E-003
         899  -2.1355195270292038        1.2361294755987478E-002   1.0600488990474981E-002
         900   1.3689090508060655        2.5013494753198248E-002  -5.2173805109851437E-003
         901  -1.0746458215001207        2.3487625579809168E-002  -2.3704894059423357E-003
         902  0.91026700572687402        1.9905814971712600E-002   1.1651427662442225E-002
         903  0.69563273608631360        2.0746655493484614E-002   5.4127642447030309E-003
         904   2.3914995364908553        1.8861957462588164E-002  -2.0043866754447205E-003
         905   2.9452814062309529        1.7957371200240942E-002  -4.5521198116322674E-004
         906  0.75354011660451004        1.9753286515885347E-002  -7.8129616543072475E-003
         907   2.5755618784489256        1.9513160539704394E-002  -9.1719643909694438E-003
         908 -0.25224430857195512        1.2708389071201996E-002   4.8619650285318039E-003
         909 -0.83698535153833620        1.8907019887445354E-002  -1.2068874832440193E-003
         910   1.6284940159116201        1.2244425639880535E-002   8.6266995108556788E-003
         911  -2.9423332552061430        1.4916895873486189E-002   1.0692380171365283E-002
         912 -0.91738935127583232        1.3653609159337055E-002   8.2228830180131832E-003
         913  -6.8250528596917132E-002   1.2757378832147791E-002   2.7188866684994613E-003
         914  -2.5656844680242443        1.0806429633789813E-002   9.6964000371063744E-003
         915  0.28615923173596081        1.3244287485582731E-002  -1.0802213747021172E-002
         916   1.8703991984739232        1.7137778653769351E-002   5.8112789940595721E-003
         917  -4.6097047086859577        1.6025279894998929E-002   6.5164573380568011E-003
         918  -1.6037002081467671        2.1821765829450685E-002  -1.0979106173314042E-003
         919  -1.4122006417066109        1.2222967565794121E-002  -2.0974932140452808E-003
         920   2.6228412914302659        1.5352206983413606E-002  -5.7896320333070319E-003
         921   1.4552089082415753        1.6495172694549785E-002  -1.1047157753800876E-002
         922  -2.0194065304103308        2.1467419391526018E-002  -8.4808159831020941E-004
         923   9.7653880692628342E-002   1.2343168709961265E-002   4.3371093762801876E-004
         924  0.17763438980165774        1.6862337971699420E-002   6.9705375731341709E-003
         925  0.23143021162051552        1.8075380413665711E-002  -3.8757388360578962E-003
         926 -0.13454932523296531        1.3086971886789034E-002  -3.3340075974201151E-003
         927   2.9035468191654648        1.5890089156368820E-002   8.4213658571348597E-003
         928   2.1066255618036767        1.7258951415798869E-002  -2.2316685054825638E-003
         929 -0.14560315192896539        1.3479273123411238E-002  -3.5624008573927812E-003
         930  0.66782321923354804        1.8436738008230528E-002   1.0270421212962644E-002
         931   2.2055847513086517        9.2040298077030163E-003  -5.5808045381550916E-003
         932 -0.44126063845297903        1.6992540083408007E-002  -8.5537825076001232E-005
         933   3.1936167974206282        8.0584934001528795E-003  -5.8669914745312149E-003
         934   7.0880657561055008E-002   1.2730067697993140E-002  -2.9226187561701795E-003
         935  -2.2163212455784054        8.6216059784772654E-003  -1.7754912136921921E-003
         936  -1.4816719588169933        1.6450445556173539E-002  -8.0091726403574166E-003
         937  -2.8201478921521494        1.0198272265233769E-002  -4.8137469690706109E-003
         938  -3.1224403574693822        9.2418618723468880E-003  -5.3547174549345661E-004
         939  -2.8748682528379108        1.5207611723960332E-002  -8.9974892364123871E-003
         940  -1.2788640610329505        1.3533803393496215E-002  -2.4166574004672115E-003
         941   1.3869105011851675        2.3781198646126846E-002  -8.0701770667649959E-003
         942  -1.6725010118441923        2.2464411684876003E-002  -4.3480677227513071E-004
         943  -3.5506255129245967        1.8071029703933580E-002   1.1231926620566695E-003
         944  -2.4268511430581121        2.2497316657636088E-002  -7.0273739984849509E-003
         945 -0.12072053163533950        1.2670415748123762E-002  -2.4864419585571215E-003
         946   2.6383244068361984        1.4703992092115153E-002  -2.3480274652082551E-003
         947  -1.2215446017604654        1.2371491941532182E-002   7.5873015019232493E-004
         948  0.82655108259895405        1.4183396662978744E-002  -2.2674321258757783E-003
         949  -1.7687111741318009        2.0117683099255265E-002   5.3165641833555002E-003
         950   1.5603279079599837        8.9373225754458274E-003  -4.9491237393816192E-004
         951  0.75633773012099825        1.9525361198781694E-002  -8.1767921213166794E-003
         952 -0.57886817974670479        2.0898409723977742E-002  -4.8047544981237962E-003
         953   2.0415537547030711        1.6341184285988252E-002   1.8670208395062573E-003
         954  -2.8169292291459134        1.0055115039465254E-002  -3.9131168225989832E-003
         955   1.5728791833963276        9.0095202209288308E-003   1.6292223096204719E-003
         956 -0.93314035450122634        1.2561622521042816E-002   5.1332418365646424E-003
         957  -7.3545223479755784E-002   1.2621478590837738E-002   2.3089963704230354E-003
         958  0.20398318412873098        1.8227368892821998E-002   2.6776902131487442E-003
         959  -1.4831920027414089        1.6574341146093720E-002  -7.9948989371722880E-003
         960  -1.3705009501226544        1.2443664616296899E-002   2.5653087917652645E-003
         961   1.0572402852861909        1.7057994843796907E-002  -1.5425666302699466E-002
         962  -2.3725659966668102        1.7228090106527361E-002  -9.6824399814705257E-003
         963   2.1640031334781904        1.3021706057572335E-002  -1.0590064917512364E-002
         964 -0.65198073342414109        1.9348743037544771E-002   9.1155200536372008E-003
         965   2.1419463967963588        1.5241929675007317E-002  -8.7138366986175431E-003
         966 -0.38889454941118912        1.5501542377735595E-002  -5.6186726896917359E-003
         967  0.73745370907339958        2.0815307943622977E-002  -4.9458184911589098E-003
         968  -5.5916589821984823E-002   1.3144334436466749E-002   3.3629397482174976E-003
         969   2.3982392682068285        1.8723773694878966E-002  -1.9798073082035257E-003
         970  -1.9118713083138106        1.6290011784261902E-002  -3.6120007718539017E-003
         971  0.14644907631645332        1.4449940580229933E-002   7.3239754391444863E-003
         972 -0.28093588724247615        1.1499382625960114E-002   2.8879646876556761E-003
         973  -1.0460377157836267        2.1541969371293868E-002  -1.0477650442864602E-002
         974 -0.67568363296953882        1.6913433657488975E-002   1.0473358029146148E-002
         975   2.3888914303592630        1.8914515699875675E-002  -1.9460976820284790E-003
         976  -2.6755095914426734        1.5734776326693720E-002  -6.7306111823268698E-003
         977  -1.8081327486507681        1.7866639926965477E-002   5.4439932184386841E-003
         978  -2.3641453100518892        1.6422308252188565E-002  -9.0839434662252309E-003
         979  -2.2615244531965302        1.0262122484489948E-002  -4.5396949560554843E-003
         980   2.5656082957133353        2.0391606162787582E-002  -8.0599134734306872E-003
         981  0.69261173834760137        2.0569359793089513E-002   6.1051318015523937E-003
         982  -2.7973407618842221        9.8566904898908080E-003   1.9638775984998635E-003
         983 -0.69424044317277467        1.5038837752748597E-002   8.9918382897217972E-003
         984 -0.12941812288244944        1.2918818667579096E-002  -3.0862476445147665E-003
         985   2.4170931228849355        1.8439720873922885E-002  -7.1237392788515378E-004
         986   1.8232840302319975        1.4851012509851512E-002   2.3547641756535872E-003
         987 -0.52782212034234399        1.7883878586666145E-002  -4.8508935636346175E-003
         988 -0.34900703164015789        1.2889240946290603E-002  -6.2184941014510695E-003
         989 -0.66143918743260821        1.8420170465165395E-002   1.0075298671602066E-002
         990  0.88113958572201212        1.6584891726844311E-002   9.9304996212945928E-003
         991   2.2724905445891777        1.1571715082512667E-002   1.1081327000520516E-002
         992  -3.1068955153346058        8.9125708918894996E-003  -3.5486405150599826E-003
         993  -1.5524954557505137        2.0826849187277757E-002  -3.3028332309071144E-003
         994  0.91966887098712236        2.1002184214587789E-002   1.1160685997866513E-002
         995  -1.8150867766360790        1.7489779118262071E-002   5.1829603275340332E-003
         996  0.31734460981895590        1.0370967506058310E-002  -6.2589173059403253E-003
         997  -2.0366000068784302        2.1354972045030778E-002   2.1916127659981945E-003
         998  -1.1995582326256808        1.3007496838978484E-002   5.0581210091299759E-003
         999  -2.7597720796470138        1.2367283103900409E-002   9.7151949709994353E-003
        1000   1.3566727130220162        2.5515949589115197E-002  -2.7852569464453907E-003
