           1   2.5884059881650230        5.8655940859542845E-003  -1.3317340178896459E-002
           2   2.4237863603188532        2.2967656776072369E-002  -6.2180020146212480E-003
           3 -0.68985947041334195        2.0196684264301597E-002  -6.9781371488914562E-003
           4  -2.2174168449536533        1.7651005470672658E-002  -1.8669336573896422E-003
           5 -0.79551417836961003        1.7761956557365208E-002   1.3287175156912222E-003
           6  -1.4672723730663297        1.9134686620607740E-002   3.0471263572486589E-003
           7   2.0836098272038859        1.8793372112370605E-002  -3.2791114612543172E-003
           8 -0.28361219725113634        2.0664203094280034E-002   1.4405361322511297E-002
           9  -2.5173028471941321        1.9436099668427183E-002  -1.5010064503535696E-002
          10  0.76164842995388693        2.1978386239616982E-002   4.8433116428718715E-003
          11   1.8503840824408997        1.3630331430587199E-002   2.3319362739998035E-003
          12  -1.5248992415035689        2.1012470417864856E-002  -8.7808602196270524E-003
          13  0.51189435181884280        1.8297832254173831E-002  -4.3773606787886245E-003
          14 -0.22430697241544373        2.4806571156129501E-002  -2.4994166724690218E-003
          15  -2.0788891353138337        1.7475510620339536E-002  -8.0173400024779410E-003
          16  0.54983782969479533        1.6330031808206687E-002  -4.9459353465808650E-003
          17   2.0670152650733358        1.9043014981592773E-002   2.6778539839423409E-004
          18  -1.8170419148576094        1.4761235206986748E-002  -5.1634245001745760E-003
          19   2.4900877228536964        1.8339390245395340E-002  -8.5137121358554897E-003
          20  -1.2651862438831147        1.6375485600569284E-002  -1.3788158676843293E-002
          21  0.82739747342030889        2.3405450212818285E-002  -2.0358902105162289E-003
          22   2.4854050143357145        1.8735917174073788E-002  -8.1182716587249980E-003
          23  0.82155626576558427        2.3499142041513908E-002  -1.1174050721539505E-003
          24 -0.50744751191950754        2.0476197261514388E-002   1.1504810529647450E-002
          25  -1.8320328279507405        1.5697632747330454E-002  -6.8718791884541620E-003
          26   1.4025883663398038        1.6706408732642480E-002  -1.7714737353263549E-003
          27  -1.9985883021670185        1.3158660921650564E-002   1.8881809560472146E-003
          28   1.6679154421427635        1.8971337234428089E-002   2.7397361187213912E-003
          29   1.2023781641569602        2.2695634591575739E-002   4.7718671598449211E-003
          30 -0.65130675864156240        1.5933202054072022E-002  -1.3060217270097733E-002
          31  0.27521234388811106        1.8628106689577210E-002  -7.9876312978004477E-003
          32   2.5511330254111910        1.1201286761966661E-002  -1.3996159421547315E-002
          33   2.3605467485693197        2.5969652039514818E-002  -1.1012943173206867E-003
          34   1.2174387252597214        2.3549424423336303E-002   6.1515909297915720E-003
          35   2.3245966330968506        2.4935746670700538E-002   7.1301811330455496E-003
          36   1.6325015858224579        1.7422012983030432E-002   4.9473042270253348E-003
          37  -2.2800965592577702        2.2053962317090513E-002  -9.0128360404363936E-003
          38  0.50820202518533986        1.8456440681036385E-002  -4.0488965745277029E-003
          39  0.45464757302221798        1.8709896104627290E-002   3.5604522128459808E-003
          40   2.0074174798462763        1.6606450841459602E-002   5.2094462952724328E-003
          41  0.88259173430057647        2.0085054459290399E-002  -8.5080165866212622E-003
          42   1.9127977048412660E-002   1.8017620169575692E-002  -7.6104129981261306E-004
          43  -2.2028234280781591        1.7585598103611332E-002   9.1339489572620728E-004
          44  0.25629037857291420        2.0017815249691831E-002  -6.2194189844321001E-003
          45  -2.5222907082459005        2.0193932814343611E-002  -1.4782518710360968E-002
          46  0.62882952572499162        1.5383841244131162E-002   2.9147171856338228E-003
          47   2.3596191918131790        2.5979233625466329E-002  -9.2710760554475034E-004
          48 -0.94439418235125649        2.0530190980484590E-002   8.4194160784264137E-003
          49  -2.3506003218890648        2.3484906745170571E-002   7.7583505286348961E-003
          50  -1.4776081472303855        1.8932062830558295E-002   7.8019605414564753E-004
          51  -2.2195625514991750        1.7696568898531446E-002  -2.3030629801675789E-003
          52 -0.29452653665378370        1.8999633004667855E-002   1.5362193031160714E-002
          53  0.34853897901892428        1.3910842151379157E-002  -1.4425485043241483E-003
          54 -0.41466459843259351        1.6862213970561975E-002  -1.4004104087926355E-002
          55   2.4792941263302168        1.9226558458930596E-002  -7.6577466492993374E-003
          56  -2.5753850947572161        2.5065167264562777E-002  -1.5787214271127117E-004
          57  -2.3577566958647806        2.2849618957514875E-002   9.6347552782699523E-003
          58  0.92853508490597680        1.6731911068056261E-002  -4.0025134190375591E-003
          59   1.2148492368544948        2.3389013241295428E-002   6.0056296507250495E-003
          60   1.7703078814026587        1.4796358674422061E-002  -6.1860436725107411E-003
          61   1.2825323783535207        2.5894752324561541E-002  -2.3950385575179723E-003
          62  0.15002633954523711        1.8779345263797317E-002   5.2205299497827904E-003
          63   1.2003384708076972        2.2599341768060745E-002   4.4951373041428461E-003
          64 -0.75056554408048248        1.9832124475339909E-002   5.7921244246657792E-003
          65 -0.14921132985788438        1.7748665837309857E-002  -9.9255312925660318E-003
          66   1.3509689761125907        2.0139130281670251E-002  -1.0285680555370059E-002
          67  -1.2591109952123172        1.5549642268790914E-002  -1.2864794466871351E-002
          68 -0.22835806661758790        2.4883073918050551E-002  -1.2011329633358934E-003
          69   2.1269105644391315        1.5497387270854059E-002  -1.0547752193477519E-002
          70  -1.4592777317927308        1.9450063231850476E-002   4.6746714226482385E-003
          71   1.2714011902509155        2.6016832177101101E-002   2.2359845093382783E-004
          72  0.89461528084213782        1.9041529444987243E-002  -8.4053378285153021E-003
          73   2.4324128401136282        2.2419245842758520E-002  -6.2602838687085584E-003
          74 -0.84272298219651154        1.9323902923964728E-002  -6.7717624734980218E-003
          75 -0.83717315233094414        1.8954441226369866E-002  -6.2684081938495064E-003
          76  0.24205096710919141        2.0778077064326033E-002  -4.1886949453472481E-003
          77  -1.6807584570548126        2.6643147424785251E-002   1.2467423224368675E-002
          78  -1.6895682476174774        2.5458263683536136E-002   1.3876403371979849E-002
          79  0.86188239427292312        2.1759319133157574E-002  -7.0612893298990596E-003
          80 -0.16154274131290186        1.9083443624932774E-002  -1.1191972081467029E-002
          81  -1.2023336304701977        1.2051544611962050E-002   1.4202577110135034E-003
          82 -0.43996083460151941        2.0297372481849596E-002  -1.1569330703870794E-002
          83  0.22479545693441966        2.1266958558157911E-002  -1.3422735082271144E-003
          84   1.5853279950843744        1.5910501267163174E-002   3.6544001288445552E-004
          85   1.0874312525511720        2.5910261605632843E-002  -1.9967951731378096E-003
          86  0.85233345203014677        2.2390192568104577E-002  -5.8690086360535017E-003
          87   2.2950260718763200        2.1757480843844983E-002   1.3565716013987861E-002
          88   1.9074792336695747        1.4697911206701799E-002   6.2912619661907913E-004
          89  -1.3380704688320613        2.5699026053964982E-002  -5.9707757121090239E-003
          90  -2.4906293123523753        1.5583823788305938E-002  -1.2274255545832863E-002
          91 -0.97624474003803963        1.7500534967974969E-002   9.1715734774786093E-003
          92  0.38349854920730497        1.4521860794995661E-002   4.5446697550589749E-003
          93  -1.1109050953267858        1.6420177605702604E-002   9.4268981784747824E-004
          94 -0.87956707893997965        2.1810036139645415E-002  -4.9955975387850895E-003
          95  0.23296051811371907        2.1098263307913461E-002  -2.7125125401566527E-003
          96  -2.4886567305822274        1.5341621249052830E-002  -1.1829638846810833E-002
          97  -2.0553728382062548        1.5461044914132954E-002  -8.2536969256023530E-003
          98 -0.48749333604832423        2.2194000068534999E-002   5.0049060974154125E-003
          99   2.3037336887770556        2.2891606476011260E-002   1.1952781472898152E-002
         100   2.2731513925899693        1.8430923082316902E-002   1.5803786676194666E-002
         101 -0.66961621123086867        1.8261679159401835E-002  -1.1441353425875045E-002
         102   1.1182876413113405        2.4487047597411635E-002  -6.1936790020632546E-003
         103 -0.63158496409966569        1.3413914082451328E-002  -1.1419214222319240E-002
         104   2.3600541723741659        2.5974945699784781E-002  -1.0091422272260633E-003
         105  0.41482688959226571        1.6430188494884881E-002   6.7201598527860855E-003
         106   1.7916567519856745        1.3702531289376653E-002  -3.7073075897906217E-003
         107   1.7674153563906061        1.4982264582853486E-002  -6.4280484652467071E-003
         108  0.63243377966935943        1.5496063100523472E-002   3.1952429419869724E-003
         109  -1.1192935860321662        1.6279159486743452E-002   2.3578033432383964E-003
         110  0.78750910335805246        2.3071260828689325E-002   3.2161891203987846E-003
         111 -0.52986595734883080        1.7359856256328913E-002   1.4969959963503027E-002
         112  0.71591148575422148        1.9538895882330976E-002   5.3343273076187324E-003
         113 -0.73438985373503762        2.0671595903790318E-002   4.0865973654824542E-003
         114  -1.9691976523047319        1.4575967849508110E-002   7.0207503207852205E-003
         115 -0.60758423462869715        1.1319307848573240E-002  -5.0427211585226603E-003
         116 -0.73733931525598262        2.0541950414425775E-002   4.5345642276024192E-003
         117  0.22726984810483006        2.1227886302593445E-002  -1.7583629691498429E-003
         118   2.2342051924762671        1.2635088383762419E-002   1.1662547883613700E-002
         119  -1.0632836029274237        1.5419782069221300E-002  -3.4992905647112634E-003
         120   1.7821633981931992        1.4121286167580622E-002  -4.9308155045762617E-003
         121   1.0710965940225110        2.5934395655871738E-002   1.8004894946137768E-003
         122   1.5500538519613283        1.6542409287883628E-002  -3.3750015678794083E-003
         123  -2.0290709531514852        1.3634941140886982E-002  -4.8004895507201056E-003
         124  -2.4460905296245112        1.3061857613756530E-002   2.2470859816238345E-003
         125  0.13111303210198683        1.7862287411559243E-002   4.1420965032748017E-003
         126  0.76825035604011482        2.2295030714731420E-002   4.5606722357502925E-003
         127   1.7204793297420260        1.8207428608467902E-002  -5.4649110979678086E-003
         128  -1.4448211751454370        2.0329222165788849E-002   7.1462331961453769E-003
         129   2.5530357823886569        1.0929234710664837E-002  -1.4073992710455082E-002
         130  -1.6917279936823959        2.5149832024970717E-002   1.4160648809201244E-002
         131  -1.0323733581919092        1.4700369218880040E-002  -2.9094133829803397E-004
         132   2.1679644554859379        1.1313635762285250E-002  -7.5000572340963439E-003
         133   1.3357061930060525        2.1790871429361203E-002  -1.0726304038247408E-002
         134  -2.3149287473653986        2.4373810475094872E-002  -2.8311619909329286E-003
         135  -2.2915756901654913        2.3047163643469138E-002  -7.8209649551041534E-003
         136  0.97989737875105143        1.7843698904313962E-002   8.1233945814367468E-003
         137   1.2235071164577538        2.3936423368688339E-002   6.3314662819511976E-003
         138 -0.54248038717632063        1.5439509295722216E-002   1.4640106863376454E-002
         139  -2.3463861446618126        2.3792449226928802E-002   6.5611437259603450E-003
         140  0.94043691542328123        1.6406277896031104E-002  -1.3021766290986750E-003
         141  0.11842641666754611        1.7399001355098184E-002   2.9866993528081228E-003
         142 -0.31979991800035323        1.5181710320392462E-002   1.3299962056083955E-002
         143  -1.0543553149081115        1.5117575490569033E-002  -3.0717008035378917E-003
         144  -2.2172598478291174        1.7648045088754210E-002  -1.8351393226614162E-003
         145   1.1869483675347554        2.2130123757545354E-002   2.2852074766782932E-003
         146 -0.99270404626210784        1.6110593590774949E-002   7.1858425716505815E-003
         147  -1.2647216485616912        1.6310359262665771E-002  -1.3725676480677426E-002
         148   2.2774632670957797        1.9121125212329171E-002   1.5603112292453255E-002
         149  -1.4315463289611421        2.1407450830750439E-002   8.6635390952130280E-003
         150   1.8092500758888301        1.3255256392129600E-002  -1.2894224414684266E-003
         151  0.28322878296722526        1.7960668730316511E-002  -8.3136329303028604E-003
         152  -1.3048071008760995        2.2264537358700074E-002  -1.3529002742635788E-002
         153  -1.8429854024877019        1.6490600685713178E-002  -7.2124152456255180E-003
         154 -0.22173753010991709        2.4730665832948254E-002  -3.2972626450237120E-003
         155  -9.9234046316775376E-002   1.5003702317863694E-002  -4.4155796975022655E-004
         156   1.6168388073750006        1.6682668097036901E-002   4.1510718980534468E-003
         157  -1.0760822335502076        1.5874369537091707E-002  -3.3205673070671187E-003
         158   1.1722738306463609        2.1999725380310160E-002  -5.7121505741598204E-004
         159 -0.86587802803118052        2.0982489613542266E-002  -6.6888015128550339E-003
         160  0.17996662154020976        2.0356486669938771E-002   4.6014414139490326E-003
         161  -1.4140613006246787        2.3028241272581410E-002   9.2477238705875511E-003
         162   2.4586631402920371        2.0712838255793561E-002  -6.6230797911688575E-003
         163  -2.1747704670864114        1.8381658250004162E-002   4.0142960257992973E-003
         164  -1.4782112874517701        1.8927686188501346E-002   6.4455396303614732E-004
         165   1.8221505205761150        1.3193846105010456E-002   3.0657355603016189E-004
         166   1.8931917692358184        1.4557128042236378E-002   1.3282353466329477E-003
         167 -0.37810991861956794        1.2701360290299510E-002  -6.4414357344137743E-003
         168  -1.9815841547499666        1.3791985505400679E-002   5.2791745264185643E-003
         169  0.58908186221559355        1.4999595116198361E-002  -1.2708395466303533E-003
         170   2.0596042193397337        1.8968719592236474E-002   1.6739988657991387E-003
         171  0.67561278660872270        1.7396777730187933E-002   5.0198797469661015E-003
         172  -8.4081384163521261E-002   1.5136206447542747E-002   2.0407758732596711E-003
         173   2.5368999252630542        1.3171849887509118E-002  -1.3102925520144479E-002
         174 -0.67168732933625430        1.8499420876500548E-002  -1.1091452010172935E-002
         175   1.2767510969981974        2.5995280850538122E-002  -1.0212912080111468E-003
         176 -0.22818578662309083        2.4880917002275457E-002  -1.2572142320692581E-003
         177  0.95510414085871009        1.6484711484047392E-002   2.3815796871481509E-003
         178  -1.1805561536638209        1.2859679326620767E-002   5.4542650789159899E-003
         179 -0.21993859591348602        2.4665237890122371E-002  -3.8419946840145972E-003
         180  0.97975279388716252        1.7831757900967436E-002   8.0955660216033894E-003
         181  -1.5334667643352868        2.1829278861665431E-002  -9.8914176132002922E-003
         182 -0.42137868737770234        1.7822667562600297E-002  -1.4003670615108389E-002
         183  -1.8699034926849054        1.8244400672698984E-002  -4.8875001264953684E-003
         184  0.84516849184928688        2.2781359886640231E-002  -4.8346728974316810E-003
         185   1.4303484091065313        1.6839229292993287E-002   2.2470823299256190E-003
         186   1.3804259210618406        1.7594328449188946E-002  -6.1042924376064778E-003
         187  -2.0849712214537970        1.7955414441126465E-002  -7.4438951413293404E-003
         188  0.75480665270083780        2.1632999667676338E-002   5.0560963861775027E-003
         189   1.5999045805846985        1.6112498829147580E-002   2.3312537291689272E-003
         190  -1.2186025822676092        1.2159318448589997E-002  -2.8308026718624800E-003
         191   5.6834195664909465E-002   1.7363402638445467E-002  -2.0075468616139068E-003
         192   2.4022417239684937        2.4295893894205459E-002  -5.7571057208404865E-003
         193  -1.6146139298483828        2.9658100498136115E-002  -4.1178092148782272E-003
         194  -1.3071178502903147        2.2578895085056259E-002  -1.3177637088402607E-002
         195   1.4378475494854315        1.7032827575254306E-002   2.7763016182031498E-003
         196  -1.5862867683248422E-002   1.7708689651536616E-002   2.5768307891922042E-003
         197  0.58939055105231941        1.4995657451118555E-002  -1.2345827397402451E-003
         198   1.2329332148534260        2.4539950847513675E-002   6.1452620792070266E-003
         199 -0.82696756330713372        1.8369625945114942E-002  -4.8939639757464822E-003
         200  0.73810541851502964        2.0746545296934513E-002   5.3135341243264328E-003
         201   1.0819760909211018        2.5988278958234263E-002  -7.9611582850193092E-004
         202  -1.3900984708914379        2.5095019232045674E-002   7.1222024380504364E-003
         203 -0.91384009799671784        2.2321842079648317E-002   2.5038352868292459E-003
         204  -1.5383610165260890        2.2335328687065378E-002  -1.0393795116839544E-002
         205   1.1818020228512258        2.2035744506515305E-002   1.3078480497472084E-003
         206   8.8592673246204692E-002   1.6962213633341605E-002  -7.9326675999025589E-005
         207   2.0515647879305727        1.8776005450720216E-002   2.9926356154868273E-003
         208  -1.0934709090170280        1.6341250736369255E-002  -1.7192608808405453E-003
         209  -1.3898955136000080        2.5109711631891948E-002   7.0900277123215599E-003
         210  -1.8648788447138067        1.7974914232927165E-002  -5.6236406208897589E-003
         211  -1.8024173584675962        1.4192453798709636E-002  -2.3025312732368568E-003
         212   2.4557043039328339        2.0911156433419325E-002  -6.5392044249365710E-003
         213   1.4276995880189152        1.6781917128723584E-002   1.9957308411495851E-003
         214   1.8962055539002984        1.4595495133793468E-002   1.1716925725213183E-003
         215  0.71444907348575304        1.9459467246174936E-002   5.3297440904854741E-003
         216  0.54213415400979803        1.6731024254804258E-002  -5.2424726173201279E-003
         217  -1.0780740127447273        1.5940664598243278E-002  -3.2111688572310990E-003
         218   2.3340312174761029        2.5508308503685226E-002   4.7879937995493269E-003
         219  -2.5472106911565144        2.3485552989263438E-002  -1.0260684382305449E-002
         220   2.4116522270728384        2.3728118323442529E-002  -6.0567011823656480E-003
         221 -0.82760191156824070        1.8401576592558554E-002  -4.9943693542541297E-003
         222 -0.90149948275796388        2.2450027504540809E-002  -4.6088166493474985E-004
         223   1.5109679015261499        1.7887409314441896E-002  -2.4010038444976945E-003
         224   1.1910740500173200        2.2241904950917178E-002   3.0275072033889333E-003
         225 -0.61500845081545152        1.1792826760085508E-002  -7.4306843318545333E-003
         226   1.2923485916009252        2.5539407667613853E-002  -4.6953677091136842E-003
         227  -1.4700010007882061        1.9058092933355079E-002   2.4623707801370597E-003
         228   1.5446122885286124        1.6736376730551564E-002  -3.6040408797257772E-003
         229   2.0050159150837374        1.6480330212301879E-002   5.0983284191238841E-003
         230  -1.3484285293289067        2.6172204678728880E-002  -2.9864136283133573E-003
         231 -0.34904352477613276        1.2396441519730494E-002   4.5315156158441281E-003
         232 -0.39495270113981212        1.4254258631109403E-002  -1.1338023776804219E-002
         233   1.9393065419372675        1.4784091297095805E-002   2.8826423629345528E-004
         234   1.7860081604897220        1.3937451205185743E-002  -4.4522049342342572E-003
         235 -0.48484169375859065        2.2315597642368609E-002   3.9955216177205823E-003
         236   1.8324785781322144        1.3281921888590717E-002   1.3209200260427413E-003
         237   1.4379624243057674        1.7036082438611096E-002   2.7822731689187601E-003
         238  -1.5354113648047409        2.2027308375485936E-002  -1.0102999588277865E-002
         239 -0.34566244130164542        1.2574075793212618E-002   5.7781318324317031E-003
         240   1.0430214034493304        2.4461293035039969E-002   8.2337999978197140E-003
         241 -0.57737482821299624        1.1472840037955947E-002   6.1220448073118147E-003
         242 -0.69528993885281620        2.0542251213877101E-002  -5.5062624225587732E-003
         243  0.84316891547586015        2.2876743461455011E-002  -4.5310788316469865E-003
         244   1.9371760675204317        1.4778450438130312E-002   2.3360160192965320E-004
         245  -1.9956069779248584        1.3225939718972042E-002   2.5399276584780581E-003
         246  0.18540819319985702        2.0599593896789756E-002   4.1541815258146816E-003
         247 -0.43539472037343541        1.9737300471004096E-002  -1.2483120502735017E-002
         248  -1.3528933580109368        2.6278615204248710E-002  -1.6949911662115535E-003
         249 -0.64341789192569021        1.4888746767839968E-002  -1.2838839036130568E-002
         250  -1.8889220234823827        1.8857634068545404E-002  -1.2678312935707862E-003
         251  -2.0746439900137648        1.7122344058633308E-002  -8.3005781203098171E-003
         252   1.7253193245232330        1.7924501147589669E-002  -5.9991441348726743E-003
         253   1.9132024285138811        1.4727932127608340E-002   4.0923399247154739E-004
         254  0.27214630307852800        1.8874605280970087E-002  -7.7915444132415426E-003
         255   1.6788534287852936        1.9189363592625606E-002   1.1248445516043653E-003
         256  -1.4018781996274170        2.4144362404397910E-002   8.5912432454322424E-003
         257  0.93687856629513633        1.6468936458220115E-002  -2.1503254982224405E-003
         258 -0.24811984355084721        2.4459717471017866E-002   5.4248611248203784E-003
         259 -0.27971624402097900        2.1224535179021613E-002   1.3813341549470207E-002
         260   1.4610579840662052        1.7729304775813623E-002   2.6971610112137079E-003
         261  -1.5724168120869000        2.6180286170489925E-002  -1.0859624682433990E-002
         262  0.91977272624948980        1.7166166937767388E-002  -5.6757648561926400E-003
         263 -0.65020233009277706        1.5786247642232763E-002  -1.3064194063760937E-002
         264 -0.50980412075213410        2.0192876434024239E-002   1.2091707659190544E-002
         265   2.4697433296511377        1.9941870855703370E-002  -7.0773828716646269E-003
         266   2.4389861496928056        2.1999075199908173E-002  -6.2929482054671776E-003
         267  -2.0950102128338508        1.8652554096231472E-002  -6.1202033115567078E-003
         268   1.6881668832152072        1.9223368476872046E-002  -4.2495704429444691E-004
         269 -0.69162077209276640        2.0317669764594311E-002  -6.5079228546671142E-003
         270  -1.0075488316071957        1.5219676560941302E-002   4.5036683626277652E-003
         271  0.91757549741031008        1.7297348525653265E-002  -6.0431774187466245E-003
         272  0.29300760275868948        1.7128335697995784E-002  -8.3273174084479568E-003
         273 -0.89579931714338423        2.2384589909055543E-002  -1.7827501398514928E-003
         274  -1.7778373904347777        1.4392965605329607E-002   4.1033163581329097E-003
         275   1.4784369855860395        1.8091286236544483E-002   1.2431611831951277E-003
         276 -0.90875508224230828        2.2419929420411572E-002   1.2810576179496272E-003
         277  -1.4414373659796396        2.0583663549751000E-002   7.6104262205383784E-003
         278  -1.6293362565021579        3.0001042982144080E-002  -3.8236402534979263E-004
         279  -1.5246693748976292        2.0991943003035751E-002  -8.7472469750150810E-003
         280   1.5602387971818841        1.6227055678687454E-002  -2.6416694051952872E-003
         281 -0.44037649751410834        2.0346165095132290E-002  -1.1476703685819859E-002
         282   2.5406214455592480        1.2669730567728996E-002  -1.3384468885073466E-002
         283  -1.4601718353045816        1.9408290026796639E-002   4.5001724884021913E-003
         284   2.1189026472292642        1.6330112897170890E-002  -9.8054554794312649E-003
         285   1.9280399224799178        1.4762974218919778E-002   1.3558558426570604E-004
         286   2.2787399875476475        1.9323500334737547E-002   1.5519400111441864E-002
         287   2.0657014660929249        1.9037683403794404E-002   5.2831707297600354E-004
         288   2.5971698455341548        4.7124927383882078E-003  -1.2478114129329381E-002
         289  0.58088727932153250        1.5145503193442142E-002  -2.2194383203572817E-003
         290   2.4047378849078278        2.4148204800040884E-002  -5.8562069493028031E-003
         291  -1.5491209912079551        2.3519614616120888E-002  -1.1130551644214122E-002
         292  -1.2745891924868220        1.7746542706101945E-002  -1.4741203234383380E-002
         293  -1.1987181849586974        1.2119329245993323E-002   2.2520494612254991E-003
         294   9.9590565385939731E-002   1.7013597310165170E-002   1.0167292033405270E-003
         295   2.5169514403952453        1.5650691205971103E-002  -1.1213303364225723E-002
         296  0.94392283862129855        1.6375165450671050E-002  -4.4677961907881123E-004
         297  -1.5700723851302663        2.5919175564006677E-002  -1.1005397028900158E-002
         298   2.5368826118139305        1.3174149017080927E-002  -1.3101553617041906E-002
         299  -2.5395454006347693        2.2605356823308560E-002  -1.2211184128976680E-002
         300  -4.1970973902892311E-002   1.6756819560550203E-002   4.3049620570060846E-003
         301  0.58932748263881318        1.4996451026326954E-002  -1.2419764147228792E-003
         302  0.16843732055975175        1.9775702931114809E-002   5.2117310148274993E-003
         303  -1.9100924890148445        1.8638007599337678E-002   3.2650964446460694E-003
         304   1.0422163726734668        2.4393142876495709E-002   8.3844643252053846E-003
         305   1.6936881239254291        1.9172842245835226E-002  -1.3727486016197983E-003
         306  0.84448790510237803        2.2814514858546318E-002  -4.7319521376991787E-003
         307  -1.7091061847472870        2.2501392539231540E-002   1.5460047519038289E-002
         308   1.3459800920367093        2.0670032532137776E-002  -1.0585325116140536E-002
         309   1.1132718893880105        2.4796302823947007E-002  -5.8856046941022071E-003
         310 -0.74546267173164849        2.0125323843652614E-002   5.4575397571824009E-003
         311  0.27080397025691355        1.8980470392390598E-002  -7.6938228039058571E-003
         312  -1.6253427669976426        2.9963959197637977E-002  -1.4369481969803604E-003
         313  -2.4845897131085835        1.4871989151660683E-002  -1.0823913112382113E-002
         314  -1.9787017851893718        1.3954000482745249E-002   5.7511751429976700E-003
         315  -1.3388129462307952        2.5743385290391118E-002  -5.7602404637491205E-003
         316  -7.6521107434045110E-002   1.5331051496678903E-002   2.9827172428415847E-003
         317  -1.1378196523036979        1.5558877980902341E-002   5.1378348319447587E-003
         318   2.3559164594637885        2.6000694081020702E-002  -2.0356315969680290E-004
         319 -0.43375508164801713        1.9526422832449056E-002  -1.2763348512828740E-002
         320  -1.5851988399407155        2.7520941497251053E-002  -9.6073240803918828E-003
         321  0.67462376623718956        1.7346288205068491E-002   5.0031097908834234E-003
         322  -1.8793204938697470        1.8636196203843169E-002  -3.2273796795596527E-003
         323   2.5197763039426624        1.5323812004657012E-002  -1.1506238718171774E-002
         324   1.0654338541616322        2.5790323385398349E-002   3.1951809227031059E-003
         325  -1.5587021073532976        2.4619401516925692E-002  -1.1335352906969083E-002
         326  -1.3566131225939995        2.6322654887433627E-002  -6.3246827659026097E-004
         327  -2.1897067873393152        1.7844488874328920E-002   2.8429706030974541E-003
         328  -2.5108345300169899        1.8446957604572874E-002  -1.4948801927619647E-002
         329  -1.1192160463188026        1.6281016180460718E-002   2.3448153663512706E-003
         330  -2.8955269463219208E-002   1.7289824929900444E-002   3.6514798545125423E-003
         331  -1.2763723772099247        1.8015313790073911E-002  -1.4852455880380111E-002
         332  -1.1360847610361657        1.5647753321322132E-002   4.9188239262017821E-003
         333   1.2787374128070841        2.5969863004059235E-002  -1.4916820633283994E-003
         334  -1.9357723517424461        1.7201530132179066E-002   7.2546973304152785E-003
         335   2.2030092338034239        1.0306732971477066E-002   2.5178550619553938E-003
         336   1.5049525067679199        1.8016435028461113E-002  -1.7974750874952974E-003
         337   1.3750709754928494        1.7954491322478883E-002  -7.0919299106228673E-003
         338  -2.2660214788661319        2.0732091616185958E-002  -9.1943426828082903E-003
         339  -1.8388839105416079        1.6189633483566900E-002  -7.1772388404345386E-003
         340  0.81164153499351832        2.3536238233269131E-002   3.6146101164167524E-004
         341 -0.91368915942163187        2.2325663605151126E-002   2.4678230347261326E-003
         342  0.59176495940087792        1.4969176373117383E-002  -9.5518354004756067E-004
         343  -2.3087497218276114E-002   1.7495251363592583E-002   3.2099310468646875E-003
         344  -2.3954447678304636        1.7968483343387725E-002   1.3971554238740639E-002
         345 -0.11172440743122689        1.5213837343778413E-002  -2.9041999099279278E-003
         346   2.1169113116696674        1.6526573582455000E-002  -9.5631370412281227E-003
         347 -0.86445377894229680        2.0884642708120533E-002  -6.7983169001025927E-003
         348   1.7099756694692843        1.8718856008032782E-002  -4.0410218088963324E-003
         349  -2.5238784894546544        2.0432051392090592E-002  -1.4660123853519742E-002
         350  -2.2983464593562477        2.3549478304920705E-002  -6.6962989778321103E-003
         351  0.78933591101416811        2.3129526538652332E-002   3.0449235011325701E-003
         352  0.62390024033242186        1.5247821396608904E-002   2.4969711339952179E-003
         353 -0.83715714988289014        1.8953425101465117E-002  -6.2666996572377223E-003
         354 -0.72351652219856344        2.1013581825323934E-002   1.9760077974337606E-003
         355 -0.20315802339890993        2.3615611004638992E-002  -8.1982919001415463E-003
         356  0.74452349113408078        2.1092054559655772E-002   5.2507023189025098E-003
         357   1.1220011364709739        2.4250150455734309E-002  -6.3167894951154675E-003
         358  -1.7482479402818485        1.6809072772745178E-002   1.1581673505576359E-002
         359   5.1597307807566176E-002   1.7472575888073116E-002  -2.0724746824808279E-003
         360   2.5649787343759063        9.1987036149112026E-003  -1.4299825537977649E-002
         361  -2.4308912932438824        1.3819439490227355E-002   7.4030134555926269E-003
         362  0.89523038537231603        1.8988961443875133E-002  -8.3791964762481175E-003
         363 -0.20188804626601956        2.3507813223649043E-002  -8.4643677926152273E-003
         364 -0.75176564915338429        1.9761000502704951E-002   5.8426714029969533E-003
         365  -2.4591194251250634        1.3080626559055045E-002  -2.5386635618881506E-003
         366   1.0105022314267353        2.1032299522767865E-002   1.1385483958011484E-002
         367  0.13659543342921049        1.8105277325038846E-002   4.5492973001721058E-003
         368   1.1770172109683443        2.1994819366416753E-002   3.6845584379809374E-004
         369  -1.5418382189520767        2.2708826238857595E-002  -1.0688504567572699E-002
         370  -1.5996995703611221        2.8780966286418089E-002  -7.3077140874674533E-003
         371  -1.3459071762781301        2.6086108209850724E-002  -3.7182473832669178E-003
         372   1.7159923963672234        1.8444465797741939E-002  -4.8968819511999119E-003
         373   1.9324959485562374        1.4769395972529300E-002   1.5596634444536405E-004
         374 -0.53485408713646976        1.6596319606743543E-002   1.5041556189030764E-002
         375   1.4046927801617470        1.6672636265912658E-002  -1.3812222456080284E-003
         376   1.3182141003695824        2.3616458251937807E-002  -9.4545687216669276E-003
         377   1.0114301868792395        2.1139952305665493E-002   1.1390391249345254E-002
         378  -2.5265174726193949        2.0822822706786679E-002  -1.4403900174036850E-002
         379  -1.6578114130364450        2.8989486129571838E-002   7.3155134457711535E-003
         380  0.27332200872935192        1.8780794019884552E-002  -7.8712616111759597E-003
         381  0.19112343709257204        2.0825258353941625E-002   3.5815090993031630E-003
         382  -1.8528237979922817        1.7200545842667992E-002  -6.8538013668877299E-003
         383   1.4078433487782864        1.6637449934422649E-002  -8.1556150238776216E-004
         384 -0.16147752666425638        1.9076016350572621E-002  -1.1187511132750896E-002
         385  0.25414100301297610        2.0150980911180703E-002  -5.9438278344850250E-003
         386  -1.7977979355960125        1.4109554549640453E-002  -1.2085488903211322E-003
         387  -1.8515280477721714        1.7109530538189175E-002  -6.9358797693614251E-003
         388  0.99403496454271545        1.9185577308965987E-002   1.0335348071412712E-002
         389  -1.9174748392668761        1.8338244697235839E-002   4.6810317012489066E-003
         390 -0.62566181993065006        1.2759025878986200E-002  -1.0240397920266334E-002
         391  -2.5958679812348286        2.4220851624515143E-002   8.2027016170173814E-003
         392   1.5804984409305161        1.5908756973195760E-002  -2.9201789467861873E-004
         393  -1.8686886076248730        1.8182744464343592E-002  -5.0761510652070525E-003
         394  0.34152291176273142        1.4060700736865616E-002  -2.7446633920323715E-003
         395   1.9318578057606173        1.4768402526008091E-002   1.4987653354431383E-004
         396  -5.2888008985675229E-002   1.6268040762233649E-002   4.4113178709921192E-003
         397  -1.3600488316750241        2.6327878303086340E-002   3.3043489970393798E-004
         398   1.1126078182332166        2.4835932770019602E-002  -5.8327721087723366E-003
         399   1.3389161934786045        2.1439553628728052E-002  -1.0752975153262406E-002
         400  0.75911229030981853        2.1852111492120876E-002   4.9310539325290578E-003
         401   1.9717152278702537        1.5170454826720595E-002   2.3984728500145523E-003
         402  -2.2810777534448028        2.2143720636019507E-002  -8.9475408104361057E-003
         403  -2.5558144950260315        2.4270822535976230E-002  -7.5818260419534206E-003
         404   2.4632502192900416        2.0399795446720582E-002  -6.7833543795147010E-003
         405  -1.4915362730714752        1.9044655985848761E-002  -2.3643640745958398E-003
         406  0.18808215571367137        2.0709316597984563E-002   3.8989297284757981E-003
         407  -2.5939588361374621        2.4373023973022621E-002   7.4461670494745226E-003
         408 -0.40851837647283135        1.5996469988898480E-002  -1.3587630939622026E-002
         409  -2.5405255081710583        2.2726150509307999E-002  -1.1987245063052938E-002
         410 -0.28905517335669878        1.9847423282087037E-002   1.5016345421775984E-002
         411  0.98189484440442865        1.8012835123812795E-002   8.4982427332764010E-003
         412   1.1274788967065086        2.3896313899883233E-002  -6.3344840370618636E-003
         413  0.69972732047790642        1.8664809046848300E-002   5.2626824383749521E-003
         414 -0.52978126678000026        1.7372760676292988E-002   1.4966454467294235E-002
         415  -1.8779415719638308        1.8589015047208914E-002  -3.4898786681035496E-003
         416   1.5241897017578427        1.7492077663306141E-002  -3.3777231659121599E-003
         417  0.14611303476736923        1.8573936131235036E-002   5.0782540793454199E-003
         418  -1.6961762222251138        2.4496378342655292E-002   1.4664339582849354E-002
         419   1.6127341820053527        1.6516564230424254E-002   3.7852371917596874E-003
         420 -0.46789628752902401        2.2431818100703649E-002  -2.6546190702271565E-003
         421   1.1431313488488164        2.2945009425553924E-002  -5.3552763420909744E-003
         422   1.4401436489395347        1.7099060114489938E-002   2.8831817965205928E-003
         423  0.57894648828805362        1.5191537061429145E-002  -2.4374579570476998E-003
         424  0.52377408198509434        1.7718497643625084E-002  -5.1141569088852196E-003
         425  0.25593046445498896        2.0040532346264354E-002  -6.1741729456846013E-003
         426  -1.5301943846688901        2.1505962354410234E-002  -9.5007435844730939E-003
         427  0.78811708283788062        2.3091011835787573E-002   3.1600320787578870E-003
         428  0.57201258408387279        1.5390341649044988E-002  -3.1819611226749566E-003
         429  -1.9320222324877070        1.7471375207799740E-002   6.8610429933557496E-003
         430  -1.4819777700630103        1.8919263954293390E-002  -2.0640014483751609E-004
         431   1.0910405646434784        2.5823119286506244E-002  -2.7353011835556146E-003
         432  -1.6415250320015375        2.9843533670374053E-002   2.9354261654283243E-003
         433 -0.96603945753319165        1.8483930365479913E-002   9.6411309615715025E-003
         434   2.5989050704608090        4.4936085241366296E-003  -1.2284909385580594E-002
         435  -1.3329424778500478        2.5349667306745805E-002  -7.3974143280537263E-003
         436   1.3577473363866948        1.9449331528299380E-002  -9.6552368783802967E-003
         437 -0.40936125609326546        1.6113495527176818E-002  -1.3667966442691623E-002
         438 -0.27857241242642328        2.1384349701562846E-002   1.3616216356585990E-002
         439  -1.7356910095374962        1.8440611472343424E-002   1.3796919834445696E-002
         440  -2.1489698826652748        1.9389492857678367E-002   3.0272315470432458E-003
         441   2.1323897868823409        1.4900142899400792E-002  -1.0822237085139077E-002
         442  -1.4485871605893126        2.0065885288996922E-002   6.5739339531027856E-003
         443   1.0271565530915139        2.2922203622146337E-002   1.0586019607210312E-002
         444  -2.5863455283079557        2.4831231315559008E-002   4.3550526434734992E-003
         445  -1.3127295883893231        2.3304838333812996E-002  -1.2191874137779217E-002
         446  -2.0584216906817403        1.5719944511902808E-002  -8.4103737460196754E-003
         447  -2.0570485746017413        1.5602743968369758E-002  -8.3467223688088142E-003
         448 -0.86183201572768275        2.0700770677042141E-002  -6.9647536095737645E-003
         449  0.99844094586148469        1.9660087918185038E-002   1.0790198676117699E-002
         450   2.4352956498198455        2.2235253071257746E-002  -6.2728177967282467E-003
         451 -0.69682661547488800        2.0625112642154959E-002  -5.0801090124750082E-003
         452   2.5017736703075677        1.7261164027095901E-002  -9.6286879733116972E-003
         453  -1.3823524833580449        2.5604521779669841E-002   5.7412473483277734E-003
         454 -0.69593598373302168        2.0577896496595152E-002  -5.3274920456128647E-003
         455  -1.9467018904085458        1.6349246675554291E-002   7.9374139728599115E-003
         456 -0.10398566024386373        1.5046802260200876E-002  -1.3472893326633237E-003
         457   2.3958137359647180        2.4662582378194707E-002  -5.4248825111804901E-003
         458  0.75743766494535425        2.1767540285358777E-002   4.9831441507264557E-003
         459   1.9731602006361717        1.5206722245625940E-002   2.5303415500315561E-003
         460   1.0210673283014278        2.2248657782707640E-002   1.1093188099677728E-002
         461   1.2943471321342823        2.5439212742168871E-002  -5.1459933295635255E-003
         462  -2.5796223069071647        2.5034524008135967E-002   1.5809948526882317E-003
         463 -0.44680428062711497        2.1046452158749052E-002  -9.8577874181087922E-003
         464  -2.3474710789267275        2.3718205136069037E-002   6.8747018862592461E-003
         465  -1.6759787860593509        2.7228207040548558E-002   1.1550518067352068E-002
         466   2.3983867904375482        2.4518442761521219E-002  -5.5719512915298874E-003
         467  -1.1442696135353625        1.5197176409644436E-002   5.8427794686031053E-003
         468  0.92071128309680150        1.7112687894002800E-002  -5.5120900043217078E-003
         469  -1.6313433118503335        3.0003365925423305E-002   1.5591663909872563E-004
         470  -1.7329411250424789        1.8832388727567182E-002   1.4169596391324205E-002
         471 -0.38147840831782687        1.2941871201276963E-002  -7.5678285320558867E-003
         472  -1.3784820088502414        2.5815311267929839E-002   4.9403834154817371E-003
         473   2.3040258949916224        2.2927128415872234E-002   1.1893166711678701E-002
         474  -2.2381142304694484        1.8483882346067015E-002  -5.9527197072763499E-003
         475   1.0230505507006096        2.2471369508040465E-002   1.0954443147674282E-002
         476  -1.9682566267297610        1.4643745246187881E-002   7.1202450910215270E-003
         477 -0.25633808340431252        2.3894025982243407E-002   8.0590741345660296E-003
         478   1.7373197776732316        1.7128764397727262E-002  -6.9188597678926916E-003
         479   1.3862933909440533        1.7263298562855332E-002  -4.9655537565823169E-003
         480 -0.49562116971879655        2.1656517911758842E-002   7.9305632964885072E-003
         481  -1.9002823369202939        1.8862161035301916E-002   1.1967816056666161E-003
         482  -2.0138956296946096        1.3134331852839838E-002  -1.5881544910250395E-003
         483  -1.7899764693518496        1.4091863824625434E-002   7.9084572820167559E-004
         484  -1.6365257436502594        2.9958067901241336E-002   1.5639181168813610E-003
         485  0.58581599885599345        1.5048232421848532E-002  -1.6528789671870095E-003
         486  -1.8482187703370492        1.6872810382349449E-002  -7.0981830692493390E-003
         487   1.6640037775274930        1.8852136771287831E-002   3.2351434792037784E-003
         488  -1.9416720549138806        1.6750800861410370E-002   7.7122216977083997E-003
         489   2.5321926247969744        1.3790764881664055E-002  -1.2706871349005139E-002
         490  -5.6538429255953024E-002   1.6105117565220081E-002   4.3432291278945514E-003
         491  -1.3787730451500193        2.5800565466123367E-002   5.0030222686730345E-003
         492  -1.1008896123054457        1.6432635685314556E-002  -6.7163351726870588E-004
         493 -0.33343472229965992        1.3556458050289152E-002   9.8696526491938597E-003
         494  0.32245365740026277        1.4910700582911839E-002  -5.8710822239142332E-003
         495   1.4128654588247671        1.6617681708544781E-002   3.0196518004042784E-005
         496 -0.24038075380151155        2.4785285829301156E-002   2.8246700622151372E-003
         497  -1.6570676921711516        2.9044180398159730E-002   7.1231514254514287E-003
         498 -0.32899079947740872        1.4032468582255682E-002   1.1139977999077040E-002
         499 -0.68225702896629503        1.9580847442387254E-002  -8.8913249523124762E-003
         500  -1.5676559037927265        2.5646719308241712E-002  -1.1127914681130141E-002
         501  -1.3166843721662458        2.3780149712498026E-002  -1.1393084460388095E-002
         502   2.1206833610920390        1.6150429829901634E-002  -1.0003460829123732E-002
         503  -2.1609660327148292        1.8955086239440359E-002   3.9552210907953435E-003
         504  -2.0731485281895967        1.6995317092593894E-002  -8.3761474207471459E-003
         505  -1.3545350004909238        2.6303016547210085E-002  -1.2240026929478129E-003
         506  0.25421487089241052        2.0146510517461309E-002  -5.9534985699267809E-003
         507 -0.38028032607624529        1.2851912989127084E-002  -7.1741944352628189E-003
         508  -2.1472438070046915        1.9441031849046334E-002   2.8331431240049688E-003
         509   1.7934389106896362        1.3637424526985759E-002  -3.4649047316275680E-003
         510  -1.5442666102561298        2.2975429785747438E-002  -1.0862659671865707E-002
         511   2.4233340537458754        2.2996279393182481E-002  -6.2148605264369019E-003
         512  0.76541782542008585        2.2161521743218053E-002   4.6919479045694915E-003
         513 -0.28253655677111078        2.0821234807302153E-002   1.4254410316509075E-002
         514 -0.76981813197647220        1.8697589163100367E-002   5.3365956801147748E-003
         515   1.2840401325800399        2.5855213208864389E-002  -2.7538455266092497E-003
         516  0.31885231426708394        1.5135021387894198E-002  -6.3522911021162013E-003
         517   1.5522156744967255        1.6469412274286114E-002  -3.2513682579743200E-003
         518  -2.4629564618797488        1.3207144527668233E-002  -3.9314016623617663E-003
         519  -2.5602889290108624        2.4581139528266526E-002  -6.0185480134118579E-003
         520   2.3121181930273051        2.3836218893441397E-002   1.0132088220377403E-002
         521  -2.0101738664932611        1.3090147188022821E-002  -7.4126139348479596E-004
         522   1.7959987295555113        1.3551664154058871E-002  -3.1128232514496504E-003
         523  -1.0331925786704708        1.4703380102066234E-002  -4.3033351328761551E-004
         524  -1.5561622206853243        2.4326225799963436E-002  -1.1323665609428069E-002
         525  -1.2635886222453316        1.6152876704130781E-002  -1.3567577274772345E-002
         526 -0.13541238161207370        1.6502281708736660E-002  -7.6934234928810871E-003
         527  0.77308876870084897        2.2513546078120696E-002   4.2992427128778687E-003
         528   1.5359378648949993        1.7062107798934561E-002  -3.7168255442970020E-003
         529  -1.4840469125104241        1.8928555401604590E-002  -6.7534917409923156E-004
         530   1.1398818995423727        2.3127721718863511E-002  -5.6764085963652913E-003
         531   2.3797931377850485        2.5445328478759657E-002  -4.0209835576689688E-003
         532  0.42567585604232278        1.7163372419697939E-002   6.4622476408023686E-003
         533  -1.1643971756128764        1.3877779680456634E-002   6.6371690068677694E-003
         534 -0.89531273573685799        2.2375484089893812E-002  -1.8923402772328922E-003
         535  -2.4764486257376710        1.4068435671411033E-002  -8.4908361582955588E-003
         536  -1.6571654372785412        2.9037075715044134E-002   7.1484934013857984E-003
         537  0.82431882715351601        2.3461640243377133E-002  -1.5489073799800331E-003
         538  -2.2697333114628466        2.1081659705527910E-002  -9.2815142914616615E-003
         539   1.2571807188896864        2.5761408906101936E-002   3.1981770302610029E-003
         540  -2.4375402127096346        1.3389845606974248E-002   5.2504128917428032E-003
         541  -2.5832907312173750        2.4947159056098820E-002   3.0955503933264403E-003
         542   1.3476408902139094        2.0491671740903182E-002  -1.0501793645936440E-002
         543 -0.87674954366701829        2.1660284599043941E-002  -5.4330242244795103E-003
         544   2.5573274529027401        1.0310870337095941E-002  -1.4208640720651504E-002
         545  0.31804693906049392        1.5187563145375400E-002  -6.4539402023757715E-003
         546  -2.1553980640120316        1.9170716566062482E-002   3.6200637717420875E-003
         547 -0.15397802490205051        1.8245244188872980E-002  -1.0510758262552562E-002
         548   1.1685235296123735        2.2035631909324747E-002  -1.3065955103650291E-003
         549  -2.2595623427557103        2.0137857242733159E-002  -8.8248454497315484E-003
         550   1.7229399879258820        1.8066880257877126E-002  -5.7472790577689017E-003
         551  0.84290697701734074        2.2888771983464829E-002  -4.4909528914356366E-003
         552  -8.8241094960077995E-002   1.5062422134371263E-002   1.4319427462027733E-003
         553  0.95203586191987755        1.6422479428328807E-002   1.6005469415478163E-003
         554  -1.5044677894285412        1.9542134002335700E-002  -5.1485271262062095E-003
         555 -0.12652765487074030        1.5883076127610984E-002  -5.9645255368112483E-003
         556   2.1685109884438654        1.1272190212238619E-002  -7.3828057222676702E-003
         557   1.1387448747860700        2.3194040540010990E-002  -5.7749952310535875E-003
         558  -2.2785136021037009        2.1907885630606375E-002  -9.1035786332361295E-003
         559  -1.2537708369084233        1.4876069904451408E-002  -1.1874679018104991E-002
         560  0.17866309236237818        2.0294764914809173E-002   4.6937589015905012E-003
         561 -0.40481541932040965        1.5491805623515913E-002  -1.3149358738208454E-002
         562  0.77307765998718225        2.2513070433666918E-002   4.2998841205143280E-003
         563 -0.58414828760852355        1.1135435186232069E-002   3.6376032715518605E-003
         564  0.20826572674412563        2.1264231787600743E-002   1.3268741574286808E-003
         565  -1.9907035226549981        1.3378734717483102E-002   3.5682718941582032E-003
         566  0.41853424193733085        1.6683596333177213E-002   6.6909143198393538E-003
         567 -0.12753641565318213        1.5945407652102672E-002  -6.1680285063657383E-003
         568   1.3882569939791050        1.7167867196836297E-002  -4.5769849138421470E-003
         569  -2.3080476647047798        2.4112076156056442E-002  -4.6028939198184673E-003
         570   1.2653696459644812        2.5961561978316176E-002   1.5608401591702735E-003
         571  -2.0026738144772018        1.3099068766189900E-002   9.7222750564948039E-004
         572 -0.73146306113842985        2.0786104966158108E-002   3.5865453718932627E-003
         573  -1.4967725076550238        1.9201720004259008E-002  -3.5203567175007993E-003
         574  -2.1101682466002285        1.9401868477773893E-002  -3.4938901642374972E-003
         575   2.1050026303648561        1.7580641416492248E-002  -7.7096231985711887E-003
         576   2.0416156672309680        1.8404857344842259E-002   4.2601446411879278E-003
         577   3.9635571829109623E-002   1.7719974785647144E-002  -1.9189680641367036E-003
         578   2.1406052921476647E-002   1.7997897296945554E-002  -9.3718965436286213E-004
         579 -0.60673494236279635        1.1276945263867097E-002  -4.7517569242414544E-003
         580   2.2164918521776813        1.0949679402764978E-002   6.8054082514725006E-003
         581   1.7232971240186497        1.8045893207290910E-002  -5.7864565337693097E-003
         582  0.46359101834966732        1.8974480625643875E-002   2.2287120139620554E-003
         583   1.1406728959760957        2.3082280107136536E-002  -5.6035472874693222E-003
         584   2.2725893091219058        1.8340384059934781E-002   1.5820442352600626E-002
         585   1.1490339185577469        2.2643893443162946E-002  -4.6328601800613945E-003
         586   2.0060256806903762        1.6533037739406228E-002   5.1473090544205142E-003
         587  0.95746455435176303        1.6549175837337757E-002   2.9800361119080047E-003
         588  -1.0557868959341419        1.5163099555130887E-002  -3.1704241028758661E-003
         589  -2.0957240986857668        1.8696661997216854E-002  -6.0107729424246203E-003
         590  -2.2543751596801584        1.9683654227141547E-002  -8.3417032955721924E-003
         591 -0.18814165675825090        2.2153730901370568E-002  -1.0663961936889838E-002
         592   1.5820114296909580        1.5905827868617401E-002  -8.7773058823676536E-005
         593   1.3653834655586035        1.8734857194575367E-002  -8.6717015246712478E-003
         594  -1.3188666138043756        2.4028168643756374E-002  -1.0918780303608077E-002
         595  -2.2713057818015212        2.1230410563847165E-002  -9.2897772026432849E-003
         596   2.3273364680716728        2.5125245499539376E-002   6.4494918757626168E-003
         597 -0.60034332381365563        1.1041017376450952E-002  -2.4716168337530079E-003
         598 -0.10588827122667858        1.5076533084324481E-002  -1.7221483067796672E-003
         599 -0.75836815709162630        1.9363357032652274E-002   5.9290578114862286E-003
         600   2.1134651078201587        1.6854217234839097E-002  -9.0943887638802613E-003
         601   1.2768590545084366        2.5994144840623755E-002  -1.0467534805914710E-003
         602   1.9693401013055873        1.5115021848099083E-002   2.1848683955131135E-003
         603   1.5281123317131926        1.7353450733498213E-002  -3.5516493200480458E-003
         604  -2.5067594603148051        1.7830972831672860E-002  -1.4705209749432130E-002
         605 -0.85934169249780779        2.0522539499990385E-002  -7.0800459634987097E-003
         606 -0.61968703547504234        1.2179329596437119E-002  -8.7650976604652219E-003
         607  -1.2420417309440654        1.3610352979239371E-002  -9.2158163064040115E-003
         608   1.2466751806088929        2.5324586293787640E-002   4.8755947116259375E-003
         609  0.92002478598195914        1.7151651457500888E-002  -5.6321992047096859E-003
         610   1.9030869608256855        1.4665402919217667E-002   8.2772645428046067E-004
         611   2.0916130792027330        1.8454446584633185E-002  -5.0282386736802132E-003
         612   2.2566953198700328        1.5792449744074545E-002   1.5350418207629049E-002
         613 -0.85140098281313692        1.9943536316752841E-002  -7.1651624559279786E-003
         614  -2.5944928652055732        2.4331943766641290E-002   7.6587270147130499E-003
         615   2.3846827748081467        2.5231665784245769E-002  -4.5444884616999840E-003
         616  0.29374456267570687        1.7065879979266375E-002  -8.3108835928525394E-003
         617  -1.6301551025884964        3.0003319374243515E-002  -1.6333795505512868E-004
         618  0.86365765568916475        2.1629865348060405E-002  -7.2527032826884977E-003
         619 -0.45439528416540043        2.1721759797760910E-002  -7.5439348322536865E-003
         620  -1.7279833600651997        1.9562693248882546E-002   1.4729506605257809E-002
         621   4.3677320120865191E-002   1.7638787410209942E-002  -2.0174158926772913E-003
         622  -1.7889641331435044        1.4101404505466228E-002   1.0600369724788551E-003
         623   1.5965090026733391        1.6039454259288936E-002   1.8896829920307431E-003
         624  -2.1570700892020236        1.9108032224213527E-002   3.7387321688477438E-003
         625   1.0483331052901972        2.4878553075645023E-002   7.1717031883033276E-003
         626 -0.30075448178417963        1.8021471267175421E-002   1.5414575971734226E-002
         627  -1.3436948991068229        2.5995098403800068E-002  -4.3591646683552735E-003
         628  -2.5789420547877819        2.5044507330393189E-002   1.3006945291607688E-003
         629  0.50658088571376292        1.8521994476576729E-002  -3.8908211568964551E-003
         630 -0.11499492031948343        1.5321837122011805E-002  -3.5806794927840217E-003
         631  -2.1973334003619192        1.7662177897534014E-002   1.8070717387499711E-003
         632   1.8674333732767561        1.4051750343655574E-002   2.3842854310352109E-003
         633  -2.1614971693195706        1.8933625128880249E-002   3.9780920283772267E-003
         634  0.62543355187942107        1.5287879284428135E-002   2.6310774961393639E-003
         635   2.5440480332887017        1.2198436874300823E-002  -1.3615555322351593E-002
         636  -2.3179771780182876        2.4448680038489882E-002  -1.9858256649886528E-003
         637   1.8364481791778844        1.3341761829539715E-002   1.6312445852249987E-003
         638   2.4502775585570697        2.1269151659482274E-002  -6.4213995469189376E-003
         639 -0.17695222295731300        2.0883317442304601E-002  -1.1480615866082386E-002
         640   1.4944713479676186        1.8145865935376992E-002  -6.0662531756182424E-004
         641   1.1416353781677264        2.3027797492261318E-002  -5.5102307829876978E-003
         642   9.5423807689237375E-002   1.6979591624977513E-002   5.8781054026703773E-004
         643   2.1310900766910872        1.5043098350791949E-002  -1.0775229171770592E-002
         644  -9.9336282357698966E-002   1.5004172037162464E-002  -4.6052742217941265E-004
         645  -1.8301538671992084        1.5567393745539273E-002  -6.7345905391742022E-003
         646 -0.22583885256673752        2.4841788399999822E-002  -2.0138440734133113E-003
         647  0.79427961368022448        2.3270453631509168E-002   2.5427289870063202E-003
         648  -1.3754059639883913        2.5959490048522188E-002   4.2561515215791389E-003
         649  -1.4255454335574658        2.1950071183928378E-002   9.0585365907619193E-003
         650   1.7351986417896579        1.7277021747384873E-002  -6.8012442071794703E-003
         651   2.0345175173441028        1.8072639617615467E-002   4.8906786926631749E-003
         652  -1.6203825939397007        2.9859042374048794E-002  -2.7081108855307682E-003
         653  0.53892148852151678        1.6903732540366683E-002  -5.3075119489877929E-003
         654   2.4327051571841927        2.2400616798150245E-002  -6.2614923969685982E-003
         655  -1.7370807203278358        1.8246746198473461E-002   1.3592309045716065E-002
         656   1.2927875737056047        2.5518192522123409E-002  -4.7950506588000583E-003
         657  -1.0899905611737528        1.6272590142723843E-002  -2.1467161453461239E-003
         658  0.88022619492021925        2.0289279527290354E-002  -8.4399743594970860E-003
         659  0.64701995737604800        1.6043153291356999E-002   4.1108967432820489E-003
         660  -2.5896588735382724        2.4661316357654395E-002   5.7118885081508678E-003
         661   1.6920200025913643        1.9193731119229285E-002  -1.0860630467720831E-003
         662  0.16651937591304150        1.9673324344633255E-002   5.2676095951354803E-003
         663  0.89882626038726809        1.8685386140206036E-002  -8.1847668603382568E-003
         664  -1.9883847062663438        1.3468514796874675E-002   4.0310780475127008E-003
         665  -1.3111904427415892        2.3111411879416770E-002  -1.2480190563960053E-002
         666   1.6574691178072620        1.8612402246860525E-002   3.9412935550938331E-003
         667   1.2404973492500282        2.4994230050125226E-002   5.5872546210835690E-003
         668  -1.6954650171290035        2.4602359863376850E-002   1.4591373352837845E-002
         669  0.33337600159540132        1.4348718389482724E-002  -4.1784901191015827E-003
         670  -9.6719492362534899E-003   1.7852590253506596E-002   1.9811181967584407E-003
         671 -0.35579049368533344        1.2172962926584437E-002   1.9571997836870204E-003
         672 -0.90280548210660927        2.2454096132584950E-002  -1.5041674103636726E-004
         673  -1.6467823603063487        2.9647726739695013E-002   4.3758285789502506E-003
         674   2.4314439139643826        2.2481006575740186E-002  -6.2563082368334560E-003
         675 -0.41317286695810013        1.6649898876492073E-002  -1.3939326525900544E-002
         676  -1.3039286497401037        2.2142926362302546E-002  -1.3653803090634947E-002
         677   1.7152680253851986        1.8480233858830020E-002  -4.7992181900043916E-003
         678   2.1880633818517548        1.0287958536026971E-002  -2.2177407429835767E-003
         679   1.5483151837917757        1.6602953440760630E-002  -3.4611251812678772E-003
         680   1.9986513157103147        1.6161431281116856E-002   4.7214969671578975E-003
         681   1.5865988611306507        1.5916362312646211E-002   5.4027330396181077E-004
         682 -0.60235928855955345        1.1099331777514763E-002  -3.2060073136780517E-003
         683  -1.3684236461085031        2.6203090124011910E-002   2.5641063610772979E-003
         684   1.0951433037784855        2.5692371613118086E-002  -3.5097703653146923E-003
         685  -1.4606103274319133        1.9388380422639035E-002   4.4138073157242779E-003
         686  0.51400653207627756        1.8201843213985349E-002  -4.5447183873555865E-003
         687  -2.0793494353583726        1.7513012531083637E-002  -7.9806814226837299E-003
         688  0.37978929199845407        1.4359692186388735E-002   4.0318006774285528E-003
         689  0.78192133935892982        2.2874328719842900E-002   3.6919420149308336E-003
         690 -0.15489858981400811        1.8344269933200454E-002  -1.0610552984152779E-002
         691   1.3468293987140099        2.0578623963253776E-002  -1.0544650498292330E-002
         692   2.5947547778769597        5.0225838288933547E-003  -1.2732615504242959E-002
         693  -1.4818348558699799        1.8918987128439129E-002  -1.7403686078886415E-004
         694  -1.8001688969548810        1.4145674167446269E-002  -1.7794654773071877E-003
         695   2.0484502038301979        1.8673939247911400E-002   3.4354695854789817E-003
         696  0.72135330902687711        1.9834951956317244E-002   5.3470756176554109E-003
         697 -0.72075117978717029        2.1060357458230386E-002   1.3393357652047686E-003
         698  -1.8085065901348940        1.4376842569283562E-002  -3.6168216782678691E-003
         699 -0.44237447254886725        2.0575046127224082E-002  -1.1010421915192543E-002
         700  -2.4428711453362122        1.3154535904715344E-002   3.4014728625271248E-003
         701   2.1411591787823476        1.3928951575582525E-002  -1.0832682138350430E-002
         702   2.1857320275319689        1.0348934451011873E-002  -2.9150723843035082E-003
         703   1.2244865468661972        2.3999623592760078E-002   6.3386858567917887E-003
         704   1.0590844081831812        2.5533530702145764E-002   4.7385358334817804E-003
         705  -2.2027601738151188        1.7586190471488138E-002   9.2430333675330104E-004
         706   2.5634821258888203        9.4166756215275978E-003  -1.4297518968256661E-002
         707  0.33208105991995301        1.4405269482928869E-002  -4.3949462565840191E-003
         708 -0.59510391236843996        1.0961028878904905E-002  -5.1682026345345163E-004
         709 -0.42930313409732429        1.8932671794821793E-002  -1.3390528002714697E-002
         710  0.18495423397720920        2.0580292242489029E-002   4.1952331905986545E-003
         711   1.2707683484453545        2.6014925339183193E-002   3.6782869139506094E-004
         712  0.36256101114561207        1.3892984560851820E-002   1.1783546841538149E-003
         713 -0.15874826186681690        1.8767817462186157E-002  -1.0978089562287107E-002
         714  0.50455310419908495        1.8600226076132730E-002  -3.6815851102672105E-003
         715  -1.6120308648874460        2.9541783272573896E-002  -4.7207996483411259E-003
         716  -2.5624413353145989        2.4704507752538456E-002  -5.2319035309952968E-003
         717  0.37663633249069195        1.4237663310857214E-002   3.5626459709275564E-003
         718  0.99599820671867856        1.9394505541946556E-002   1.0553038436141322E-002
         719   2.4524433953467075        2.1127044703597879E-002  -6.4631555667892023E-003
         720   1.2209302470683887        2.3770769004531931E-002   6.2833159633632124E-003
         721  -2.2629415626200831        2.0445719710157052E-002  -9.0517231457901935E-003
         722  -1.2642575358578791        1.6245636238425998E-002  -1.3661910459148496E-002
         723   1.2453631814016863        2.5258291652279875E-002   5.0450131771722900E-003
         724  0.38325730235147620        1.4510735306006382E-002   4.5126895082595519E-003
         725  -1.6615996884052653        2.8688552647728779E-002   8.2769457468656171E-003
         726 -0.95908022712930152        1.9167019415816205E-002   9.5787246044530972E-003
         727   1.8747826334672056E-002   1.8020508193512270E-002  -7.3069409171575592E-004
         728  -1.3156079155216567        2.3653979395862473E-002  -1.1618502018079428E-002
         729  0.49676715463084620        1.8857110054547845E-002  -2.7690548443276451E-003
         730  0.97040667025877136        1.7152541105829266E-002   6.1198670324089741E-003
         731   2.4174201926357539        2.3369074290873267E-002  -6.1566530619171144E-003
         732  0.61065111023187890        1.4995870123382167E-002   1.1971150126437145E-003
         733   1.7186863352129602        1.8305259722793839E-002  -5.2458202448268333E-003
         734  -2.4759269328180502        1.4023746958751795E-002  -8.3285708894078984E-003
         735  -2.4223887753161111        1.4568289258273389E-002   9.8191195321147614E-003
         736  -1.9201577485317123        1.8203830844101668E-002   5.1514216505595452E-003
         737  0.79621217115076104        2.3318436839261717E-002   2.3312591475433456E-003
         738  -2.2618797379557534        2.0348156612149615E-002  -8.9882179000215640E-003
         739  0.73743727772405798        2.0710368935902002E-002   5.3180406321574909E-003
         740  -1.3048052416220226        2.2264279310864440E-002  -1.3529273983863579E-002
         741  -1.6652131081406840        2.8367531413712951E-002   9.1611328975181039E-003
         742 -0.48466458471525253        2.2322745508756174E-002   3.9273837267794001E-003
         743  -1.5135065450855407        2.0098428466542612E-002  -6.9026373169274883E-003
         744 -0.82960268098324541        1.8506487638433107E-002  -5.2989755933553085E-003
         745  -2.1803979576505590        1.8159178002534988E-002   3.7179765627179109E-003
         746   8.2153738279930289E-004   1.8008138374987846E-002   9.2678831970880024E-004
         747  -2.2760503118970314        2.1678052976375161E-002  -9.2089602940908823E-003
         748 -0.86828698263863979        2.1144042686653670E-002  -6.4735481330200784E-003
         749  -2.2814459046447388        2.2177223574297328E-002  -8.9212577963366756E-003
         750  0.42529264072259232        1.7138094088287200E-002   6.4801537776589379E-003
         751  -2.0875650722775037        1.8148190791775619E-002  -7.1437380214468150E-003
         752   1.4154820812256339        1.6623987563127669E-002   4.3906106305174517E-004
         753   1.1588661290450526        2.2253809825992472E-002  -3.0961150856183145E-003
         754 -0.91788585915086696        2.2198920031097778E-002   3.4577013940905025E-003
         755  -2.5214183312855898        2.0062311634925084E-002  -1.4839537931116836E-002
         756   1.7271541439709515        1.7810668047225673E-002  -6.1785122770813411E-003
         757 -0.81258690083804253        1.7839944455922675E-002  -2.2309367282222266E-003
         758  0.22306497919799609        2.1288060323335346E-002  -1.0520491805596417E-003
         759  -2.1411220967964750        1.9593723337569969E-002   2.0376387663879544E-003
         760   2.5237592771380051        1.4848778031390302E-002  -1.1909991134898702E-002
         761   2.2342880943212733        1.2644928625760490E-002   1.1681883919008363E-002
         762  -2.1655343700522840        1.8767232754750021E-002   4.0986697631275647E-003
         763   2.5912067077590448        5.4890474670180279E-003  -1.3074909990043765E-002
         764  -1.9425459981032027        1.6681922778888105E-002   7.7624540350849456E-003
         765   1.3548150060903537        1.9742320552675875E-002  -9.9580773658029653E-003
         766  0.54540519393727260        1.6557943546982437E-002  -5.1401330501841726E-003
         767   2.1377968769932059        1.4301212841377853E-002  -1.0892795061518601E-002
         768   1.1403393405511071        2.3101379111322807E-002  -5.6347098557483514E-003
         769  -1.5982866886387626        2.8673901004211778E-002  -7.5695560705905836E-003
         770 -0.21729203626019483        2.4551108173048276E-002  -4.6202902596613124E-003
         771  0.43899401337696209        1.7980776845891989E-002   5.4740514714878728E-003
         772  0.14900461383729682        1.8725184684938407E-002   5.1879229083278749E-003
         773   2.4748754874657548        1.9564530184205293E-002  -7.3674497295052035E-003
         774  -2.3189817305157416        2.4467541693914241E-002  -1.7004564284588942E-003
         775  -1.5487154194058081        2.3473668163598391E-002  -1.1112325231053858E-002
         776   2.4229694927384871        2.3019365918973828E-002  -6.2122155222950875E-003
         777   1.9242892408610293        1.4757486800167896E-002   1.5747817244407460E-004
         778  -4.3134842331089301E-002   1.6705583743584190E-002   4.3372115912550429E-003
         779  -1.1288539785297698        1.5973391059147333E-002   3.8968831599731409E-003
         780  -2.4249819408769042        1.4317957868896534E-002   9.1282030742445147E-003
         781  0.67721762161689181        1.7479044624473385E-002   5.0455069609379056E-003
         782   1.9529304211298941        1.4862154798130543E-002   9.1404516498541774E-004
         783  -1.4454533016281776        2.0283501702124788E-002   7.0541385482244361E-003
         784   5.1856400969297334E-002   1.7467106727847750E-002  -2.0711557260500646E-003
         785  -2.5872080766094787        2.4791409269279776E-002   4.7095075857146529E-003
         786   2.1269906906539298        1.5488774443029396E-002  -1.0553186150973556E-002
         787 -0.90693600961035625        2.2439594658932003E-002   8.4175747135165958E-004
         788   1.8731575810402776        1.4186749193435082E-002   2.2345959035227924E-003
         789  -1.5800439883405826        2.7000288055504348E-002  -1.0204039310170014E-002
         790  -1.7920224169519605        1.4081001115642035E-002   2.5309756922030618E-004
         791   2.5164652842810091        1.5706087906560612E-002  -1.1162509619283162E-002
         792  -1.1636812253859803        1.3926240546575415E-002   6.6507008437773820E-003
         793  -1.8652817693817805        1.7997885295744632E-002  -5.5690253662788753E-003
         794 -0.82462417080414141        1.8257364393859506E-002  -4.5080904665571221E-003
         795  -1.6257151728832260        2.9969224805641004E-002  -1.3396735195367530E-003
         796  0.19650797974760648        2.1004822916937820E-002   2.9530271345478876E-003
         797 -0.55916017940185192        1.3161113554375195E-002   1.1746638060972130E-002
         798  0.62851465364396397        1.5374542288440146E-002   2.8892213088906925E-003
         799  0.56566041048339344        1.5616595598438410E-002  -3.7998861948801781E-003
         800  -1.6443226467477106        2.9748943168644629E-002   3.7031939274241709E-003
         801 -0.62984342204034305        1.3214095400236030E-002  -1.1103548552004381E-002
         802   1.7858966374829199        1.3942520491216345E-002  -4.4664689593900278E-003
         803   2.4319002482840544        2.2451933543350459E-002  -6.2581764796981361E-003
         804  -2.0548788719890640        1.5419592162769799E-002  -8.2230740225812983E-003
         805  -1.5347292292623380        2.1957377705622328E-002  -1.0030567183688477E-002
         806   1.4106278264181429        1.6621152199057857E-002  -3.3734780536433750E-004
         807  0.36936684321948487        1.4016817780784100E-002   2.3815169858129952E-003
         808   1.9766814959550290        1.5303294861428214E-002   2.8555506926691552E-003
         809   1.1565651374161980        2.2330992487770367E-002  -3.4873322664818302E-003
         810   1.6765486743138287        1.9158668913243467E-002   1.4884567658772887E-003
         811 -0.94971450554268144        2.0057532424424266E-002   8.9960388807613454E-003
         812  0.36949265282272076        1.4019884025742335E-002   2.4029878918048636E-003
         813  -1.5758378734481280        2.6554346659439367E-002  -1.0599640475330590E-002
         814 -0.12018711247115876        1.5539773102445656E-002  -4.6609396070290531E-003
         815   6.5792112023586008E-002   1.7191899423084821E-002  -1.7140081287600013E-003
         816 -0.82483235170532154        1.8266963293237716E-002  -4.5432973420593574E-003
         817 -0.93951899214903045        2.0932113884957904E-002   7.7461466666141681E-003
         818   1.1002583575998344        2.5486676968525950E-002  -4.3644380097775885E-003
         819   5.7507287462767558E-002   1.7349681021277607E-002  -1.9933907862539017E-003
         820  -1.3736144381115079        2.6033372976738054E-002   3.8395263626151794E-003
         821 -0.37270377800971732        1.2398961607512820E-002  -4.5212599989501402E-003
         822   2.0502238980679426        1.8733792289753338E-002   3.1882175661540708E-003
         823   2.2245165268667924        1.1603764689256016E-002   9.1636186640448695E-003
         824  -1.6094300147787421        2.9408893055759413E-002  -5.3082183218221262E-003
         825  -2.1386495364207541        1.9640502938257393E-002   1.6733547049588293E-003
         826   1.2505341558973415        2.5505632028128160E-002   4.3232054351960087E-003
         827  -2.2313565540568230        1.8117195596637506E-002  -4.6830731490114545E-003
         828  -2.3279669284286029        2.4502534836821955E-002   9.6457282884281493E-004
         829   1.2834113166765284        2.5872372414716831E-002  -2.6042974361447837E-003
         830  0.76236085505940288        2.2013431051464083E-002   4.8166730789052439E-003
         831  -1.7606181587043670        1.5524028595243645E-002   8.7226381211019804E-003
         832  0.47292550725331256        1.9116739908313890E-002   7.5714849672416920E-004
         833   1.6039174772478246        1.6218043712563787E-002   2.8279180858146423E-003
         834 -0.75087407809542517        1.9813906876224158E-002   5.8061405147835756E-003
         835  -1.2155625796052705        1.2084673613686345E-002  -1.9923337387288990E-003
         836 -0.13332892532256563        1.6343128293309209E-002  -7.3029185239269941E-003
         837   2.4145651351918680        2.3547532024091860E-002  -6.1136198871557610E-003
         838  0.15158431883618867        1.8862545058748303E-002   5.2639189001040757E-003
         839  -1.5524724267171359        2.3901804372893191E-002  -1.1251711996601540E-002
         840 -0.10540783287059877        1.5068340794209871E-002  -1.6269349316095649E-003
         841 -0.90660819306104590        2.2442273798790584E-002   7.6263523536278190E-004
         842 -0.72965239546940275        2.0849189468569614E-002   3.2508202070394170E-003
         843  -2.4268815777694730        1.4146449962144342E-002   8.5954731418093396E-003
         844  -2.4744240528745367        1.3899871866662727E-002  -7.8535491223432428E-003
         845  -1.1837205450255932        1.2690560477129886E-002   5.0293517975967192E-003
         846  -1.1159260536180067        1.6350316793487113E-002   1.7904098860409136E-003
         847 -0.36707741478541583        1.2199811100011154E-002  -2.4139877784743208E-003
         848  0.46284977416637191        1.8957223242295377E-002   2.3431197695788879E-003
         849  -2.5313064272535342        2.1510924921879448E-002  -1.3773435275370715E-002
         850 -0.66977615270809598        1.8280294595139648E-002  -1.1415406843505968E-002
         851  -1.2414479423044849        1.3555046642904554E-002  -9.0667452351119691E-003
         852  -2.3779145953754943        2.0445353366661579E-002   1.3328892839662092E-002
         853  -1.8777838701191629        1.8583383179133457E-002  -3.5195344929143681E-003
         854  0.19055355336694671        2.0804284843152502E-002   3.6431383434385239E-003
         855   6.6499576852741632E-002   1.7179665035634773E-002  -1.6813983933213999E-003
         856   2.0851702692375018        1.8738512806503019E-002  -3.6231581529205257E-003
         857   1.5634881224240997        1.6144644176109633E-002  -2.3329596190764137E-003
         858  -9.6062867290149345E-002   1.4998803434215838E-002   1.3399452879459580E-004
         859   2.4037093038870210        2.4209369963331125E-002  -5.8172477314016747E-003
         860   1.5587053803904383        1.6269378170967241E-002  -2.7756321465395679E-003
         861   1.1027346437967021        2.5371920836730340E-002  -4.7294182470314578E-003
         862   1.3021316293603922        2.4964406504196977E-002  -6.7999729432533197E-003
         863  0.41429406114978307        1.6393711255005494E-002   6.7192447739372928E-003
         864  -2.4404765864583431        1.3247797627687147E-002   4.2431132572906365E-003
         865  -1.2754815261972190        1.7880788581408812E-002  -1.4799718637250710E-002
         866  -1.2509436462649270        1.4542440701315927E-002  -1.1289700615193125E-002
         867  0.79637130381231735        2.3322201969883771E-002   2.3134674254438837E-003
         868 -0.48202715823828191        2.2414540588501213E-002   2.9044006243961660E-003
         869  -2.6005300119680239        2.3788272936977464E-002   1.0004426931876514E-002
         870   2.3426672524352319        2.5837046935238625E-002   2.7030438471777225E-003
         871  -1.0734937325186629        1.5785288221112422E-002  -3.4308183882770507E-003
         872   1.0612315890017801        2.5631524084271076E-002   4.2218975571791410E-003
         873 -0.22603561255942858        2.4845762389338489E-002  -1.9509616685119706E-003
         874   1.2521241631578435        2.5573647919564766E-002   4.0731614054565855E-003
         875  -1.0347404327292864        1.4712204012523230E-002  -6.8767091422448998E-004
         876   2.2085493233137679        1.0499380498328745E-002   4.3070462178224781E-003
         877   1.3075939416962499        2.4556732122322157E-002  -7.8347889784939496E-003
         878  -1.7330907119492480        1.8810809246756873E-002   1.4150439079319661E-002
         879 -0.48856578626441272        2.2137131162902737E-002   5.4067470908314499E-003
         880  0.24793065137797396        2.0500178910345425E-002  -5.0809594678480063E-003
         881  -7.0044692472155903E-002   1.5549375350795589E-002   3.6075211599539713E-003
         882  -2.2656066600650044        2.0693271247507871E-002  -9.1787926959340169E-003
         883  -2.1321833928680034        1.9716850336688938E-002   6.2346817770029086E-004
         884  -2.2076358069974646        1.7561747040988705E-002   4.8626262820637613E-005
         885 -0.71960297013131291        2.1074423100648609E-002   1.0649654516370725E-003
         886  -6.3609005799853707E-002   1.5801460546815201E-002   4.0542047096851514E-003
         887  0.81369054848799960        2.3540719259487683E-002   6.6863139636044386E-005
         888   2.3805129031231114        2.5415543381245180E-002  -4.1035509568384211E-003
         889   2.4993926212850059        1.7491787265758847E-002  -9.3895770914237536E-003
         890  0.89483172162692237        1.9023006394660501E-002  -8.3963720285204768E-003
         891   2.1725433560825489        1.0987479660890623E-002  -6.4658121676344658E-003
         892   1.2259000140250202        2.4090891976529711E-002   6.3382772074088147E-003
         893  0.31905628394182473        1.5121866162182782E-002  -6.3262273317243201E-003
         894  -1.3411747903919566        2.5873869398551311E-002  -5.0854741844529464E-003
         895   1.1422614632549255        2.2992853388734091E-002  -5.4468178888009743E-003
         896  -2.5974746030714004        2.4081462703181258E-002   8.8314709821718188E-003
         897 -0.25367252049291233        2.4101587506261644E-002   7.2262399934200023E-003
         898   1.6820535236008574        1.9217592815878294E-002   6.0448184467389379E-004
         899   4.8329780946194098E-002   1.7541635834190300E-002  -2.0721105292298954E-003
         900   1.6007490458069917        1.6133013851592170E-002   2.4382887581695283E-003
         901   1.2872980534409133        2.5751016271777796E-002  -3.5247547706517405E-003
         902  0.87178567841747945        2.0997510451175053E-002  -7.9806969476169266E-003
         903   1.5483128964898849        1.6603032660814167E-002  -3.4612287205538573E-003
         904   1.3121865124859828        2.4171833694401134E-002  -8.6045504248146130E-003
         905   1.6894375534399488        1.9216461078245251E-002  -6.4249852427621156E-004
         906  -1.6551021883932044        2.9181656125327315E-002   6.6098476744329065E-003
         907  0.28033642349232468        1.8204455039316298E-002  -8.2279332433700132E-003
         908  -1.0499959520922557        1.4988993920416421E-002  -2.7026879392890021E-003
         909  -1.6215134819117256        2.9888596590747846E-002  -2.4226257467909766E-003
         910 -0.82165578126291783        1.8128838884263601E-002  -3.9881065079905645E-003
         911  -2.1713060945642426        1.8525121959433313E-002   4.1049779703848021E-003
         912   2.1003114367475804        1.7928160983074315E-002  -6.8242148678069620E-003
         913  -2.3184586491013470        2.4458085809073122E-002  -1.8494260894745833E-003
         914   1.1058941749735214        2.5212877767643048E-002  -5.1454348929499865E-003
         915  -2.4829110167154922        1.4690716205519106E-002  -1.0375887603258499E-002
         916 -0.35308081178095641        1.2241418988850944E-002   3.0014294731398302E-003
         917  -1.0771365273151028        1.5909741755188531E-002  -3.2652766663195509E-003
         918   2.2644655637339710        1.7028455316713403E-002   1.5809302199050055E-002
         919  -2.1987955369413807        1.7636944717635283E-002   1.5800012210602464E-003
         920  -1.0419447215023565        1.4803551913059071E-002  -1.7676112242429383E-003
         921   2.5468915008177402        1.1801612222069349E-002  -1.3784805832939742E-002
         922  -2.4752121176116417        1.3963923991519430E-002  -8.1040216317954314E-003
         923   1.3988611363329846        1.6787083594795825E-002  -2.4823416534942612E-003
         924   1.6706273376663392        1.9041932712730181E-002   2.3681486427578591E-003
         925 -0.80430120200525002        1.7724297287448110E-002  -5.0004569047004481E-004
         926   1.4205211894417875E-002   1.8045614266043133E-002  -3.4873627080142679E-004
         927   2.5544193626359006        1.0730554123242196E-002  -1.4123686445414852E-002
         928   2.5681694024330084        8.7341862236642153E-003  -1.4278888139774008E-002
         929  0.95488481477674880        1.6479450026200954E-002   2.3257877968632908E-003
         930  -1.4796512861354245        1.8920611900334481E-002   3.1988902996314618E-004
         931   1.0516911066835446        2.5111571972714374E-002   6.4463511389869273E-003
         932  -1.2611645959030500        1.5822294687631907E-002  -1.3202221288996882E-002
         933 -0.65631074777772558        1.6595826295565736E-002  -1.2902469577485655E-002
         934  0.96184040848408037        1.6706498775561657E-002   4.0755777265894331E-003
         935   1.9857161024758898        1.5604505071047905E-002   3.6853982521070708E-003
         936  -2.0799317479336303        1.7560203708450382E-002  -7.9326803237419110E-003
         937   1.3532586151826189        1.9901340382421608E-002  -1.0100425738352386E-002
         938  -3.4911383935552577E-002   1.7056847299957788E-002   4.0130223016481593E-003
         939  0.39782772792473953        1.5305225253513789E-002   6.0569824772914154E-003
         940   8.8437807017147332E-002   1.6962349982468612E-002  -9.3757767719164855E-005
         941  0.46664707496244417        1.9036453059395195E-002   1.7518294273220704E-003
         942 -0.41035860622589398        1.6252785532757844E-002  -1.3753558019800036E-002
         943   1.4619412366235325        1.7753352910656904E-002   2.6470362357253023E-003
         944   6.0451720982453494E-002   1.7290992793441030E-002  -1.9161772365311562E-003
         945  0.51960005832186495        1.7931889465079523E-002  -4.9128127824293452E-003
         946   1.5488109517383510        1.6585544121895442E-002  -3.4378021790908656E-003
         947  -2.3754488888680267        2.0776481575391258E-002   1.3031549583220418E-002
         948   1.5023869695781140        1.8059790458302371E-002  -1.5185873450269199E-003
         949  -2.5070576847505657        1.7875681568803248E-002  -1.4728341046082175E-002
         950 -0.13627260548469053        1.6570387676069533E-002  -7.8513608509418395E-003
         951 -0.18570857818135103        2.1886209240598364E-002  -1.0917221147930886E-002
         952  0.55807003716933834        1.5935594921685281E-002  -4.4298597385607433E-003
         953  -2.5146111101694419        1.9024072070215267E-002  -1.5033418078064751E-002
         954  0.48128328330779846        1.9124964283246188E-002  -5.5768886094463891E-004
         955  -1.6499280370046880        2.9493814466237653E-002   5.2297797992726866E-003
         956  0.63023274006788244        1.5426305830730208E-002   3.0264784889723288E-003
         957 -0.53733426773816073        1.6216987793965552E-002   1.4978358642621198E-002
         958  -2.3632967134484519        2.2269057524235161E-002   1.0913156928145708E-002
         959  -1.6974138287318150        2.4310759215000727E-002   1.4784276042313558E-002
         960   1.5969422812625491        1.6047920971202514E-002   1.9469205799237683E-003
         961  -1.2788704182915962        1.8394837792687399E-002  -1.4969853617343792E-002
         962  -2.2076833192255210        1.7561725630436894E-002   3.9760949091211450E-005
         963  -1.2871953796995965        1.9670477319557751E-002  -1.5032533653697819E-002
         964   1.8443860242486612        1.3494183234254558E-002   2.1058752575591026E-003
         965   1.8423090108339222        1.3450716837154061E-002   2.0009067752475721E-003
         966  0.44284799065184655        1.8187835104325527E-002   5.0677480001780802E-003
         967   2.3726502383680113        2.5705427034268938E-002  -3.0969373786681955E-003
         968   1.5977308469878095        1.6063970780190388E-002   2.0504346048757561E-003
         969  -1.5911318967381338        2.8077118380142645E-002  -8.7732723586164026E-003
         970   2.1080918140750744        1.7329438150297492E-002  -8.2501408588667689E-003
         971  0.77004571335739325        2.2377608818867214E-002   4.4692663522081979E-003
         972  -1.0223140193770424        1.4763639760509538E-002   1.5651324020519166E-003
         973 -0.89333799149131921        2.2332992787306015E-002  -2.3307289516765590E-003
         974  0.86981955474246864        2.1155843554791390E-002  -7.8284596520493965E-003
         975  0.37656692836021916        1.4235152833566434E-002   3.5520173219797395E-003
         976  -2.5227931852744980        2.0269496722029400E-002  -1.4746382292361688E-002
         977 -0.68710049161365361        1.9990425731325787E-002  -7.6967010597196080E-003
         978  0.41212963031245792        1.6245732867110195E-002   6.7022342092966283E-003
         979   2.3485849658454514        2.5958817768709213E-002   1.3501904240738945E-003
         980  0.38609503952379365        1.4646491957922891E-002   4.8762929892583792E-003
         981  0.83700388577598417        2.3131227887858867E-002  -3.5683014520181090E-003
         982   1.0155599313490566        2.1618446507514988E-002   1.1340516497199480E-002
         983  -2.1445211583686095        1.9515046521977879E-002   2.4991983319546346E-003
         984 -0.79556388926534061        1.7761287498685330E-002   1.3186736703812900E-003
         985  0.26629042144190868        1.9325763103061295E-002  -7.3143229926903733E-003
         986 -0.82361164711609891        1.8211764196873897E-002  -4.3344579150242941E-003
         987  -1.0783190353024965        1.5948663438063882E-002  -3.1962588919851637E-003
         988   1.2986982727636687        2.5189973999302204E-002  -6.0929373072531410E-003
         989 -0.17622419588122007        2.0798094331194773E-002  -1.1503053006291787E-002
         990   2.1538306824541671        1.2580101357388070E-002  -9.8762234317699583E-003
         991   1.0953130396243034        2.5686280241494754E-002  -3.5401697699415239E-003
         992   1.2016074109658623        2.2658572347333750E-002   4.6695087091665069E-003
         993   1.3146259679886447        2.3953396227595593E-002  -8.9716227704102116E-003
         994  0.53627298148733304        1.7047328117962317E-002  -5.3338990656595997E-003
         995  -2.0810681663336328        1.7651464404977623E-002  -7.8338218134809956E-003
         996 -0.64377349608496337        1.4935290931287383E-002  -1.2861380284376599E-002
         997  -2.1681301626287710        1.8658414653060014E-002   4.1258469793767627E-003
         998   2.3158110598492656        2.4201233457437441E-002   9.2700094382921535E-003
         999   1.5297155126428830        1.7294995362359837E-002  -3.6056067914421765E-003
        1000  -1.3675122722397641        2.6225811249721055E-002   2.3306293174100239E-003
