           1   383.12088437131524        3.4080600119988618     
           2   358.75483913201623        12.644311676420646     
           3  -102.10900902143810      -0.98751814143594363     
           4  -328.20921700183192       -25.226882742971128     
           5  -117.74740784112811       -8.0455652004530123     
           6  -217.17717071937611       -18.708818671128682     
           7   308.40387610485715       -5.7749333375925973     
           8  -41.978637171356993        8.2585410410952029     
           9  -372.59660866846934        7.6935964693344721     
          10   112.73479562254555       -9.0276479602479949     
          11   273.88315022170514       -5.0343669999186176     
          12  -225.70676650155715        23.895512140940262     
          13   75.767641424963671        8.8220171744019709     
          14  -33.200620781819232       -8.6692285039855292     
          15  -307.70514659332349        13.028118251544926     
          16   81.383815574778524        11.171443334129879     
          17   305.94764499262800        8.0696849641649742     
          18  -268.94803540981945        5.7280600267995814     
          19   368.56838336175281        25.456255171775307     
          20  -187.26555063896657        2.5941355029328017     
          21   122.46658877810120        2.7542618436750455     
          22   367.87527592927682        20.498088069315223     
          23   121.60200700356239        11.671783667493047     
          24  -75.109445901278164        21.860010332246585     
          25  -271.16690366620361        8.9009940533004688     
          26   207.60301814244011       -8.1945496574024972     
          27  -295.81948168927528        5.8328282720633622     
          28   246.87519738869059        22.801826942466793     
          29   177.96906192723736      -0.12220076765361758     
          30  -96.402659593855603       -4.0032012542902686     
          31   40.735339456954378        25.393882670485791     
          32   377.60395599196522        12.561792139894845     
          33   349.39447754594374       -20.742990329352704     
          34   180.19823907919900        12.839842125214082     
          35   344.07334937051894        10.514994290780376     
          36   241.63344319152438        2.9883204326301276     
          37  -337.48670580619006       -1.0005801881819119     
          38   75.221124591173520       -18.485871726155430     
          39   67.294304313145162        1.0183813859737889     
          40   297.12632550597760       -10.005681004840669     
          41   130.63612405863890        8.4119444799966416     
          42   2.8312125364140761       -12.159668587201951     
          43  -326.04918383667064       -20.336266742933141     
          44   37.934619585825956       -6.3451675361426672     
          45  -373.33488301415241        14.938687415890691     
          46   93.075709574194448        13.953782136964771     
          47   349.25718595940663       -19.673536581433414     
          48  -139.78376498581605        4.9378120470328852     
          49  -347.92226499370219       -19.675504880823286     
          50  -218.70701223438604       -20.370756527543659     
          51  -328.52681207504696       -12.910050985325791     
          52  -43.594114566862210       -14.873253431579414     
          53   51.588723905815741       -24.260067073222871     
          54  -61.376255655163099       -5.2094956535925521     
          55   366.97077762890780        9.8228564630764783     
          56  -381.19360703518140       -18.874026923428232     
          57  -348.98151008083471        17.328664418197469     
          58   137.43639310275461        4.1794915620994759     
          59   179.81495798171437       -19.581819584169004     
          60   262.03073406321255        17.084794268806398     
          61   189.83302514223681        17.503245155255673     
          62   22.206031105000658        8.4397178019059691     
          63   177.66715831420720       -4.5591824519835660     
          64  -111.09437095322417        12.004228890413467     
          65  -22.085398084671752       -1.9061028056144880     
          66   199.96261454077100        10.325430151744534     
          67  -186.36632746680044        22.322956161321212     
          68  -33.800240316194234        15.732953795687466     
          69   314.81300080142677        9.9387096073517469     
          70  -215.99385015491396        18.102681947436455     
          71   188.18545105630417       -10.143233648484662     
          72   132.41577987976774        6.0544157199709439     
          73   360.03168078015676        25.002203882633580     
          74  -124.73498195236577        21.459129147349941     
          75  -123.91352823300009        21.978119542131630     
          76   35.826984254331464       -1.7588579052749582     
          77  -248.77614617863932       -6.2223008883915680     
          78  -250.08012042646851       -7.3002281942648377     
          79   127.57084731982037        6.0460125365852431     
          80  -23.910622289759498       -9.3711548784096461     
          81  -177.96247030848252       -15.304016222863392     
          82  -65.120458232586074        24.444448033694975     
          83   33.272923435177113       -18.894567538673805     
          84   234.65108111803934        17.636871855120280     
          85   160.95528486462871        1.4776362520437130     
          86   126.15746811517070        20.437701689377018     
          87   339.69648591943519       -19.664566140674989     
          88   282.33404429785088        6.7507716085792753     
          89  -198.05345209137892       -17.319814781241973     
          90  -368.64854630707464       -15.797045981622263     
          91  -144.49810032751824        15.792025528829635     
          92   56.763237297089653        16.639293859317316     
          93  -164.42974731175121       -17.313746041728304     
          94  -130.18843206520017       -11.941477760122552     
          95   34.481468568460755        2.7295360710765095     
          96  -368.35657616184653       -17.913848588940493     
          97  -304.22440030151733        5.8249019614930839     
          98  -72.155944193422783        20.477942145388663     
          99   340.98533701274511       -17.512386995977653     
         100   336.45872240326173       -18.590878037197978     
         101  -99.112718873753408       -9.1029273169527585     
         102   165.52246907157050        11.715096390441884     
         103  -93.483553626388201        16.775654396046534     
         104   349.32156926634212       -9.7706178234397623     
         105   61.400277054009933       -13.594107222146070     
         106   265.19067041612300       -12.335243894005687     
         107   261.60259923979197        1.9204700188324799     
         108   93.609190397905550      -0.46793931435848429     
         109  -165.67136319128494       -13.486481402106998     
         110   116.56254293511667        5.4656872367244587     
         111  -78.427694537073236        17.788528880908181     
         112   105.96507766085917       -12.300009582146554     
         113  -108.70013882008931        3.1533356483720376     
         114  -291.46924767692491        24.401938161766363     
         115  -89.931104457858495        11.255636405590785     
         116  -109.13670105626490        20.903959709799704     
         117   33.639168505626920        23.443444722470151     
         118   330.69413110704022        6.7993631137455006     
         119  -157.38108942479448       -16.588281867399608     
         120   263.78551909239218        6.0480722339849891     
         121   158.53752318040367       -13.135562984213394     
         122   229.43000646030285       -5.5582852195725030     
         123  -300.33134739216302        12.938084356690030     
         124  -362.05617327690015        10.233700014004453     
         125   19.406592722005129        12.880550713624187     
         126   113.71197453971486        18.925322490662531     
         127   254.65540002888784        23.316201944535418     
         128  -213.85407424920231        4.0541324641642120     
         129   377.88559107521087        17.338334643669665     
         130  -250.39979354814744        10.686629085940826     
         131  -152.80593376785697       -24.222880219349140     
         132   320.88956031977597        9.6291349162152358     
         133   197.70350565735743        22.069129813276938     
         134  -342.64236483858286       -5.3552779865189040E-002
         135  -339.18578037381536       -16.734828774304290     
         136   145.03874278485162       -9.8623522858100809     
         137   181.09644724790653        12.860588953294453     
         138  -80.294809484822963       -21.022963172453970     
         139  -347.29850685313824        14.247456332906362     
         140   139.19803322191527       -9.6099317023134958     
         141   17.528793278198627       0.29561992497948514     
         142  -47.334934305660433        4.4696030830087619     
         143  -156.05957586876008       -10.460121554953339     
         144  -328.18597919544800        24.222232108579046     
         145   175.68523266915435        13.162609488629654     
         146  -146.93431164271988       -12.928585183596880     
         147  -187.19678392646767        6.0212006957386306     
         148   337.09694112996749        25.101302614652404     
         149  -211.88920829182379        22.811483721467898     
         150   267.79473246961345        10.206442265057428     
         151   41.921886406521701       -2.9792209355673154     
         152  -193.13000074459430        20.280800076896508     
         153  -272.78804040515780       -3.3357253147055461     
         154  -32.820306792075954       -9.7215925103393133     
         155  -14.688049617586950        9.6768762214036919     
         156   239.31512931111345       -5.4996146473874576     
         157  -159.27546870894179        3.8748809974145360     
         158   173.51319258883959       -18.218559372135431     
         159  -128.16225792004568       -17.320120075184541     
         160   26.637618486844243        11.389590380588022     
         161  -209.30117552178976       -15.350671033890022     
         162   363.91709839445235        25.172139657001168     
         163  -321.89694679443920       -12.705086295698777     
         164  -218.79628556170542       -15.515366607127113     
         165   269.70418168274853       -23.221199575693340     
         166   280.21929644364548       -22.076179258893543     
         167  -55.965643362535474       -18.496738869975555     
         168  -293.30262613176689       -9.8965729510053926     
         169   87.192490301390350        8.3468278090274932     
         170   304.85070486478247        12.937647976277560     
         171   100.00029728010355       -14.229611498511803     
         172  -12.445240200796050        5.8660389766271850     
         173   375.49725482490237        3.0185684092748342     
         174  -99.419273797440368       -8.2826689086053449     
         175   188.97731331195277        3.5564798746766422     
         176  -33.774740427786860        7.5576731963350001     
         177   141.36899110324771       -16.810083216857670     
         178  -174.73909414122613       -3.0211130115811837     
         179  -32.554038956421984       -5.3419095426186916     
         180   145.01734216950260       -10.256675562249978     
         181  -226.97488168100247       -15.693501863498879     
         182  -62.370036270012207        9.7229077127051635     
         183  -276.77230043588446       -18.169195324401247     
         184   125.09695214761093        3.8594352033220103     
         185   211.71189912309100        14.040125111478753     
         186   204.32266116847734        19.202046262742567     
         187  -308.60538180813120       -8.4397017352857979     
         188   111.72211532283799       -18.787474218383924     
         189   236.80862300039192        2.1354883270275504     
         190  -180.37050646236165       -2.0973753820865477     
         191   8.4122689428287121       0.24654894077217915     
         192   355.56592666243120        2.5619936164663271     
         193  -238.98581580716041       -15.242935183767960     
         194  -193.47202450871106        23.974661142757046     
         195   212.82187851083987       -11.592276904334346     
         196  -2.3479299318804658       -5.1636687786806190     
         197   87.238180637706478       -21.151297912999556     
         198   182.49164381677286        18.506330548930936     
         199  -122.40295596952596        9.9164815408980100     
         200   109.25009522992539       -21.139723280980174     
         201   160.14784338996941        4.7154414495452244     
         202  -205.75433605324608       -21.664909726194526     
         203  -135.26132612862378        21.067665775665581     
         204  -227.69930058447039       -2.4088458393233108     
         205   174.92350049288504       -24.053742829735807     
         206   13.112975119860122        13.650725284587471     
         207   303.66075472349735        22.668993026674602     
         208  -161.84923988446627        1.6047559810591920     
         209  -205.72429548876826       -9.5483921014892648     
         210  -276.02858110315856       -8.0283753718808200     
         211  -266.78339315381385        17.810037241001503     
         212   363.47914854893702       -3.0128743358928771     
         213   211.31983594510851       -2.2330696284989404     
         214   280.66537941951543        11.626729734882749     
         215   105.74861985471405        11.425981072323856     
         216   80.243562053947244       -24.158996538928662     
         217  -159.57028034589746       -15.443222571805448     
         218   345.46980198559629        1.6241548049543475     
         219  -377.02339476033359       -2.4410849738479588     
         220   356.95881490647025        24.792015589827539     
         221  -122.49684853039390        23.423860535425316     
         222  -133.43473963269727        10.415877701420310     
         223   223.64473012973974        11.401745922746944     
         224   176.29589232941728       -2.7855223350479226     
         225  -91.029994000008571        21.533458624780177     
         226   191.28596425523475       -3.7367659312629438     
         227  -217.58104641380163        11.700089227317697     
         228   228.62457771217100        2.9795890434237386     
         229   296.77085977923076       -5.9605879617645723     
         230  -199.58659230047581       -9.4307539062372499     
         231  -51.663403850766940       -23.052886347638658     
         232  -58.458614621269206        12.103684397418215     
         233   287.04493839500191       -9.7926551759950886     
         234   264.35459857141376        16.120695953808841     
         235  -71.763463437419233        18.614396486921979     
         236   271.23288103007764       0.61618652681477937     
         237   212.83888161736965      -0.36413768410716035     
         238  -227.26271019593113       -2.7983253246993756     
         239  -51.162955429305384       -22.709658729716580     
         240   154.38199584409293        21.381098867050433     
         241  -85.459682835734696       -12.807206833878139     
         242  -102.91279555283801        25.431847452126210     
         243   124.80098641732829       -16.333539084667841     
         244   286.72959789338017       -13.058165965185802     
         245  -295.37820331738288        16.229195517296091     
         246   27.443048452678887        24.890739552783689     
         247  -64.444608412579996        15.718098097706296     
         248  -200.24745041973804        23.983165184379029     
         249  -95.234995167683024        6.8034248225475391     
         250  -279.58731337121537        13.692094604165748     
         251  -307.07680473772450        2.6492570612614244     
         252   255.37178806438422       -6.2598061899447845     
         253   283.18115849871646        6.3577758407004650     
         254   40.281521828708684       -14.707871902101962     
         255   248.49417491187992       -6.9563006816585542     
         256  -207.49790337290830       -8.7151671993997510     
         257   138.67134696361185       -3.6187024833278727     
         258  -36.725264245993721        21.808030912684387     
         259  -41.401980706400607        8.5297066785347635     
         260   216.25735280037841        14.832182512406746     
         261  -232.74004248233481       -12.424650014743968     
         262   136.13943945135628        20.325075515096685     
         263  -96.239188467505940       -24.478131288737028     
         264  -75.458257511281118        25.039087313211127     
         265   365.55712394132172        23.984175346734038     
         266   361.00462404745548       -6.3889246980637653     
         267  -310.09129525189076        12.786896116608203     
         268   249.87269857240889        11.446688385399248     
         269  -102.36970670957170        6.2246555245179858     
         270  -149.13155091496569       -10.134876175706774     
         271   135.81421834621216        16.833265835428460     
         272   43.369290756435696        3.0316901114722206     
         273  -132.59103408522677        11.765911058982857     
         274  -263.14520844337432        1.6766345302591561     
         275   218.82969209421910       -14.495125863759531     
         276  -134.50867150574811        7.3963469011306293E-002
         277  -213.35322238667703       -1.7085720787335301     
         278  -241.16492945215558       -15.549432117264116     
         279  -225.67274297597507        20.696098102721773     
         280   230.93752314741229        11.982368146605703     
         281  -65.181982252928933        15.860383863448675     
         282   376.04809273580298      -0.45286682125465638     
         283  -216.12619018570743        13.355982836550735     
         284   313.62771520965930        4.5715563642070887     
         285   285.37731854320464       -23.531037348513319     
         286   337.28591390736443       -23.107955122619508     
         287   305.75318406587905       -24.492964059769839     
         288   384.41805985349146        24.490035678511951     
         289   85.979575534625951        4.4659472498502355     
         290   355.93539396817198        20.064421345510212     
         291  -229.29192980677101       -24.850607943022975     
         292  -188.65732070951267        19.911831449586103     
         293  -177.42733297373067        19.840003456436847     
         294   14.740819508283392       -6.7724845061318284     
         295   372.54459546645268        19.224523406004639     
         296   139.71399941291517       -7.0144429682562510     
         297  -232.39303396316268       -15.951379764344003     
         298   375.49469218829506       -16.184423383382189     
         299  -375.88882278936705        22.629593411560524     
         300  -6.2123008187756987        24.506987374567245     
         301   87.228845615894258       -7.0029587760098932     
         302   24.931118035210091       -18.064515890654469     
         303  -282.72084324034506       -6.0596407982793341     
         304   154.26283984452979        2.5362714395681794     
         305   250.68992069034516        1.9043083358586741     
         306   124.99621563349403       -22.788373391040839     
         307  -252.97201288313465        6.0516239485669310     
         308   199.22418877297537        20.912989436642963     
         309   164.78006648038519        12.240611594202518     
         310  -110.33907330051507        16.414921606451529     
         311   40.082837487809691        7.6909383928163244     
         312  -240.57383623196790        16.233770869064646     
         313  -367.75459975691609        8.0161296099066792     
         314  -292.87599445953725       -5.8470847140203057     
         315  -198.16334930183558        23.732582105408031     
         316  -11.326211764015863        25.109832116924384     
         317  -168.41348437564466        24.399930189470467     
         318   348.70912893173210       -13.101491604136552     
         319  -64.201918571263008        12.024814546891095     
         320  -234.63196432064126        7.1063791109412211     
         321   99.853908204689745       -20.253658236510574     
         322  -278.16615048821723       -2.2990130980108314     
         323   372.96271543119667       -3.8293203378015130     
         324   157.69935717654482       -6.8646054329915289     
         325  -230.71007120640135       -4.6108462255005174     
         326  -200.79802846013516        10.455227255101272     
         327  -324.10773453434956       -15.105294444696506     
         328  -371.63920576929820       -8.4501882777203168     
         329  -165.65988621136231        17.616105665388581     
         330  -4.2857915236947086        10.715525396312295     
         331  -188.92125739921133        16.458899850599618     
         332  -168.15669580393521        6.3647771640918975     
         333   189.27131629016444        19.070663483089273     
         334  -286.52182800228633       -11.261648734773406     
         335   326.07668572552046        24.801363629004456     
         336   222.75436618754784       -7.7557389675289334     
         337   203.53005309558125       -15.652335422484533     
         338  -335.40339380957994       -23.193748029892220     
         339  -272.18096128819775        15.652071512117189     
         340   120.13448589633829       -13.021579174402756     
         341  -135.23898507368995        24.667339987389564     
         342   87.589626829114522       -10.581349434849733     
         343  -3.4172778121475647        12.042573969210139     
         344  -354.55988052494666       -24.701413780044398     
         345  -16.536800631981784        14.107442566263499     
         346   313.33296923697918        21.174874497590530     
         347  -127.95144880702667       -10.235011243227859     
         348   253.10070898303627       -2.0724947028867291     
         349  -373.56989720576973       -8.2060137490765896     
         350  -340.18795047081613       -20.768550005188931     
         351   116.83293643906752       -5.3454825856478614     
         352   92.346105258814717        16.586219037892754     
         353  -123.91115964318901       -9.7681332903290379     
         354  -107.09073117176683       -4.5040281267716331     
         355  -30.070275662936858       -5.9969376587746046     
         356   110.20006122019625       -13.175751098926844     
         357   166.07211914817069        18.196893466749255     
         358  -258.76554916176070        11.796506724437057     
         359   7.6371350896262182       -11.211627637279911     
         360   379.65331775652749        13.323588170732878     
         361  -359.80647021233443        10.539688279034735     
         362   132.50682409487933       -20.907852908340647     
         363  -29.882300992615058       -12.044237926230924     
         364  -111.27200356533018        11.380061854037089     
         365  -363.98463503652221        4.3268278770614454     
         366   149.56869607532215       -19.854669553103069     
         367   20.218066059096827        25.177520887164025     
         368   174.21528031084952        13.284855647372300     
         369  -228.21397597723092        18.525888397708858     
         370  -236.77827857277089       -21.003855513659914     
         371  -199.21339620409736        20.936683485523439     
         372   253.99127010084351       -21.545166083181730     
         373   286.03687375167931        2.9166984980474080     
         374  -79.166008659485684        25.464797973848047     
         375   207.91450130552678        14.568737055696296     
         376   195.11442727049268        3.0712610592232279     
         377   149.70604667458909        19.156062764380145     
         378  -373.96050423130555       -10.927193362707587     
         379  -245.37965743683378        15.693496324584363     
         380   40.455542979472334      -0.72220518962367652     
         381   28.288985799674059       -23.187509490125777     
         382  -274.24426280757217        14.286659316320069     
         383   208.38083025089318       -17.364036463798278     
         384  -23.900969594634677       -17.186178609223251     
         385   37.616481446316648       -9.9430648085348530     
         386  -266.09965289670646        3.8260714202145598     
         387  -274.05247335393824       -15.641852854897277     
         388   147.13130646927482        22.959600979813835     
         389  -283.81353602896831        10.709703160279968     
         390  -92.606844082882333       -5.2029747733166358     
         391  -384.22536542921262       -4.4273284738744678     
         392   233.93623844381997        19.271082084337554     
         393  -276.59248017556314       -23.304381096619206     
         394   50.550246207845802       -22.531703130550621     
         395   285.94241954575836       -7.9398697801020655     
         396  -7.8281772132641709       -11.106954484388670     
         397  -201.30656224795021        2.5320398868655349     
         398   164.68177450869553        20.544169243402418     
         399   198.17863136232782        2.0005239496245300     
         400   112.35941090014599        14.124435460716500     
         401   291.84188465178295        5.2396846253830773     
         402  -337.63193649503671       -3.1048376416932357     
         403  -378.29688004916324       -10.221670010517634     
         404   364.59605129845272        23.213720916772441     
         405  -220.76857286833288        8.8723093029430249     
         406   27.838832919162272       -7.1554124041786524     
         407  -383.94278481340484        17.821253346690082     
         408  -60.466527427237068        12.640094238564958     
         409  -376.03389263845520        5.8327846267450205     
         410  -42.784275015153405        8.2957021410212555     
         411   145.33439609855984        22.395438222126540     
         412   166.88290553771228       -2.4650491477686560     
         413   103.56959111747150       -14.066098071163525     
         414  -78.415159128881243        16.834979412069533     
         415  -277.96205044267214        13.052528568807562     
         416   225.60174453200440       -13.876785367468260     
         417   21.626806364304510       -18.490053809359534     
         418  -251.05819461079523       -17.975975109728054     
         419   238.70758640292098       -12.674260044723209     
         420  -69.255302410753870        23.286428462932218     
         421   169.19969097815698        17.104583870322383     
         422   213.16173387258866        1.9320608378729562     
         423   85.692310870378506        9.9002705675796001     
         424   77.526010377978437       -20.586216132340706     
         425   37.881347179647129       -10.562276621918830     
         426  -226.49052296852804        17.496324973856883     
         427   116.65253254148305        23.617243635806645     
         428   84.665994472178923       -4.9020536028948278     
         429  -285.96675703894329       -18.472545281727232     
         430  -219.35377853444055        1.1734927973626348     
         431   161.48951436614396        1.1418343155533122     
         432  -242.96904150802214        18.517523137278960     
         433  -142.98757343320818       -25.343697336109621     
         434   384.67489781149442        19.400418659917065     
         435  -197.29443652385973        2.2400433342436061     
         436   200.96590822602596        9.2627329424655613     
         437  -60.591285593875448        4.8312259041847492     
         438  -41.232677369102774        22.669454422244069     
         439  -256.90694489575213        24.203184160614121     
         440  -318.07809350561251       -17.793272693524010     
         441   315.62400361849171       -15.018068257435557     
         442  -214.41149363409951       -18.658562048502350     
         443   152.03377244818967        24.329983214091438     
         444  -382.81590701990257      -0.29475086277163931     
         445  -194.30264152674556        20.530939367690184     
         446  -304.67567381195835        14.036719244658824     
         447  -304.47243311118763        6.1563927920707417     
         448  -127.56339057891725        24.364791293700769     
         449   147.78345434216976        16.711635625356852     
         450   360.45837760019589       -11.350631422864696     
         451  -103.14024553909701       -17.634559114404034     
         452   370.29806971841964        22.019088967759153     
         453  -204.60781977732506       -19.206985294006873     
         454  -103.00841937961772        17.311759662311196     
         455  -288.13955510486312        24.988685147902007     
         456  -15.391356030205666        23.533124245978168     
         457   354.61449305425884        12.914618725006877     
         458   112.11154253886198        8.4090873680785680     
         459   292.05576116362158        11.711327928391123     
         460   151.13248061167704        1.7517374075685126     
         461   191.58177666646102        16.664751579801624     
         462  -381.82077467178078       -14.031148688154033     
         463  -66.133385534354616        6.5616216721543266     
         464  -347.45909254833430        8.3231956055496941     
         465  -248.06868692102745        4.1870891033383684     
         466   354.99534169611542       -10.913079422349293     
         467  -169.36817033392737        19.293248834001361     
         468   136.27835920776965       -13.453895855045843     
         469  -241.46200217702608       -22.334020343729730     
         470  -256.49992289670445       -14.603661662791446     
         471  -56.464227726075563       -20.567110224775163     
         472  -204.03493452549577       -18.884470565380028     
         473   341.02858768665618       -8.3873237263269012     
         474  -331.27272430294391      -0.37653036920186017     
         475   151.42602572127484        12.357044097354203     
         476  -291.32996251372123        2.1153542515262518     
         477  -37.941680579069548        9.4431669925530493     
         478   257.14802573525412        22.039010301481586     
         479   205.19113012604183        4.7708204745117833     
         480  -73.358979126154424        25.484635404151039     
         481  -281.26880126413801       -7.1328823192209629     
         482  -298.08518378027128        6.7157267527247084     
         483  -264.94196469854694       -4.8865493311209036     
         484  -242.22907575955520        9.4498593775374236     
         485   86.709096094961055       -13.032966740288385     
         486  -273.56265324713462        11.117778485892641     
         487   246.29621541537625       -19.446314734724240     
         488  -287.39506794490080       -10.896498862279929     
         489   374.80050743449607       -12.980792301974398     
         490  -8.3684913095343880       -23.985577765580988     
         491  -204.07801203538600       -2.3575690313560380     
         492  -162.94731343928828        10.968386754590565     
         493  -49.353079181412106        5.6920156526870649     
         494   47.727725463783621       -7.9981957570202917     
         495   209.12417393469519       -9.5064827577891461E-002
         496  -35.579768940175633        9.9779772718898219     
         497  -245.26957617564852       -2.9890911287568516     
         498  -48.695315426605717       -22.503715441162250     
         499  -100.98373960702195       -3.5268091256212304     
         500  -232.03536037125394       -5.3552148887320801     
         501  -194.88800574898880       -22.329613006163520     
         502   313.89128617690244        1.0067110740463570     
         503  -319.85369425644160       -5.3066663355615091     
         504  -306.85545512748621       -23.057493826512687     
         505  -200.49043684521763        7.3164651866602464     
         506   37.627414942617051       -16.098125947325492     
         507  -56.286894521762555        6.5080742216829890     
         508  -317.82260976905877        1.8923037175091937     
         509   265.45445524040241       -4.6166885563474276     
         510  -228.57341241350187        16.684284023366718     
         511   358.68789132899053       -6.2354946184804554     
         512   113.29271973922522        9.0649191933505548     
         513  -41.819427088449892       -16.723784105507150     
         514  -113.94402766661213       -8.7138776126889663     
         515   190.05619420277827       -11.652966805037062     
         516   47.194675481510103       -18.745409287644883     
         517   229.74998692913277       -14.996041776112168     
         518  -364.55257102552156       -15.491809304858233     
         519  -378.95915988979391        16.410461187724771     
         520   342.22636284024588       -1.6322157147788670     
         521  -297.53430991595451       -17.314763524872092     
         522   265.83334482426545        18.039060751847412     
         523  -152.92719004514754       -12.690251142169938     
         524  -230.33413187119424       -12.199722102748879     
         525  -187.02907992395632        6.5594873781469332     
         526  -20.042957571281956        18.864632006047099     
         527   114.42812839888900        19.861041268011260     
         528   227.34063969428794        19.388474344832410     
         529  -219.66004103266067        23.043618381962681     
         530   168.71872628494555       -19.856722203183789     
         531   352.24321676652943        7.4943184089538413     
         532   63.006078323155975       -24.840975997852382     
         533  -172.34733566526796        15.323132877987767     
         534  -132.51901311956706        4.0495908466724631     
         535  -366.54960308809785        8.6651470326632154     
         536  -245.28404384113739       -10.882456582024698     
         537   122.01090536298271        4.5372211602398993     
         538  -335.95279780323233       -18.726212580483683     
         539   186.08061912924109        1.6923221025871904E-002
         540  -360.79060481775559        25.027704538243480     
         541  -382.36375362191575        10.163902344358284     
         542   199.47001051396978       -12.534868897830410     
         543  -129.77139678925818        3.7161643054374407     
         544   378.52081932391053      -0.52657636469338898     
         545   47.075468501302858        5.4271251754162311     
         546  -319.02955573129475       -12.333166867673489     
         547  -22.790936717018969        15.979569223145987     
         548   172.95809471958356        25.144536305742626     
         549  -334.44734983880636       -21.684945146735188     
         550   255.01961242209234       -4.4498120475459206     
         551   124.76221580161436       -12.544007710746998     
         552  -13.060936535293989        5.7325184190359675     
         553   140.91484220005469       -5.0668636216429599     
         554  -222.68262113032657        20.905544680425344     
         555  -18.727891703678150        18.172251323584991     
         556   320.97045496734540       0.78521357483858456     
         557   168.55043045647869       -10.834820250095756     
         558  -337.25240564324736       -6.2975500243183724     
         559  -185.57590811936217        2.0608746712531443     
         560   26.444677636877852       -23.916843441816727     
         561  -59.918437125517968       -3.9111218034415387     
         562   114.42648415133910       -17.390833019635433     
         563  -86.462251121286883        5.2981329437044806     
         564   30.826288371790397        10.506070690902215     
         565  -294.65242222737857        18.096389286986966     
         566   61.949017906724606        1.1801388769298902     
         567  -18.877202640546365       -23.768405173268032     
         568   205.48177129082930        16.241880696801090     
         569  -341.62386677976895       -14.651400070096248     
         570   187.29269675434799       -9.6978880609757745     
         571  -296.42419559294575        18.776340942159219     
         572  -108.26693190698882        20.837695494282951     
         573  -221.54361002772649       -7.1937717755731576     
         574  -312.33489974378961        7.7462633981215152     
         575   311.57031510387316        13.456950009271905     
         576   302.18814341809247        17.100875743921552     
         577   5.8666281105679232      -0.22879976528047641     
         578   3.1684001519364626        13.699181644318136     
         579  -89.805397128525541       -20.817637477785002     
         580   328.07230492081072        10.616605201376244     
         581   255.07247364105399        15.355496002589396     
         582   68.618061366268023        16.064632207884280     
         583   168.83580500235237        25.406276227354294     
         584   336.37552605911799        9.7407039477868764     
         585   170.07335520907310        6.8050864344578637     
         586   296.92031944436525        13.326131459983355     
         587   141.71836585708280        18.499744328873941     
         588  -156.27147021271139        24.627858288035387     
         589  -310.19696050694608        6.9248038316393137     
         590  -333.67957299993793       -16.678851540386244     
         591  -27.847639919657773       -3.1068745789995629     
         592   234.16018228979883       -3.6274708857089144     
         593   202.09616390264387        10.625271442019530     
         594  -195.21100853531169        20.460052247828081     
         595  -336.18554576841058       -24.584530670076347     
         596   344.47888389770856      -0.58039672148597288     
         597  -88.859346716686233       -21.330460640204361     
         598  -15.672969504167440       -15.323951822738765     
         599  -112.24926860486951       -3.5033143519651322     
         600   312.82288207422943        22.248699375355084     
         601   188.99329255824816        23.857944132969703     
         602   291.49033215418041       -12.327502677363762     
         603   226.18234953153944       -21.464672204206391     
         604  -371.03603752006916       -8.4619978377630485     
         605  -127.19478733716825       0.21861728003248326     
         606  -91.722491042815690        20.055488508565286     
         607  -183.83983368957951      -0.28605194047148291     
         608   184.52565011149912        6.0193653786266408     
         609   136.17674787517370        11.967518974884211     
         610   281.68392547412498        8.1135327716538654     
         611   309.58847117907055       -11.630415978480451     
         612   334.02298969264075       -18.349736120123321     
         613  -126.01944941458692       -1.3172647539976123     
         614  -384.02182870751966       -13.679974140342578     
         615   352.96695255956558        19.674053704326859     
         616   43.478371301158930       -8.2970791734573996     
         617  -241.28613031407460       -5.9684479323914612     
         618   127.83361124746177        21.117158437850549     
         619  -67.256961975666840        24.904942094494899     
         620  -255.76610319790714       -19.140982124906920     
         621   6.4648643173391012       -1.3082276715426269     
         622  -264.79212454781492      -0.67509260683071015     
         623   236.30602919621285        24.880847700899125     
         624  -319.27703922979146        23.509502153291404     
         625   155.16820323045133      -0.97658163105544749     
         626  -44.515938985861041       -24.236770543341589     
         627  -198.88594773186350       -19.512376805291218     
         628  -381.72008768729495       -12.164370952729351     
         629   74.981172902420056       -23.870281882690545     
         630  -17.020883034752345       -11.518850497517089     
         631  -325.23658168558376       -21.578031418653115     
         632   276.40668764697887        3.6663974885654937     
         633  -319.93231002485697        3.5100777015036164     
         634   92.573057166123348        12.179309768788798     
         635   376.55527643391167       -10.354733890544852     
         636  -343.09357591328273        23.269271359127444     
         637   271.82043841874548       -22.709783239021853     
         638   362.67591308389518      -0.66581538046722089     
         639  -26.191444642320814       -21.599720740309408     
         640   221.20300567951014       -8.9911503705605362     
         641   168.97826604986008        11.581414015337820     
         642   14.124080132381510       -9.4569888920052154     
         643   315.43162803283155        14.362893002425494     
         644  -14.703182005084258       -24.453400597767846     
         645  -270.88879076269563        19.086028029509951     
         646  -33.427360822213977       -15.412638665051540     
         647   117.56467471588670        15.463988641002354     
         648  -203.57963615529178      -0.72717890164945920     
         649  -211.00099046023621       -19.500291580924696     
         650   256.83406746931666       -2.3486665643134819     
         651   301.13751632385373       -17.545234585336640     
         652  -239.83966010299807       -17.743136043996870     
         653   79.768041888761687        21.861344814417471     
         654   360.07494786233156       -19.330887486695818     
         655  -257.11264184957224        18.472531364003050     
         656   191.35093984752473        22.545654656740687     
         657  -161.33409892523031       -14.379770745745397     
         658   130.28599060061049        21.717681631122488     
         659   95.768152063167861        8.9770380440424677     
         660  -383.30632921822485        5.0064183062209553     
         661   250.44301501802497        22.612449684318616     
         662   24.647234961000478       -5.8804690363776082     
         663   133.03906471791771      -0.31720675238188922     
         664  -294.30920443636052       -23.988640598959936     
         665  -194.07482608958762       -11.760583549763362     
         666   245.32899287666808       -24.028118527739139     
         667   183.61124324313028        17.060939326094505     
         668  -250.95292614571017        15.024635040549560     
         669   49.344387682377814      -0.24813221800645546     
         670  -1.4315859884155313       -12.683218575463400     
         671  -52.662051167740287       -16.905530073849878     
         672  -133.62804610306134       -24.644911134719958     
         673  -243.74720083804192       -2.5447948665980102     
         674   359.88826593531144       -14.240789938667591     
         675  -61.155458189709236        9.0130506413745231     
         676  -192.99997748794965        14.329153561093065     
         677   253.88405289747004       -17.250179082302946     
         678   323.86448715868522       -15.734948462022178     
         679   229.17265885340004        24.681563983187665     
         680   295.82880858951637        10.095656863913812     
         681   234.83918736017952        15.899271835232996     
         682  -89.157738159080210        6.9812940049102945     
         683  -202.54615384481357        15.328219882472190     
         684   162.09677808479384       -25.226824236058775     
         685  -216.19109325438419        20.362846467845831     
         686   76.080274130914759       -4.6836054880768589     
         687  -307.77327754377956       -20.132600184896596     
         688   56.214214497454158       -13.329378426489402     
         689   115.73547442469348        20.497740275424036     
         690  -22.927193411217250        3.8757319022178511     
         691   199.34989823540033       -4.4553956743318173     
         692   384.06059550637138        3.0506820415970926     
         693  -219.33262520212969       -21.669028414577706     
         694  -266.45058888463620       -2.1206209856491829     
         695   303.19975199809790        6.0531747193267753     
         696   106.77054486899611        21.174195066339760     
         697  -106.68142118133773        21.134235650648780     
         698  -267.68468600825156        24.202015923159902     
         699  -65.477710962323272        12.333340503065520     
         700  -361.57965863379405      -0.75143246233982375     
         701   316.92199828991920        20.525033393296585     
         702   323.51941357561395        1.0241608739551815     
         703   181.24141687244713        16.651154857822121     
         704   156.75954890471473        8.8670335544883887     
         705  -326.03982130648518       -1.6401754363588774     
         706   379.43179842387582        4.3103055518097575     
         707   49.152717904848551        4.3375116556844970     
         708  -88.083839336601997        15.986707141290532     
         709  -63.542967042563561       -8.4856285780439080     
         710   27.375856034007096        21.797942658466358     
         711   188.09178147227360       -10.463509597042263     
         712   53.664184005051588       -9.6686738892685344     
         713  -23.496999603968806       -17.653248668154042     
         714   74.681032410253295       -5.7451094814380239     
         715  -238.60348547074966       -20.373898369622328     
         716  -379.27774662247208       -4.1807517640574048     
         717   55.747531666196636       0.47061215199589679     
         718   147.42189422178703        6.8515449089980383     
         719   362.99648771942140        24.014778436985758     
         720   180.71503394416789        21.734459906574312     
         721  -334.94752241947691       -14.779855870072835     
         722  -187.12808864823643        9.5515606515295559     
         723   184.33145557677091        1.4946899982944502     
         724   56.727529332736488        6.3703106367179592     
         725  -245.94037604750793        6.3029245087669894     
         726  -141.95750839740123        9.0173613462786211     
         727   2.7749448263606249       -14.805883152741954     
         728  -194.72867486212326       -2.9569737026423137     
         729   73.528601185054043        9.4318642245218367     
         730   143.63398300315663        7.9863968088484297E-002
         731   357.81255581017371       -15.420999105247175     
         732   90.385045647424647        21.225104507585588     
         733   254.39001134844534       -4.2666231426266856     
         734  -366.47238511933665        20.569406460664283     
         735  -358.54797668281668      -0.75840348215996201     
         736  -284.21064474179457       -17.136255122690859     
         737   117.85072069576610       -5.0603382290452430     
         738  -334.79035727370558       -12.839511967768379     
         739   109.15120089422534        6.5684310075108794     
         740  -193.12972554855878       -18.820192541830490     
         741  -246.47521353860017        5.9492553285566689     
         742  -71.737248781131115        15.414746484536135     
         743  -224.02048546720397       -20.628459502304487     
         744  -122.79299084779099        20.451089961979424     
         745  -322.72989540125951        9.1011900219594057     
         746  0.12159921205610269        20.627273711576624     
         747  -336.88780367324830        11.379206224552133     
         748  -128.51881744889857        4.6254031063746854     
         749  -337.68642810645582       -23.207568041374778     
         750   62.949357007847993       -3.4478864109283993     
         751  -308.98930860556931        23.345407353167175     
         752   209.51147124928553       -17.986375073099275     
         753   171.52866214100146        25.318874007174475     
         754  -135.86015629607815       -22.447672686129469     
         755  -373.20575882186284        20.242258814045400     
         756   255.64336742739206        12.962281094513177     
         757  -120.27441348113936       -10.355121344252108     
         758   33.016788128816820       -6.9195782999601985     
         759  -316.91650962883330       -2.9233529045102200     
         760   373.55225208812146        25.137064026751681     
         761   330.70640175867675       0.67272537393457443     
         762  -320.52987312823944       -6.1245195756398250     
         763   383.53543068771376       -15.605647999016579     
         764  -287.52442396135041        12.918912520745561     
         765   200.53188165463817       -20.643979335965025     
         766   80.727722466014725       -20.967472679976034     
         767   316.42432982489902        22.733417070190367     
         768   168.78643405745700       0.26397543588752981     
         769  -236.56915199160184        9.1013405335067166     
         770  -32.162310502869310       -4.5343407088076626     
         771   64.977354946519284       -16.070025965690554     
         772   22.054801174842559        22.569114074277337     
         773   366.31675625930404       -1.5402674612915124     
         774  -343.24226396414559       -2.4677152030995426     
         775  -229.23189941423405       -23.001169480347450     
         776   358.63393111710855        10.949928666094468     
         777   284.82216434197267       -17.234783128514565     
         778  -6.3845698923064687        8.0986564852983385     
         779  -167.08643719643177       -20.957211132927956     
         780  -358.93180205160149       -6.0781340989897972     
         781   100.23783567647996        11.644985438157526     
         782   289.06146619964795        3.5281100554802940     
         783  -213.94763795528610       -6.0830068607369823     
         784   7.6754845609652840        19.461504461693774     
         785  -382.94357643096231       -9.8867625224228526     
         786   314.82486062033274       -9.4990593134623200     
         787  -134.23942289533861       -21.727439984085390     
         788   277.25395177428845       -23.998475177289787     
         789  -233.86897299977593        11.337751947822548     
         790  -265.24479402961629        13.688063768639900     
         791   372.47263745009809       -3.5330962320129946     
         792  -172.24136485336732       -22.632241631220165     
         793  -276.08821968220485       -5.5557184275370872     
         794  -122.05610056419910      -0.84778351489523196     
         795  -240.62895759734963        7.4290711470606672     
         796   29.085974662072079      -0.45287999982480676     
         797  -82.763655862784560       -19.349448687677000     
         798   93.029104029817447       -3.5257252908532903     
         799   83.725782473511345       -13.542575750140537     
         800  -243.38312826279895       -20.937082899915005     
         801  -93.225780642942695       -24.975645935277786     
         802   264.33809158093811        3.6721834671663878     
         803   359.95580990210834       -18.421960207584593     
         804  -304.15128627889305       -15.965051702184452     
         805  -227.16174443806264        22.204901281391415     
         806   208.79297252717117        8.5574514725234803     
         807   54.671543907225697        13.052695496229743     
         808   292.57696293137423       -10.255658887915233     
         809   171.18808266783978       -20.822256960060280     
         810   248.15303848451740       -3.2754472026438868     
         811  -140.57124845462263       -6.5467525163809901     
         812   54.690165517079222       -22.503378216593628     
         813  -233.24640819938040        12.825588294143341     
         814  -17.789401288098631       -18.284485468333436     
         815   9.7381679143008881       -24.164515499930285     
         816  -122.08691429718148        14.513255385333055     
         817  -139.06216752765249        1.2454565617530191     
         818   162.85387876861330        7.0428622321052403     
         819   8.5118960979340379        10.135504903622309     
         820  -203.31446485625136       -18.412124574151061     
         821  -55.165457695776922        4.9895503888757986     
         822   303.46228396104186        25.468984247741677     
         823   329.26007085773927        9.3872641831251808     
         824  -238.21852267962652       -5.6301158346582119     
         825  -316.55053554202510        10.057290434834869     
         826   185.09683331538500       -20.591596783520988     
         827  -330.27249212324023       -14.446507899630088     
         828  -344.57220099348581       -10.137279912030714     
         829   189.96312050948532        6.6905771739191700     
         830   112.84024466636693       -20.674133051093897     
         831  -260.59651734973863       -6.5565977592705256     
         832   69.999698427946299       -14.549897668756765     
         833   237.40258875595623       -19.703868472276955     
         834  -111.14003837371537       -16.892865751324390     
         835  -179.92054285007990        25.460693119287434     
         836  -19.734576420938851       -6.1975643538570759     
         837   357.38996671950025       -23.191239657405049     
         838   22.436634189103668        20.986130275965863     
         839  -229.78798990787635        20.966658034775843     
         840  -15.601857797306613       -3.3413039768119193     
         841  -134.19090138563047        22.946034375557840     
         842  -107.99892764660994        13.302682725014551     
         843  -359.21297531792567        25.083024617010718     
         844  -366.24993752197531       -24.007183351927583     
         845  -175.20746904939830        12.679456417907071     
         846  -165.17292051940078       -13.936454164765959     
         847  -54.332675951280670        13.883139070904218     
         848   68.508346689228290        1.0258901597773182     
         849  -374.66933759942270       -8.9148828928729174     
         850  -99.136392486194111        17.068796511930156     
         851  -183.75194452931410        12.122802873343991     
         852  -351.96516578358160        17.454563806089674     
         853  -277.93870832769005        19.885694203589033     
         854   28.204634906518702       -18.809776850062526     
         855   9.8428827667031022       -6.0851881459590658     
         856   308.63484370988613        17.325582749375002     
         857   231.41846947735425       -4.1371983332424698     
         858  -14.218670038519436       -15.278936481573131     
         859   355.78314935425101        25.177233830019723     
         860   230.71055566242936        20.737921969162024     
         861   163.22040432991946       -5.0510744082943120     
         862   192.73399292437796       -13.730945643958485     
         863   61.321410869556836       -2.2206120782562766     
         864  -361.22522987757770      -0.37835142263216115     
         865  -188.78939878453053        12.994835428002499     
         866  -185.15744371131524       -12.361575585947660     
         867   117.87427459198894        23.761189163218290     
         868  -71.346872167515855        15.162579438661057     
         869  -384.91541225557398        1.3777762341324895     
         870   346.74805793390237       -8.2122213612793509     
         871  -158.89233375679910       -17.682527879239540     
         872   157.07736219130425       -17.653535213218667     
         873  -33.456484098374432      -0.55943774194308638     
         874   185.33217699430770       -1.9935352626439244     
         875  -153.15629445094891       -1.4949358202055221     
         876   326.89669773383906       -25.437499596542864     
         877   193.54249280515199        12.648468980270435     
         878  -256.52206388551139        5.2402352650505915     
         879  -72.314682071912742        14.166074231136580     
         880   36.697261114754355       -8.5769968821699969     
         881  -10.367610277579949        24.428000000901225     
         882  -335.34199472973370       -8.2268140225563311     
         883  -315.59345437016532       -4.6253359021886133     
         884  -326.76148433200410        5.3433353190097588     
         885  -106.51146982872646       -9.2853027148704097     
         886  -9.4150371570174158        11.647146837742508     
         887   120.43776902336077        12.373962819985673     
         888   352.34975226912030       -13.626365627061782     
         889   369.94564061285183        4.4896806382063286     
         890   132.44781619295037       -10.048828278278947     
         891   321.56730270410168       -20.770502593724618     
         892   181.45063010653567       -7.5659390582750037     
         893   47.224865893110490        15.626835944375607     
         894  -198.51293581488986       -3.4614143682118064     
         895   169.07093554351607       -23.357000086664851     
         896  -384.46316830159509        9.8510964192620118     
         897  -37.547139373156568        20.937710529021121     
         898   248.96783443879210        1.3771463987222570     
         899   7.1534946612854657        7.7919078922378047     
         900   236.93361585864719       0.18997214895176426     
         901   190.53841280648132        17.142902261106265     
         902   129.03667416344183        2.1645170878765430E-002
         903   229.17232030020270       -15.384154634303229     
         904   194.22225857240230       -6.8602044430534264     
         905   250.06077583017804        21.033603108709489     
         906  -244.97865367389056        16.303746201668648     
         907   41.493776084953005        20.810261744304800     
         908  -155.41432819704914        5.3250818641959308     
         909  -240.00704760014807       -13.084396650105038     
         910  -121.61673671193171       -8.6083609979916051     
         911  -321.38417040984046       -12.252835778554090     
         912   310.87595175607322        3.5253813268812260     
         913  -343.16484047841834       -10.463042013347879     
         914   163.68805986162371       -19.541362627634548     
         915  -367.50612882551940        4.2432570141238752     
         916  -52.260979723648227        21.495251037832549     
         917  -159.43151917453363        25.050383209933081     
         918   335.17309625032306        7.9008974249959891     
         919  -325.45299868583658        11.961845563530440     
         920  -154.22263160927145        9.8122381111368870     
         921   376.97615005241948       -11.759565716796510     
         922  -366.36658230660419       -11.585890474733109     
         923   207.05133511319468       -22.035033002003132     
         924   247.27659647989404       -21.633241829639871     
         925  -119.04801226009126        16.608578079081688     
         926   2.1025733090385392        7.4559001931396404E-002
         927   378.09038062149779        12.164276146343719     
         928   380.12558198917168        6.1524116909849518     
         929   141.33652772506403       -5.1625895253956751     
         930  -219.00942583865489        16.382708682464031     
         931   155.66523517575732       -6.3580961989274662     
         932  -186.67028956408208        7.9117750122305175     
         933  -97.143321125314344        19.409225413447984     
         934   142.36605447807915       -22.684764282170367     
         935   293.91421313711686       -8.9855994649751647     
         936  -307.85946808337553        12.084887872550976     
         937   200.30151367383249       -3.5065070218377472     
         938  -5.1673811408145660       -19.894022235954900     
         939   58.884159458311352       -18.938648041880079     
         940   13.090052716300946       -5.0655431315249784     
         941   69.070401191445868       -6.2492345144043533     
         942  -60.738907592351580        6.4310859522381429     
         943   216.38808673563963        25.164187331876438     
         944   8.9477141184426117        15.037109554462708     
         945   76.908195535733810       -23.016967038834672     
         946   229.24603955758758      -0.46923889180299183     
         947  -351.60020616671301      -0.68514375384486936     
         948   222.37463021044840        6.2140503007684442     
         949  -371.08017897627496        11.942707511354172     
         950  -20.170282933818271        22.056234048171042     
         951  -27.487509700368790       -13.250282818666468     
         952   82.602299314344805        6.4109356620364268     
         953  -372.19819332168464       -8.3634518717895165     
         954   71.236768102492235       -4.0482044715459029     
         955  -244.21280570996868        20.009106313333255     
         956   93.283405245765664       -9.1022749331639332     
         957  -79.533110648070576       -3.1798368559591474     
         958  -349.80151144298327       -10.335632024166243     
         959  -251.24137796824343       -19.769307000478658     
         960   236.37016058712925        1.5449511512073211     
         961  -189.29100299274720        20.909985161044776     
         962  -326.76851681721496       -12.642337969796170     
         963  -190.52321563310323        20.047213403083198     
         964   272.99535233774566       -16.034267220062674     
         965   272.68792482446361        12.275027617231839     
         966   65.547798373343312        13.029750738685250     
         967   351.18596610564271        4.5179055736865781     
         968   236.48687952512736       0.89492932218553078     
         969  -235.51014107407383        17.602601740357851     
         970   312.02755821042439        9.1367837278220918     
         971   113.97771294640347        17.534008448688112     
         972  -151.31700861447536       -9.7380278937714930     
         973  -132.22672289723826        12.697730843623511     
         974   128.74565990810567       -16.840252704614208     
         975   55.737258868201529       -6.8308316122223420     
         976  -373.40925675785905        12.427880304666653     
         977  -101.70064093600972        1.5591417328414445     
         978   61.001044334960604       -10.039179165893128     
         979   347.62396364789998       -8.7800599255527754     
         980   57.147554776983874        11.305070030634347     
         981   123.88847437648484       -5.6751961174187828     
         982   150.31730756671271        15.671939953177848     
         983  -317.41961906433261        22.255242485844647     
         984  -117.75476576041214        22.636324010023035     
         985   39.414768096236514        4.2158487766873067     
         986  -121.90623266380655        3.3161962414095623     
         987  -159.60654716781517      -0.32409517508105307     
         988   192.22580733768362        17.659755810360753     
         989  -26.083686285048305       -5.5457878507558878     
         990   318.79756097802112       -5.0167965577991387     
         991   162.12190140302778       -6.3682125223599595     
         992   177.85497949752752       -18.472010768555393     
         993   194.58333266736173       -17.133557867704535     
         994   79.376025195151925        12.378306996888155     
         995  -308.02767416248963        12.272982161289864     
         996  -95.287629638708736        16.805240426360420     
         997  -320.91408733269401        5.6185178219825218     
         998   342.77295962960733       -19.500464088843145     
         999   226.41964310078575       -9.8526892836593678     
        1000  -202.41125755567626       -14.464715000096000     
