   3.1544692095588224E-002  -4.5058687862149427E-003   6.4385851928836276E-003   9.7187985749084085E-004  -1.1049359882255921E-003  -4.8455537472070955E-005
   3.1745174632352921E-002  -4.2259441015755862E-003   6.1423672253110564E-003   8.6174870262758010E-004  -1.0651241086271977E-003  -4.1996201821216256E-005
   3.1748621323529430E-002  -4.2656802962213755E-003   6.2078202140900662E-003   7.9906049000133430E-004  -1.0763798232780492E-003  -3.5263343813805243E-005
   3.1338752297794169E-002  -5.2788661711647544E-003   6.5301852242948804E-003   1.1705609701974926E-003  -1.1098343084903102E-003  -6.3962151070384984E-005
   3.1303710937500021E-002  -4.1221259913829418E-003   6.4706507286080416E-003   7.5993216097932660E-004  -1.0979532763588551E-003  -3.6525754690193734E-005
   3.1933593750000010E-002  -3.2569665836547205E-003   5.9077007822999194E-003   4.4031832575271905E-004  -1.0351088695582488E-003  -1.2771390032807169E-005
   3.1802906709558820E-002  -2.7474718221672588E-003   5.9456165053578553E-003   5.7507456976231043E-005  -1.0347962108179501E-003   2.6300226591443565E-005
   3.1892520680147064E-002  -1.6920754516920567E-003   5.9429807066691317E-003  -4.1432568819655226E-004  -1.0389649940219683E-003   6.6465932641896662E-005
   3.1378389246323524E-002  -1.2463903959173705E-003   6.0168995915413238E-003  -5.5146767552931991E-004  -1.0249995702885002E-003   7.3451272824580065E-005
   3.1757525275735311E-002  -9.5696186099751774E-004   5.6010541325679838E-003  -7.5511606032453726E-004  -9.7414041519945118E-004   9.4344172828820350E-005
   3.1194852941176462E-002  -1.2914623212321218E-003   6.1349339515700332E-003  -6.4548266506041598E-004  -1.0355257478786531E-003   8.4097604548798058E-005
   3.1233915441176464E-002  -9.9211527777580194E-004   6.3151647228820405E-003  -8.7813716089608083E-004  -1.0680422568700115E-003   1.0663163869234652E-004
   3.1485523897058790E-002   7.0425474978948101E-004   5.9208797757434959E-003  -1.6652558450478891E-003  -1.0142649535381514E-003   1.7421270094171789E-004
   3.1688304227941153E-002   8.0187625546214968E-004   5.8259307531629227E-003  -1.7397606862022130E-003  -1.0086370962127237E-003   1.8269189399479688E-004
   3.1458237591911742E-002   3.3322833935746192E-004   5.8337397085767911E-003  -1.7015122855382624E-003  -9.9811091862257121E-004   1.8628976499250770E-004
   3.1270680147058805E-002   3.7040757556574405E-004   5.8507819953727619E-003  -1.7075403386392113E-003  -9.9133664591603875E-004   1.8422782722773702E-004
   3.0965647977941168E-002   1.7713450576151268E-003   6.1320128758891026E-003  -2.2917932266989099E-003  -1.0232278374267931E-003   2.3274648524363429E-004
   3.0809972426470576E-002   1.9935980838705417E-003   6.2446490719874972E-003  -2.4143578632824154E-003  -1.0342751129174470E-003   2.4393986168094885E-004
   3.0744772518382327E-002   2.2968458067487100E-003   6.2946589323213571E-003  -2.6274703172559158E-003  -1.0393818723423737E-003   2.6382283298407861E-004
   3.1351677389705832E-002   2.0527955875058249E-003   5.8766296980625092E-003  -2.5369223155105678E-003  -9.9988265148428308E-004   2.5523843902463389E-004
   3.1768439797794104E-002   1.5324800698117199E-003   5.5570933498650370E-003  -2.3268535693080667E-003  -9.6726192291282089E-004   2.3607083388478946E-004
   3.1181927849264691E-002   1.8160309331241211E-003   6.0298776856945822E-003  -2.6076557981021429E-003  -1.0170788822008636E-003   2.6718926198778800E-004
   3.1087431066176438E-002   3.0778357936916585E-003   6.0900329601884821E-003  -3.1249638915412810E-003  -1.0223940807859912E-003   3.0908026290263471E-004
   3.1143439797794104E-002   2.5661692980401118E-003   5.9935591119945316E-003  -2.8762042916978293E-003  -1.0089497549530234E-003   2.8442117045049940E-004
   3.1373506433823521E-002   2.3480217808154579E-003   5.7394476266754858E-003  -2.8321726619135248E-003  -9.7778810050297123E-004   2.8115994235316166E-004
   3.1408547794117621E-002   2.7231256311073815E-003   5.6709048068116826E-003  -3.0477739138827721E-003  -9.6799145997352538E-004   3.0079043148101866E-004
   3.0926011029411747E-002   3.0319782039835274E-003   6.1428413476361495E-003  -3.1300821507083019E-003  -1.0230193982665909E-003   3.0304173087724234E-004
   3.0406996783088183E-002   3.7590407595192322E-003   6.5107301370225159E-003  -3.4840294151740185E-003  -1.0585582750808685E-003   3.3388663662368750E-004
   3.0814568014705855E-002   3.3462242830760384E-003   6.0954692949839323E-003  -3.3199204719585431E-003  -1.0092624136933258E-003   3.2002115716467513E-004
   3.0390337775735306E-002   3.2485152496364283E-003   6.5244194146633645E-003  -3.3800179380489882E-003  -1.0600173492022707E-003   3.2913155565595335E-004
   3.0634478400735264E-002   2.7543160149958428E-003   6.2789566437916680E-003  -3.1672649771193198E-003  -1.0310443059343320E-003   3.0962730761574135E-004
   3.1014188878676401E-002   2.2941785000614480E-003   6.1153964955886087E-003  -3.1274449466099428E-003  -1.0229151786864960E-003   3.1324621879472544E-004
   3.1090303308823529E-002   2.4677093948202913E-003   6.1199468645138080E-003  -3.1925928290774774E-003  -1.0276050597910139E-003   3.1766465686208258E-004
   3.1114717371323507E-002   2.7983102296706870E-003   5.9899831046272339E-003  -3.3941484112914367E-003  -1.0068653633510136E-003   3.3704266381465631E-004
   3.1143727022058768E-002   3.3470876838097349E-003   5.9374378952498537E-003  -3.7023912050089167E-003  -9.9946577316387987E-004   3.6635163632816106E-004
   3.1183651194852939E-002   3.8243385998530596E-003   6.0478260282897725E-003  -3.9448010515660929E-003  -1.0202054696038766E-003   3.8981143844773190E-004
   3.1051815257352941E-002   3.0043772384063475E-003   6.0836282908137470E-003  -3.6716720635258486E-003  -1.0194759325431722E-003   3.7068591367043254E-004
   3.1228170955882352E-002   3.1099339138155029E-003   5.8514007651868467E-003  -3.7426483421885066E-003  -9.8925225431402463E-004   3.7487290974378779E-004
   3.0970818014705900E-002   2.6857095863003933E-003   6.0676326893202275E-003  -3.6397175564598316E-003  -1.0125974402565383E-003   3.6999158768841520E-004
   3.0809972426470565E-002   3.2901029052432723E-003   6.2249448695950883E-003  -4.0003364587526870E-003  -1.0309400863542310E-003   4.0519181095840568E-004
   3.0791302849264665E-002   2.8054712066459958E-003   6.2669549201892823E-003  -3.8361917505882409E-003  -1.0370890415801622E-003   3.9305162636379243E-004
   3.0637637867647047E-002   2.7206143521936975E-003   6.3709745457267777E-003  -3.8414609968336700E-003  -1.0467814625295068E-003   3.9427195687763878E-004
   3.0747644761029425E-002   2.1240654594461908E-003   6.3541291402352870E-003  -3.6929581075390442E-003  -1.0495953911922190E-003   3.8705517470094585E-004
   3.0982594209558796E-002   1.3985986347698435E-003   6.3085049114086859E-003  -3.3800325021261539E-003  -1.0539726135564450E-003   3.5818804599418004E-004
   3.0830078124999959E-002   1.6172223593307680E-003   6.3949337950877268E-003  -3.4481953329212850E-003  -1.0607468862629779E-003   3.6104951064733052E-004
   3.0554917279411731E-002   1.4375008845200592E-003   6.6818541435053041E-003  -3.4457662660774616E-003  -1.0951393476961448E-003   3.6458426110121784E-004
   3.0299574908088212E-002   9.8117154690081226E-004   6.9879905090398774E-003  -3.3596271238925638E-003  -1.1338048119134332E-003   3.6241712243007993E-004
   3.0586224724264678E-002   4.8826009142420058E-004   6.7813173731388725E-003  -3.2399998220101959E-003  -1.1135862133739355E-003   3.5658899221742017E-004
   3.0248736213235296E-002   2.2910235120959105E-004   7.0989009802345949E-003  -3.1597633712495037E-003  -1.1499588468290103E-003   3.4916180822799870E-004
   3.0604319852941174E-002  -3.9136345729943837E-004   6.8614018572302699E-003  -2.8348259049323227E-003  -1.1280727350079019E-003   3.1785401849354189E-004
   3.0596852022058772E-002  -8.5763884773933444E-004   6.7540694023957874E-003  -2.6562461683929547E-003  -1.1095216497500168E-003   3.0344149432143437E-004
   3.0785271139705819E-002  -6.4646379751785721E-004   6.6080718701505298E-003  -2.7676143480377690E-003  -1.0945140302155432E-003   3.1398262513928032E-004
   3.0169462316176461E-002  -4.9896874756771847E-004   7.0712974177476826E-003  -2.9115854127153640E-003  -1.1412044021005688E-003   3.2890011366194842E-004
   3.0599724264705870E-002  -1.1918690805906938E-003   6.7839833067211098E-003  -2.6235022514737856E-003  -1.1147326287550394E-003   3.0480910610418643E-004
   3.0527343749999981E-002  -1.7841983535410774E-003   7.0350672397353738E-003  -2.4452113998573392E-003  -1.1535023125524295E-003   2.9369989039196558E-004
   3.0456399356617661E-002  -2.0403761828239244E-003   6.9661366842412500E-003  -2.3763292142637664E-003  -1.1381820342776516E-003   2.9029138102571437E-004
   2.9998851102941169E-002  -2.6397388213467501E-003   7.4126132580063127E-003  -2.2427873193205305E-003  -1.1901876047478075E-003   2.8414764809394993E-004
   2.9904354319852906E-002  -3.2516379181649225E-003   7.4530643301077967E-003  -2.0911409859796929E-003  -1.1921677767697180E-003   2.7707814718617307E-004
   2.9794921874999967E-002  -4.2503004405016953E-003   7.7911597547429649E-003  -1.7841936577078288E-003  -1.2437564689194711E-003   2.5586964446283345E-004
   2.9716222426470540E-002  -4.2365589247388858E-003   7.8877641874755995E-003  -1.8136223113412555E-003  -1.2560543793713320E-003   2.5927815382908081E-004
   2.9804974724264684E-002  -4.0601058480416469E-003   7.9057105210778838E-003  -1.9699658360992729E-003  -1.2636624087186666E-003   2.7638382120415080E-004
   2.9736328124999985E-002  -4.0945479566323519E-003   7.9395278986137061E-003  -2.0413215181898032E-003  -1.2658510199007754E-003   2.8827152362348815E-004
   2.9910960477941177E-002  -3.1324363345511929E-003   7.8568377507271039E-003  -2.4074850937061999E-003  -1.2608484800559505E-003   3.1699137106134368E-004
   2.9526367187499999E-002  -3.7578980965654266E-003   8.1764383866974478E-003  -2.1455603055318077E-003  -1.2951367219090186E-003   2.9409965383615604E-004
   3.0166015624999980E-002  -4.9078059993678856E-003   7.6757873103107032E-003  -1.6764755307678725E-003  -1.2433395905990679E-003   2.5502803721190502E-004
   2.9711052389705873E-002  -4.9594808333397015E-003   8.0900737907912985E-003  -1.7199116925873134E-003  -1.2900299624840927E-003   2.6178193540058879E-004
   2.9516027113970569E-002  -5.5549660555411790E-003   8.3840155694048131E-003  -1.5237486903860599E-003  -1.3297376225023887E-003   2.4797957648539881E-004
   2.9430147058823495E-002  -5.1940791388864118E-003   8.3270184317544259E-003  -1.6036005757675623E-003  -1.3156679791888218E-003   2.5065167950708678E-004
   2.9952320772058817E-002  -6.0117918157367965E-003   7.8738097227714788E-003  -1.3137433624436268E-003  -1.2658510199007765E-003   2.2999022149685337E-004
   2.9810431985294067E-002  -6.1063523757388712E-003   7.7950612189605631E-003  -1.2887997071537791E-003  -1.2452155430408797E-003   2.2691835503097112E-004
   2.9802964154411717E-002  -6.0717299938436650E-003   7.9537354964236053E-003  -1.4277885669548014E-003  -1.2716873163864080E-003   2.4497083056333768E-004
   2.9204101562499977E-002  -5.3074557049755952E-003   8.4555236627934360E-003  -1.7740083901770373E-003  -1.3257772784585700E-003   2.7606821848506270E-004
   2.9552217371323474E-002  -5.4943588503345376E-003   8.1895088945242618E-003  -1.6852584067169739E-003  -1.2986801876324395E-003   2.6906183812110053E-004
   3.0011201746323518E-002  -6.1584153640381551E-003   7.8860665884725508E-003  -1.3389126687516650E-003  -1.2709577793257013E-003   2.3508194536495100E-004
   2.9644129136029394E-002  -6.3028322371478590E-003   8.1024311061375399E-003  -1.3122628041692984E-003  -1.2886751079427886E-003   2.3409305684511829E-004
   2.9754136029411724E-002  -6.6375378878731654E-003   8.0461772958612589E-003  -1.1731981742959762E-003  -1.2848189834790721E-003   2.2191079188796267E-004
   2.9574620863970526E-002  -6.3912265127363515E-003   8.2553516279264983E-003  -1.3477104774887898E-003  -1.3109780980843019E-003   2.4059447285852323E-004
   2.9772805606617596E-002  -7.0738277765152015E-003   8.0632798524443161E-003  -9.6368747191074113E-004  -1.2886751079427910E-003   2.0192261967846598E-004
   2.9399414062499945E-002  -6.4617031311058571E-003   8.2335379829859470E-003  -1.2399847919771848E-003  -1.2982633093120385E-003   2.2538242179803399E-004
   2.9536420036764661E-002  -7.3542778715424443E-003   8.2220244446589690E-003  -9.4083090418457067E-004  -1.3033700687369626E-003   2.0362687436159299E-004
   2.9609087775735250E-002  -7.5923048011802994E-003   8.2793470391596558E-003  -8.9221103702864877E-004  -1.3168143945699283E-003   2.0289046801703309E-004
   2.9826803768382305E-002  -7.1905990585615859E-003   8.1232040927543617E-003  -1.0480383666468457E-003  -1.3015983358752542E-003   2.1561977768728928E-004
   2.9811006433823492E-002  -6.4168352455825379E-003   8.0769028333194000E-003  -1.3678747188498564E-003  -1.2929481107269102E-003   2.4318241515512080E-004
   3.0093060661764707E-002  -6.6708917657043055E-003   7.8814800576750346E-003  -1.2283532562777776E-003  -1.2743970254690162E-003   2.3011646258449365E-004
   3.0465877757352940E-002  -7.6679381955276609E-003   7.6953870450721350E-003  -7.9920686819460324E-004  -1.2620991150171562E-003   1.9462167677668032E-004
   3.0042796415441192E-002  -8.0189779331363963E-003   7.9983733097348259E-003  -7.1474314794934407E-004  -1.2915932561855985E-003   1.8925643055202495E-004
   2.9980181525735321E-002  -8.3799982571573905E-003   8.0753056839614860E-003  -6.0566115970777908E-004  -1.3013898967150466E-003   1.8197652783151367E-004
   3.0232077205882307E-002  -8.6402072181204059E-003   7.7135684308441387E-003  -4.3520799386825284E-004  -1.2531362311285180E-003   1.6375573084896462E-004
   3.0226907169117617E-002  -7.7702167210210726E-003   7.7188360102357348E-003  -7.9760334486377016E-004  -1.2537615486091197E-003   1.9415879278867259E-004
   3.0194450827205861E-002  -7.0875938059378934E-003   7.8931181535620183E-003  -1.1214975439321755E-003  -1.2815881764959547E-003   2.2292072058907229E-004
   3.0397518382352919E-002  -8.3107561380561246E-003   7.7519000154329500E-003  -5.4445074002476253E-004  -1.2681438506629891E-003   1.7271884807132520E-004
   3.0649126838235272E-002  -8.1550387920907019E-003   7.4561360802564520E-003  -6.1987496159425807E-004  -1.2310416801472081E-003   1.7970418825401203E-004
   3.0493738511029395E-002  -7.7250969723920990E-003   7.6899888811418548E-003  -7.7812693352651008E-004  -1.2626202129176615E-003   1.9142356922315957E-004
   3.1158949908088270E-002  -8.7776265101641281E-003   7.1698606185606750E-003  -2.5977981301296264E-004  -1.2088429095857948E-003   1.4456708552784301E-004
   3.1025965073529397E-002  -8.0583867757178518E-003   7.1050284085886917E-003  -5.2495349652654567E-004  -1.1910213613886118E-003   1.6318764595458696E-004
   3.0795036764705908E-002  -8.0121110474039598E-003   7.3304615202176761E-003  -5.2885150725399651E-004  -1.2172846955739352E-003   1.6217771725347398E-004
   3.1061580882352939E-002  -9.2066978861604955E-003   7.2099540899254353E-003  -5.4559060950694393E-005  -1.2106146424475052E-003   1.2411602933033947E-004
   3.1410845588235287E-002  -8.4448950683396074E-003   6.7490107582660478E-003  -2.4523066864102832E-004  -1.1505841643096129E-003   1.3267938310851509E-004
   3.1737706801470603E-002  -8.7442584568417983E-003   6.4586751219133914E-003  -4.1582652556608436E-005  -1.1182760944784547E-003   1.1157608129154189E-004
   3.1787396599264689E-002  -9.1609793361319865E-003   6.4244679997543953E-003   9.2511939897040821E-005  -1.1150452874953407E-003   1.0320208914482629E-004
   3.1781939338235324E-002  -9.5418349515324734E-003   6.4365962899096425E-003   2.8477140070863529E-004  -1.1168170203570459E-003   8.5233774337549744E-005
   3.1962316176470586E-002  -9.7997356013894751E-003   6.3447692423003205E-003   4.5761676231056590E-004  -1.1105638455510174E-003   6.8191227506294577E-005
   3.2377929687500001E-002  -9.8858219056088981E-003   5.9344505228030899E-003   5.1951759299310746E-004  -1.0625186191246840E-003   6.0553641704140544E-005
   3.2758501838235310E-002  -1.0446090415113633E-002   5.5926746231696571E-003   9.3882474864458003E-004  -1.0242700332277952E-003   1.5485573417042210E-005
   3.2167968750000026E-002  -1.0029751851187447E-002   5.9053542785892348E-003   7.7847684008913308E-004  -1.0467814625295052E-003   2.6931432029639626E-005
   3.2968750000000012E-002  -1.0567343035989531E-002   5.3094950195374160E-003   9.6485130759562071E-004  -9.8716786271201397E-004   1.3802358915192015E-005
   3.2923368566176475E-002  -1.0506049069127181E-002   5.3787208969882597E-003   9.3535517988317424E-004  -9.9654762492106105E-004   1.6074698492691386E-005
   3.2908145680147077E-002  -1.0947417125320187E-002   5.4369234303804394E-003   1.0930846885917056E-003  -1.0056147283898041E-003   5.1548444119267926E-006
   3.3217773437500014E-002  -1.0962116423493439E-002   5.2626674039619008E-003   1.1289287260363922E-003  -9.9206618297673944E-004   6.3120543820193511E-007
   3.3725011488970641E-002  -1.1542254157565568E-002   4.9100610235884856E-003   1.4577940686569433E-003  -9.5850747818437094E-004  -3.1307789734445506E-005
   3.3614430147058838E-002  -1.1461441170311339E-002   4.9800362553921737E-003   1.4177270019020639E-003  -9.6465643341030595E-004  -2.6426467679074640E-005
   3.4163028492647074E-002  -1.1254064949484454E-002   4.3980993171579838E-003   1.4452473927167890E-003  -8.9441243642256142E-004  -3.5116062544889739E-005
   3.4474092371323560E-002  -1.1317186302889803E-002   4.1205750285476178E-003   1.5561218685815048E-003  -8.6345922113270938E-004  -4.7130006051863618E-005
   3.4151826746323569E-002  -1.1667226030661719E-002   4.3405476974663505E-003   1.6632078408305570E-003  -8.8409469799261042E-004  -5.3715582790363308E-005
   3.3833295036764750E-002  -1.0663830352588119E-002   4.7176336563625057E-003   1.2097781585257215E-003  -9.3151460693834055E-004  -1.1992903325694487E-005
   3.4138901654411795E-002  -1.0603329950603733E-002   4.5507586698695099E-003   1.2148173292230750E-003  -9.1900825732628096E-004  -1.3718198190093863E-005
   3.4139476102941185E-002  -1.0484502102750726E-002   4.5665935519308056E-003   1.1388381978782506E-003  -9.2171796640889622E-004  -5.7650096688422927E-006
   3.4629767922794145E-002  -1.0378448061070846E-002   4.2148329575695748E-003   1.0016829369561245E-003  -8.8742972455582768E-004   1.2329546226070585E-005
   3.4612821691176493E-002  -9.9208954735296364E-003   4.2747913507589705E-003   7.9930642011440025E-004  -8.9670526718477303E-004   3.0339941395889355E-005
   3.5213407628676516E-002  -1.0031583625348521E-002   3.9682893485160336E-003   8.6654894871733524E-004  -8.7575713158456877E-004   2.5458619340517171E-005
   3.4839441636029464E-002  -9.5910513575507440E-003   4.4182756328825790E-003   5.7058809657547789E-004  -9.3266102231944620E-004   5.6976810887702571E-005
   3.5511259191176509E-002  -1.0585863764775244E-002   3.8191678323066533E-003   1.0875907131051351E-003  -8.6585627147502109E-004   8.9210368598161736E-006
   3.5745059742647106E-002  -9.9097929799268989E-003   3.3871981962939990E-003   8.3161968280256874E-004  -8.0478359753612095E-004   2.8846088525496207E-005
   3.5751378676470644E-002  -1.0691522797862556E-002   3.4628608870059781E-003   1.0707063387915368E-003  -8.1791526462878547E-004   1.4770207253755632E-005
   3.5869140625000032E-002  -1.0756716264840144E-002   3.4873746184081377E-003   1.1076358608732226E-003  -8.2812878347863703E-004   1.3108032933174302E-005
   3.6040039062500022E-002  -1.1059497535738394E-002   3.3657963948986011E-003   1.2614638561015724E-003  -8.1635197092728127E-004  -8.2056706965348719E-007
   3.6323816636029432E-002  -1.0838220795122061E-002   3.1489135570646541E-003   1.2213261812257432E-003  -7.9425741994597376E-004   1.1361697887517956E-006
   3.6603573069852978E-002  -1.1365764412903994E-002   2.7620739376245165E-003   1.4249179689109883E-003  -7.4318982569672334E-004  -1.4686046528658523E-005
   3.6554170496323569E-002  -1.0814381169529579E-002   2.8780892597857145E-003   1.2571709560921099E-003  -7.6028183683320605E-004  -2.9666655595144268E-006
   3.6586626838235298E-002  -9.9992510653678958E-003   2.7530676224404912E-003   1.0024371349265568E-003  -7.4079277535441467E-004   1.2981791845535548E-005
   3.7010282628676533E-002  -9.6336120787580033E-003   2.3870994302693572E-003   8.0847736419535708E-004  -7.0066823701571326E-004   3.2233557710477296E-005
   3.7403205422794142E-002  -9.6948121962931871E-003   2.1443970156463507E-003   8.6255820722010049E-004  -6.7982432099561387E-004   2.7583677649105768E-005
   3.7463522518382392E-002  -9.2466713855061701E-003   2.2307234406873317E-003   7.1337615260579741E-004  -6.9754164961269977E-004   3.9597621156074697E-005
   3.7381089154411802E-002  -8.6571722671662712E-003   2.1702145834425210E-003   4.0248693701954526E-004  -6.8305512797872897E-004   7.2125741404374259E-005
   3.7645909926470628E-002  -8.6506456834839259E-003   1.9726462033777983E-003   3.8330530997825489E-004  -6.6325340775963122E-004   7.4924085513703746E-005
   3.7834616268382394E-002  -8.4495297604026999E-003   1.8197879603688827E-003   2.7851695916777301E-004  -6.4709937284405385E-004   8.4770890349539636E-005
   3.8340705422794170E-002  -8.5700845131367366E-003   1.4355118158729443E-003   3.7934314356909409E-004  -6.0812124988646220E-004   7.4671603338427792E-005
   3.8307961856617688E-002  -8.2531021674965913E-003   1.4885773544122218E-003   2.2875869737307890E-004  -6.1541662049349798E-004   8.9820533855096269E-005
   3.8610409007352985E-002  -8.2124341229285296E-003   1.1705718588068447E-003   2.4525813759666869E-004  -5.7716803459661092E-004   8.8516042616158721E-005
   3.8692555147058855E-002  -8.0117079659708327E-003   1.0211952004987954E-003   2.3700085891319991E-004  -5.5611567941631003E-004   8.4855051074629348E-005
   3.8857996323529459E-002  -8.0179686962059751E-003   1.0004141779103785E-003   2.3487542542486640E-004  -5.6111821926113387E-004   8.6433064670117356E-005
   3.8669864430147104E-002  -7.7524713993077999E-003   1.0607341898223105E-003   1.8383331257520498E-004  -5.6163931716163664E-004   8.7527154096321631E-005
   3.9220473345588300E-002  -7.5278992701433914E-003   6.5737060375516858E-004   1.2127433308935969E-004  -5.2172321798313998E-004   9.3271123583891745E-005
   3.9210994944853014E-002  -7.4848090968860255E-003   7.3599254101323062E-004   1.2474500798316632E-004  -5.3454222633550225E-004   9.3313203946440810E-005
   3.9097254136029422E-002  -7.2289510013493416E-003   8.2232298404006146E-004   1.0715639601446717E-004  -5.4329667106394895E-004   8.9652212404916641E-005
   3.9136029411764736E-002  -7.5516289909919113E-003   9.5030185893848552E-004   2.7371929405369357E-004  -5.6695451574676251E-004   7.4839924788612286E-005
   3.9679457720588271E-002  -6.7181487534641853E-003   4.8200561325418710E-004   4.2243197980094092E-006  -5.1567848233731179E-004   9.3797128115722983E-005
   3.9744657628676516E-002  -6.3556668453045506E-003   3.6303104454688971E-004  -1.5909650405210177E-004  -4.9889912994112928E-004   1.0898813899493850E-004
   3.9767348345588302E-002  -5.5055116395846104E-003   2.3482314445749913E-004  -4.3831438247762670E-004  -4.7836787266132812E-004   1.2870278884788417E-004
   4.0000574448529461E-002  -4.9721421650637766E-003   3.7648527001506614E-006  -6.0455687081927532E-004  -4.5127078183519785E-004   1.3951744202228406E-004
   3.9854664522058873E-002  -4.8214082049997855E-003   2.5751672828955936E-004  -6.2047282617943276E-004  -4.8670543906937042E-004   1.3747654443879012E-004
   3.9846909466911808E-002  -4.7350860680373096E-003   2.4571389498456709E-004  -6.7884122290678820E-004  -4.8430838872705936E-004   1.4303115229490423E-004
   3.9647288602941179E-002  -5.7624415820992161E-003   4.1297661710787577E-004  -3.3916011726317283E-004  -5.0233837608445011E-004   1.1740421150420140E-004
   3.9373276654411780E-002  -5.8549791274561556E-003   5.8378521170491117E-004  -4.1592183731111625E-004  -5.1713755645872196E-004   1.2718789579622004E-004
   3.8728458180147120E-002  -6.5284120193434209E-003   1.1685206770528983E-003  -2.0892592703394223E-004  -5.8290011150213860E-004   1.1079759458443033E-004
   3.7903262867647121E-002  -6.7931262323922895E-003   1.6480411660861225E-003  -2.2113099240484726E-004  -6.2156557571942583E-004   1.1508979156415780E-004
   3.6762695312500031E-002  -7.0234852141064126E-003   2.4488839980075787E-003  -3.6263740964501611E-004  -6.9837540625350414E-004   1.3516212449874311E-004
   3.6462833180147078E-002  -7.2297059879532491E-003   2.4982489716195823E-003  -3.6283337944275273E-004  -6.9128847480667127E-004   1.3543564685529447E-004
   3.6004710477941217E-002  -8.0268833972072622E-003   2.7909612465764353E-003  -2.2611430341380745E-004  -7.1723915025169557E-004   1.3000728008682135E-004
   3.4865004595588257E-002  -6.9442148141012922E-003   3.6007782497954823E-003  -7.5837988845173340E-004  -7.9561227448727981E-004   1.7497014746755768E-004
   3.4263844209558816E-002  -6.5082941479775430E-003   4.0589310903126584E-003  -1.0370332706206998E-003  -8.4219842679220927E-004   1.9918739611295358E-004
   3.3691406249999986E-002  -6.5713241108842271E-003   4.2448011047033357E-003  -1.0350094169617149E-003  -8.4417859881411993E-004   1.9569472602161227E-004
   3.2549689797794115E-002  -6.1060077784677244E-003   5.0238262736983993E-003  -1.4573626770044553E-003  -9.1723652446457451E-004   2.4011054868923858E-004
   3.1885914522058849E-002  -5.3258963114437077E-003   5.3027568573408151E-003  -1.7931148002122024E-003  -9.3026397197713546E-004   2.6573748947994079E-004
   3.2040728400735297E-002  -4.4727987664709102E-003   4.8461750492738223E-003  -2.0155475261464722E-003  -8.6095795121030104E-004   2.7324883419445795E-004
   3.1028262867647066E-002  -4.1266383560905288E-003   5.5723275430483044E-003  -2.3495176699893086E-003  -9.3172304609854541E-004   3.0682896350641250E-004
   3.0668083639705905E-002  -4.2262139556392270E-003   5.5255139904230744E-003  -2.3006185043916317E-003  -9.0525127275301346E-004   2.9731880157094593E-004
   2.9898609834558783E-002  -3.2834432251466223E-003   5.9843860503995547E-003  -2.7126489677698909E-003  -9.4329141948970563E-004   3.2831098858630023E-004
   2.9035213694852929E-002  -2.5748148930388442E-003   6.6374734812855978E-003  -3.1849955427514496E-003  -1.0093666332734257E-003   3.7443106593705919E-004
   2.8700022977941129E-002  -2.0649415685757601E-003   6.6932772771516637E-003  -3.4281675145614089E-003  -1.0015501647658912E-003   3.9271498346342377E-004
   2.7805319393382349E-002  -1.1937147036546678E-003   7.1877888712268845E-003  -3.9298184876319980E-003  -1.0391734331821705E-003   4.3841425718871442E-004
   2.7195829503676411E-002   9.9950958992953143E-004   7.5887476927891913E-003  -5.0111982670723570E-003  -1.0756502862173535E-003   5.3591445720851526E-004
   2.6893095128676409E-002   1.3321033471129749E-003   7.4998256489175593E-003  -5.0907926079501384E-003  -1.0450097296678044E-003   5.3608277865869612E-004
   2.6388442095588216E-002   2.0033729380254696E-003   7.7020167216519777E-003  -5.4281771982877102E-003  -1.0532430764957389E-003   5.6433974210854786E-004
   2.5576171874999935E-002   2.9052141268481012E-003   8.3457060837379537E-003  -5.7961421104867619E-003  -1.1203604860804714E-003   5.9274398682730581E-004
   2.5109719669117639E-002   2.4802880570876269E-003   8.5615201373474645E-003  -5.4955404796822776E-003  -1.1328668356925264E-003   5.5636551340602209E-004
   2.4396254595588189E-002   4.2325093747640798E-003   8.7564326287944728E-003  -6.1814484140535701E-003  -1.1291149308089118E-003   6.0909220767654782E-004
   2.4214154411764614E-002   5.3388393755884299E-003   8.5741567027072686E-003  -6.5373157400840879E-003  -1.0888861728901196E-003   6.2792316991601980E-004
   2.3741383272058766E-002   5.4761747916826226E-003   8.8226811787631056E-003  -6.6380467970954191E-003  -1.1066035015072032E-003   6.3625508170019247E-004
   2.3149414062499912E-002   6.0941022702517660E-003   9.2780375011593409E-003  -7.0083565257171455E-003  -1.1531896538121335E-003   6.7183402823308910E-004
   2.3317153033088161E-002   5.8467381052151081E-003   8.6802094290625940E-003  -6.7153888679647705E-003  -1.0606426666828811E-003   6.3248888925229046E-004
   2.3091243210537789E-002   6.0945415593845198E-003   8.8853304008941446E-003  -6.8529691570355360E-003  -1.0837265181004284E-003   6.4529918776102006E-004
   2.3370096114764819E-002   5.9632409628551791E-003   8.4625938741638637E-003  -6.7645389635052379E-003  -1.0265366781658761E-003   6.3316143494614673E-004
   2.3223677491829998E-002   6.2723599289147419E-003   8.5890879438193183E-003  -6.8019547538113829E-003  -1.0404061718518459E-003   6.3044034069378895E-004
   2.3150421534413181E-002   6.9460121328392861E-003   8.7641683120560487E-003  -7.1440663382438818E-003  -1.0662668207744969E-003   6.6413278787235590E-004
   2.2815571541116346E-002   7.3903644756222291E-003   9.1598883415361827E-003  -7.3994127766098391E-003  -1.1160002791579004E-003   6.8848625823215959E-004
   2.2872430222088774E-002   7.2704588810083362E-003   8.8975425683057736E-003  -7.2921566819436753E-003  -1.0745251401383074E-003   6.7564745374099414E-004
   2.2908270880467457E-002   7.0376627355443651E-003   8.6523666933949576E-003  -7.0230206511384891E-003  -1.0348737074288010E-003   6.4302030921725229E-004
   2.2982507305806921E-002   6.8724194284095416E-003   8.4251588683429447E-003  -6.9084345951334570E-003  -1.0002407392723156E-003   6.2815191445088488E-004
   2.2900657121740432E-002   6.1480860178564842E-003   8.5474964141663851E-003  -6.6380049389151968E-003  -1.0167318417434127E-003   6.0717191154447910E-004
   2.2672411945672016E-002   5.5168880175216171E-003   9.0235831546576391E-003  -6.5293229989920104E-003  -1.0855576263007869E-003   6.0860632121056035E-004
   2.2614422966452101E-002   5.8354358126921149E-003   9.1063818649295795E-003  -6.6693477872876309E-003  -1.0965853943700442E-003   6.2140860378931666E-004
   2.2253298291972916E-002   7.6199160905631030E-003   9.3887981349667360E-003  -7.4998306808797838E-003  -1.1257885892107084E-003   6.9476431912395009E-004
   2.1788228037925659E-002   8.0276949120814053E-003   1.0359316921245100E-002  -8.0382194383228182E-003  -1.2661033409894404E-003   7.6479951549953480E-004
   2.2218157410990695E-002   6.9667386462640285E-003   9.8797935773271978E-003  -7.4146584262047262E-003  -1.2070821472062036E-003   7.0017293765210417E-004
   2.1904327109133089E-002   6.6883382298126189E-003   1.0085467926546037E-002  -7.3084893116126103E-003  -1.2257319668031379E-003   6.9058304450338929E-004
   2.1939350457603146E-002   7.7731794467402228E-003   1.0377194235930018E-002  -7.8454430210023931E-003  -1.2769116000186818E-003   7.4533723001572174E-004
   2.1915516954787110E-002   8.0545744227005223E-003   1.0474844114373751E-002  -8.1032491524842040E-003  -1.2922119213525885E-003   7.7430105402365385E-004
   2.2288908498904778E-002   6.5167076721105721E-003   9.9092442209375176E-003  -7.2381539520579973E-003  -1.2157103146830646E-003   6.8772294640177540E-004
   2.1845412812302210E-002   6.8506405155694117E-003   1.0849730348299697E-002  -7.6962554449624028E-003  -1.3520529396910117E-003   7.4821599469436116E-004
   2.1638855077503807E-002   6.8115530149152684E-003   1.1139818951505299E-002  -7.7408933087781623E-003  -1.3905145381734438E-003   7.5659354551167377E-004
   2.1543068654091967E-002   7.3249978943375066E-003   1.1400012758448191E-002  -8.0066683477147474E-003  -1.4296207618135037E-003   7.8388397099851920E-004
   2.2046647718190451E-002   6.7460793948539710E-003   1.0551390135662728E-002  -7.4829501045548356E-003  -1.3119206055912972E-003   7.2083203646582117E-004
   2.2612083383558267E-002   5.5942701221282018E-003   1.0055280638558942E-002  -6.8695131344212491E-003  -1.2570703779008377E-003   6.6235180489899092E-004
   2.2483031674208065E-002   6.2247643854395282E-003   1.0148549072044041E-002  -7.1236094181896447E-003  -1.2662106347156334E-003   6.8320474334114501E-004
   2.2794339809473364E-002   5.6806642809797622E-003   9.9560216263322732E-003  -6.8774518980216932E-003  -1.2496561032714650E-003   6.6288195419978997E-004
   2.3006984523907280E-002   5.5534422889346319E-003   1.0403814418718339E-002  -6.9833858072595976E-003  -1.3363977776798721E-003   6.8681498992831673E-004
   2.3402680075172433E-002   4.9174009268324985E-003   1.0055692985931536E-002  -6.6732141173366068E-003  -1.2978540000114212E-003   6.5848714810244787E-004
   2.3229988536847147E-002   4.0717163458108482E-003   1.0322550901699453E-002  -6.2794649909796640E-003  -1.3341277259383193E-003   6.2449149270970791E-004
   2.3308492491276003E-002   3.4414601118705201E-003   1.0379030524027848E-002  -6.0308514493962271E-003  -1.3477299259438194E-003   6.0573136561362735E-004
   2.3287686434658950E-002   4.2931725259020906E-003   1.0747228530647177E-002  -6.5048546327392204E-003  -1.4089776641542701E-003   6.5389536095397714E-004
   2.3370589801971830E-002   3.9729638815597206E-003   1.0591855759066569E-002  -6.3450809242384916E-003  -1.3869494347239328E-003   6.3835431796812009E-004
   2.3157004989495703E-002   3.6333533885096747E-003   1.1047434753539788E-002  -6.3484355138843868E-003  -1.4530591627841809E-003   6.4874693789607326E-004
   2.2848115808823365E-002   3.8465714966412802E-003   1.1208271281364474E-002  -6.3695430491905562E-003  -1.4643744314808142E-003   6.4687135602258092E-004
   2.2731584821428449E-002   4.6565288041845350E-003   1.1379545388317003E-002  -6.8481562331697970E-003  -1.4873622931486944E-003   6.9626167869121975E-004
   2.2363609506302427E-002   4.7640504742962296E-003   1.1668140088819709E-002  -6.8528013573528144E-003  -1.5172584241260954E-003   6.9330403035225755E-004
   2.2263163077731046E-002   3.5506285601898217E-003   1.1894336617751822E-002  -6.4316331075302989E-003  -1.5503704735751662E-003   6.6129890889560596E-004
   2.2715828518907487E-002   2.8406842893808244E-003   1.1587011215417685E-002  -6.1010505733021542E-003  -1.5216654235131989E-003   6.3237166538519926E-004
   2.2728302258403228E-002   2.9798264943955849E-003   1.1728182572712053E-002  -6.1711966468937134E-003  -1.5462016903711514E-003   6.4054727867990792E-004
   2.2649849002100791E-002   1.4334776875162270E-003   1.1676754650387637E-002  -5.4662620230325207E-003  -1.5334571245759980E-003   5.7668131129533532E-004
   2.2885208771008227E-002   1.2850803304216910E-003   1.1560809355979144E-002  -5.4468762618826664E-003  -1.5259533148087711E-003   5.7826834211137260E-004
   2.2700728728991454E-002   8.8585734566281119E-004   1.1801314506364263E-002  -5.3748095209870811E-003  -1.5571596347931495E-003   5.7711413788153333E-004
   2.2863872111344434E-002  -2.3788602703988387E-004   1.1665118563493632E-002  -4.9111455589496613E-003  -1.5425093395333043E-003   5.3818379104583151E-004
   2.3097918855041866E-002  -5.1980577808224959E-005   1.1558017429841952E-002  -5.0096157865944044E-003  -1.5364348268645911E-003   5.4746551672747734E-004
   2.2690224527310829E-002   3.0517984447107904E-005   1.1883327336643544E-002  -5.1291071658688212E-003  -1.5704997410460123E-003   5.6146024301430709E-004
   2.2842535451680551E-002  -6.5747073054313668E-004   1.2017137743941367E-002  -4.9558322561683889E-003  -1.6009914124811330E-003   5.5465524724253377E-004
   2.2595358455882231E-002  -8.8017020402094900E-004   1.2392833192749701E-002  -4.9784925907319453E-003  -1.6518505675701830E-003   5.6350414633798377E-004
   2.2485064338235182E-002  -9.2370310206527084E-004   1.2505208219770688E-002  -4.9924071047832601E-003  -1.6651906738230457E-003   5.6653393244131701E-004
   2.2112165178571258E-002  -3.9675017768527401E-004   1.2776300574102704E-002  -5.2452818333508337E-003  -1.6918708863287800E-003   5.8906496084468857E-004
   2.2839581144957904E-002  -1.1358330829269875E-003   1.2312895939138115E-002  -4.9283881621557182E-003  -1.6508977028378306E-003   5.6381674331690019E-004
   2.3047695640756184E-002  -2.0086786199413134E-003   1.2138386779613817E-002  -4.5496909735964920E-003  -1.6320786243739704E-003   5.3145093303842066E-004
   2.3182937237394875E-002  -2.7867574308610352E-003   1.2274575834508736E-002  -4.2511668965475313E-003  -1.6620938634429143E-003   5.0795806777685908E-004
   2.3006007090336011E-002  -2.8586813626128547E-003   1.2559933186447830E-002  -4.2903303057698012E-003  -1.7012804255607081E-003   5.1603749738574609E-004
   2.2870765493697383E-002  -3.3070089144501304E-003   1.2907904533195035E-002  -4.2731011868449584E-003  -1.7532115534736462E-003   5.2541540675320728E-004
   2.2863872111344372E-002  -3.7512042980804086E-003   1.3050042503074727E-002  -4.0695357356464604E-003  -1.7769140636907954E-003   5.0790997593394658E-004
   2.2884552258403246E-002  -4.7048199785271125E-003   1.3062750818180965E-002  -3.7777740256213616E-003  -1.7801299821624649E-003   4.9038049919323146E-004
   2.2875689338235132E-002  -4.7978466957510641E-003   1.3139338219626314E-002  -3.7626926998620396E-003  -1.7926363317745289E-003   4.9124615236560839E-004
   2.2547104779411659E-002  -4.8837022795789418E-003   1.3308982172337563E-002  -3.7509803374849117E-003  -1.8044280328373258E-003   4.9139042789434243E-004
   2.3054260766806590E-002  -5.0266187698174373E-003   1.2893593615750196E-002  -3.6234063957799492E-003  -1.7602389308747134E-003   4.7744379345042128E-004
   2.3109079569327569E-002  -5.2658463783920723E-003   1.2924063724110691E-002  -3.5423658657429222E-003  -1.7682191730081238E-003   4.7244224178777009E-004
   2.3498063287815028E-002  -5.9848497766833465E-003   1.2651596070637091E-002  -3.2116301585080383E-003  -1.7421345009601067E-003   4.4551080975813672E-004
   2.3572577468487232E-002  -5.6167134381436574E-003   1.2414289236953539E-002  -3.3160210390607960E-003  -1.7058065330393633E-003   4.4995930522731369E-004
   2.3588005514705773E-002  -6.4808339990235705E-003   1.2451114650863066E-002  -3.0019323090481028E-003  -1.7128339104404218E-003   4.2555269495045688E-004
   2.4134552258403281E-002  -7.1202108326078751E-003   1.2119447142520463E-002  -2.6761758833397644E-003  -1.6848435089277119E-003   3.9715446171206776E-004
   2.4487427783613243E-002  -6.8382668389037355E-003   1.1819964848479626E-002  -2.8268382855365145E-003  -1.6523269999363626E-003   4.1052399404106565E-004
   2.4567850577730976E-002  -7.2682904352847095E-003   1.1835607441220131E-002  -2.6422770324682175E-003  -1.6591161611543327E-003   3.9563956866040223E-004
   2.4697183560924221E-002  -7.3767981956110677E-003   1.1831442511933283E-002  -2.6395036950698546E-003  -1.6650715657315057E-003   3.9811629857026379E-004
   2.5065815388655328E-002  -8.4544095203235615E-003   1.1639761629070227E-002  -2.1758020191834796E-003  -1.6516123513870954E-003   3.5935427318475074E-004
   2.5184644170167941E-002  -8.0491431596689950E-003   1.1447380468681004E-002  -2.3768206267696049E-003  -1.6251703550644524E-003   3.7820627560549916E-004
   2.5217798056722605E-002  -8.2034610355943907E-003   1.1409847889269546E-002  -2.2846342848578962E-003  -1.6205251394942537E-003   3.7034325928970063E-004
   2.5236180409663758E-002  -8.7224211185102426E-003   1.1511220523157921E-002  -2.1515065048319892E-003  -1.6386295694088590E-003   3.6543789131287369E-004
   2.6107372636554459E-002  -1.0503900160471945E-002   1.0732433850320380E-002  -1.3305495437280926E-003  -1.5516806625821553E-003   2.9380509129832975E-004
   2.6385077468487294E-002  -1.0355265824935667E-002   1.0415710953184007E-002  -1.3724928217974254E-003  -1.5123749923728143E-003   2.9568067317182388E-004
   2.7070804884453709E-002  -1.1333700323061306E-002   9.8671732349628338E-003  -8.9865644443474298E-004  -1.4548457841573304E-003   2.5360031062551434E-004
   2.7159105829831876E-002  -1.2361670553718850E-002   9.9198272169559627E-003  -4.6170379000334003E-004  -1.4683049985017363E-003   2.1796425502915710E-004
   2.7557608981092364E-002  -1.2640749031073739E-002   9.7127241565737495E-003  -3.7531021102024014E-004  -1.4537738113334414E-003   2.1418904536071962E-004
   2.7770975577730998E-002  -1.3623668639277352E-002   9.6379528847127284E-003   1.9105435585152312E-005  -1.4521062980518337E-003   1.8326599036954221E-004
   2.8148470325630167E-002  -1.3739693773136538E-002   9.3021273350589514E-003   1.3250002352821629E-004  -1.4147063573071944E-003   1.7068997344856198E-004
   2.8050321691176393E-002  -1.4172122552985934E-002   9.4171404567605487E-003   2.8496173449817216E-004  -1.4291184363839496E-003   1.5914793115014429E-004
   2.8172433035714196E-002  -1.4118295509117307E-002   9.3490229693941884E-003   2.8814107517583822E-004  -1.4238776803560385E-003   1.5842655350649363E-004
   2.8467863707983165E-002  -1.4330049425278411E-002   9.1943925076458082E-003   4.8249486608489497E-004  -1.4129197359340380E-003   1.3714591301878861E-004
   2.8724560136554569E-002  -1.4446262236317549E-002   8.9178402846015227E-003   5.6375240877247100E-004  -1.3793312541187899E-003   1.2786418733714826E-004
   2.8883436186974702E-002  -1.4899654739545453E-002   8.8385367247514005E-003   7.3637965159136995E-004  -1.3740904980908812E-003   1.1447060908669112E-004
   2.9190684086134427E-002  -1.4494876449582389E-002   8.5367515508456455E-003   5.1374194878089918E-004  -1.3388345029940187E-003   1.3846843869881622E-004
   2.9516314338235226E-002  -1.5635021555314491E-002   8.3025603781556045E-003   9.7086308474775632E-004  -1.3159657494176814E-003   1.0266406165227171E-004
   2.9675518644957939E-002  -1.6158311073217104E-002   8.1816373733313991E-003   1.2552748080571800E-003  -1.3036976159887062E-003   7.6069272523004170E-005
   2.9931230304621758E-002  -1.6729103884883759E-002   8.1087602947789300E-003   1.4641568585042190E-003  -1.3045313726295141E-003   6.0343239891414345E-005
   3.0647813813025174E-002  -1.7673504345853248E-002   7.5663161390314548E-003   1.9006584215910086E-003  -1.2496225424279833E-003   2.3528934143756301E-005
   3.1030232405462134E-002  -1.8048386259924946E-002   7.3042906566696186E-003   2.1119286646544429E-003  -1.2249671674784931E-003   4.0276918437259993E-006
   3.1446789653361326E-002  -1.8131959517349649E-002   7.0262483348892645E-003   2.2118918550587756E-003  -1.1993589277966524E-003  -7.4181667688744126E-006
   3.1635208771008422E-002  -1.7964267111332196E-002   6.9618824982696850E-003   2.1339255304444306E-003  -1.1981678468812140E-003   9.2576797602427753E-007
   3.2231322216386540E-002  -1.7979348439530071E-002   6.4821304010546548E-003   2.1988700425615141E-003  -1.1476660160667979E-003  -7.4422126903268545E-006
   3.2084591649159666E-002  -1.8372564632362736E-002   6.7667438516216373E-003   2.3182636607972087E-003  -1.1882818752831090E-003  -1.3165141996625651E-005
   3.2010733981092436E-002  -1.7745083904092213E-002   6.7293995435451304E-003   2.1448452699171085E-003  -1.1781576875019171E-003  -2.8253957709642981E-006
   3.2444360556722687E-002  -1.8494129740006752E-002   6.3926808530464846E-003   2.5330802698173495E-003  -1.1434972328627766E-003  -3.7475568587663920E-005
   3.2467666754201679E-002  -1.8958405153493958E-002   6.4665176562086427E-003   2.8488747614023838E-003  -1.1571946633902722E-003  -7.0731077959974452E-005
   3.3163898371848771E-002  -2.0288173664148403E-002   6.0386389037444185E-003   3.4178566483253612E-003  -1.1206284792864339E-003  -1.1891910455586133E-004
   3.3655298056722752E-002  -1.9832051492667719E-002   5.6843420993426602E-003   3.3148885701314843E-003  -1.0859680246472910E-003  -1.1396564473612378E-004
   3.4019334296218513E-002  -2.0717185078187685E-002   5.4673180580075576E-003   3.7038373941679819E-003  -1.0679827028242349E-003  -1.4698069489388219E-004
   3.4234998686974813E-002  -1.9931381634260024E-002   5.2363252020190430E-003   3.4539102451949734E-003  -1.0399923013115282E-003  -1.2930694262443563E-004
   3.4962086397058854E-002  -2.0706095594628972E-002   4.6456468486650035E-003   3.8407991345857043E-003  -9.7746055325122119E-004  -1.6340405924767610E-004
   3.5178407300420184E-002  -2.0983423628943190E-002   4.5115678103161737E-003   4.0004770429187923E-003  -9.6590706837150887E-004  -1.7816825502106566E-004
   3.5056624212184868E-002  -2.0146960839855919E-002   4.6394017507266332E-003   3.6965270175283583E-003  -9.8127201218061464E-004  -1.5479561936677458E-004
   3.5066471901260540E-002  -1.9934226930875949E-002   4.6518873546196274E-003   3.6100285139820686E-003  -9.8389239019456708E-004  -1.4683641936515522E-004
   3.5932412027310942E-002  -2.0279918050426456E-002   4.0435918555004110E-003   3.8471114637243808E-003  -9.2552942533828328E-004  -1.6994454988344360E-004
   3.6625689338235332E-002  -2.0087184849109214E-002   3.5511658830574091E-003   3.9193429656809598E-003  -8.7788618872090558E-004  -1.8384309248445328E-004
   3.6936219800420216E-002  -2.1662859910335237E-002   3.3511252937260733E-003   4.6238713755708451E-003  -8.6001997498938833E-004  -2.4463118192277853E-004
   3.7314042804621875E-002  -2.1839940735502269E-002   3.0412375644436793E-003   4.7558241269049385E-003  -8.2702703363185753E-004  -2.5812094385905182E-004
   3.7167968750000030E-002  -2.1617444151624435E-002   3.1637953154929339E-003   4.7220740245104021E-003  -8.4024803179318043E-004  -2.5713506107939531E-004
   3.7463399422268950E-002  -2.1025058037403378E-002   2.9979053095203364E-003   4.4689346669242701E-003  -8.2738435790648648E-004  -2.3614297164915236E-004
   3.8300452993697505E-002  -2.0837762470443624E-002   2.2463950203254891E-003   4.5069767738876790E-003  -7.4329404527682182E-004  -2.4350102361439012E-004
   3.8447511817226901E-002  -2.0997472061198605E-002   2.1115743765964721E-003   4.5695318292370340E-003  -7.2804820955926276E-004  -2.4881517225595434E-004
   3.8493795955882384E-002  -2.0751763540545996E-002   2.0869360876343292E-003   4.4958634085646484E-003  -7.2626158818610981E-004  -2.4347697769293736E-004
   3.8574218750000028E-002  -2.1153908922726603E-002   1.9336855170113550E-003   4.7795975467435836E-003  -7.0446480743366130E-004  -2.7238017528189004E-004
   3.8934644170168120E-002  -2.1468865843655226E-002   1.6565363360758619E-003   5.0071393140744581E-003  -6.7611708164632051E-004  -2.9512761697835047E-004
   4.0038898371848777E-002  -2.2420195628530960E-002   6.7031598002400444E-004   5.5200310157179269E-003  -5.6606120506018625E-004  -3.4290686290950240E-004
   4.0344176733193349E-002  -2.1162589620954957E-002   4.7187340104747354E-004   5.1256848974375125E-003  -5.4819499132866640E-004  -3.1501359402166118E-004
   4.1006926207983269E-002  -2.1377201992093572E-002   1.0551230726383751E-005   5.2534128549168559E-003  -5.0424410554913881E-004  -3.2648349855571394E-004
   4.0934053308823576E-002  -2.1262299343617258E-002   5.1020383764000622E-005   5.2111739761204852E-003  -5.0734091592926972E-004  -3.2246782967272045E-004
   4.1057477678571541E-002  -2.1019168519929854E-002   4.1616000986129407E-005   5.1832214825680619E-003  -5.1210523959100297E-004  -3.2280447257309133E-004
   4.1870896796218589E-002  -2.1064211807679298E-002  -7.0833301372414021E-004   5.3551252094235753E-003  -4.2706206222898799E-004  -3.4336373541714630E-004
   4.2258567489495899E-002  -2.1468030042288720E-002  -9.2691832954386723E-004   5.5255066873462454E-003  -4.1002960513827696E-004  -3.5711800248942410E-004
   4.2335379464285845E-002  -2.1008046050608489E-002  -1.1065154070945076E-003   5.4479377276436501E-003  -3.8358760881563046E-004  -3.5690158919632814E-004
   4.2943966649159782E-002  -2.0730803407251544E-002  -1.5351725008091073E-003   5.3704522019310400E-003  -3.4237620914160191E-004  -3.5177980792640816E-004
   4.3224625787815225E-002  -2.0309451720206224E-002  -1.6972718241727413E-003   5.1922924006725163E-003  -3.2939342716336786E-004  -3.3528430580825706E-004
   4.3256138392857205E-002  -1.9663681178920672E-002  -1.6956003420774337E-003   5.0967621677140704E-003  -3.3129915662806616E-004  -3.3518812212243455E-004
   4.3805967699579937E-002  -2.0461980506940185E-002  -2.0155996196395518E-003   5.5737346939161931E-003  -3.0545270076313665E-004  -3.8128415355173536E-004
   4.4546842174369841E-002  -2.0081249428556401E-002  -2.6203248513711926E-003   5.5015596573871201E-003  -2.4125343942122421E-004  -3.7786963270511700E-004
   4.5009683560924447E-002  -1.9698585118265992E-002  -3.0018222716832990E-003   5.3938076090522952E-003  -2.0051847211336978E-004  -3.6969401941040639E-004
   4.5537519695378260E-002  -1.8474610300375727E-002  -3.3819834247159710E-003   4.9815063275810137E-003  -1.6335674755181521E-004  -3.3843432151886376E-004
   4.5815881039916094E-002  -1.7948474191282628E-002  -3.4554184292975398E-003   4.8217462494093682E-003  -1.6526247701650939E-004  -3.2785411607865275E-004
   4.6316800157563148E-002  -1.8710157664473447E-002  -3.9357628924199866E-003   5.2451859685390947E-003  -1.0975810635726653E-004  -3.6618331487797733E-004
   4.6339778098739584E-002  -1.7818558988100738E-002  -3.9779402634230760E-003   4.8972773971149887E-003  -1.0380270178009581E-004  -3.3788126532540271E-004
   4.6551175157563150E-002  -1.7141093343395822E-002  -4.0844834710457353E-003   4.6241992121576593E-003  -9.6656216287488398E-005  -3.1378725202745852E-004
   4.6837414653361401E-002  -1.7945020755880996E-002  -4.2222429843927958E-003   5.0361564337663475E-003  -8.8080433696364680E-005  -3.4920689433072234E-004
   4.6952960871848796E-002  -1.7230993393124588E-002  -4.2573992121989652E-003   4.8329230329924562E-003  -8.8080433696365845E-005  -3.3439460671442134E-004
   4.7427947741596713E-002  -1.6853606427119638E-002  -4.6137394493820285E-003   4.8024232744438245E-003  -5.2228898141789905E-005  -3.3631828043082548E-004
   4.7872078518907672E-002  -1.6220355199188938E-002  -4.9311350721418781E-003   4.5779784672601099E-003  -2.1379902432036904E-005  -3.1859643631846490E-004
   4.8014541754201778E-002  -1.5200587919768175E-002  -5.0687797858945168E-003   4.1658349940172697E-003  -5.4194181652164447E-006  -2.8269587558609865E-004
   4.8834197741596710E-002  -1.4092252720539940E-002  -5.7537728940697192E-003   3.8093171304281197E-003   6.8308490500169490E-005  -2.5607704053537834E-004
