   319000.00000000000       -83.935796136200068        24.818949200806180        4.3952763714169441E-003   4.3090697780797486E-003   1.4553712499966692E-004   5759.7000000000580        0.0000000000000000        7.1404051172708511        7.0866198691007671        1.9912313669919971E-002  -6.3716709613800049E-002   2.9885002112474413E-004  -3.4879407559086903E-002   1.0000000000000000       -1.0873891452462332        4.4550643153020824     
   319000.00000000000       -21.445739703258244       -1.2669120275545702       -2.2436197658173452E-004  -2.1996146110987681E-004   3.0667605559979661E-004   5759.7000000000580        0.0000000000000000        7.1404051172708511        7.0866198691007671        1.9912313669919971E-002  -6.3716709613800049E-002   2.9885002112474413E-004  -3.4879407559086903E-002   1.0000000000000000      -0.27782978941736314       -4.2346065185319315     
   319000.00000000000        40.310230914839494        13.713686363130730        2.4286057056329110E-003   2.3809723359082230E-003   2.1413712873467243E-004   5759.7000000000580        0.0000000000000000        7.1404051172708511        7.0866198691007671        1.9912313669919971E-002  -6.3716709613800049E-002   2.9885002112474413E-004  -3.4879407559086903E-002   1.0000000000000000       0.52221947675386649       -7.1562223386561516     
   319000.00000000000        130.95259756486934        10.576300970192889        1.8729949191311024E-003   1.8362590013703461E-003   2.3351754798450069E-004   5759.7000000000580        0.0000000000000000        7.1404051172708511        7.0866198691007671        1.9912313669919971E-002  -6.3716709613800049E-002   2.9885002112474413E-004  -3.4879407559086903E-002   1.0000000000000000        1.6964923154213591       -4.2380945586052530     
   319000.00000000000       -126.05441203790669       -10.659059515949934       -1.8876509256266132E-003  -1.8506275528152208E-003   3.6469371463239539E-004   5759.7000000000580        0.0000000000000000        7.1404051172708511        7.0866198691007671        1.9912313669919971E-002  -6.3716709613800049E-002   2.9885002112474413E-004  -3.4879407559086903E-002   1.0000000000000000       -1.6330362690311080        10.138222103350202     
   319000.00000000000       -62.820481994710413        26.012139745332068        4.6065827472236368E-003   4.5162317039657979E-003   1.3816648668092701E-004   5759.7000000000580        0.0000000000000000        7.1404051172708511        7.0866198691007671        1.9912313669919971E-002  -6.3716709613800049E-002   2.9885002112474413E-004  -3.4879407559086903E-002   1.0000000000000000      -0.81384002254937182        1.2136905233776012     
   319000.00000000000       -88.880859987779019        9.4788350190476294        1.6786407535104766E-003   1.6457167941121124E-003   2.4029687139611705E-004   5759.7000000000580        0.0000000000000000        7.1404051172708511        7.0866198691007671        1.9912313669919971E-002  -6.3716709613800049E-002   2.9885002112474413E-004  -3.4879407559086903E-002   1.0000000000000000       -1.1514525008380603        5.1066662130129785     
   319000.00000000000        65.235372686689502       -11.242723622111814       -1.9910140871328293E-003  -1.9519634047106102E-003   3.6829915472399381E-004   5759.7000000000580        0.0000000000000000        7.1404051172708511        7.0866198691007671        1.9912313669919971E-002  -6.3716709613800049E-002   2.9885002112474413E-004  -3.4879407559086903E-002   1.0000000000000000       0.84512495753888706       -6.7071133807203855     
   205000.00000000000       -244.00595681637100        79.807129334608021        1.4220679735328258E-002   1.3938892556913371E-002  -2.3791046235897449E-004   5725.5000000000373        0.0000000000000000        7.1039445628998266        7.0586247316873800        2.0070574924168270E-002  -6.5804130736628719E-002   2.5526485042777491E-004  -3.6675193548157854E-002   0.0000000000000000       -3.1610998052249477        7.0073653515853000E-006
   319000.00000000000        96.496908935546386       -10.873813800004099       -1.9256825289280604E-003  -1.8879132246478096E-003   3.6602030589849707E-004   5759.7000000000580        0.0000000000000000        7.1404051172708511        7.0866198691007671        1.9912313669919971E-002  -6.3716709613800049E-002   2.9885002112474413E-004  -3.4879407559086903E-002   1.0000000000000000        1.2501184971911290       -5.4414045472318344     
   319000.00000000000       -148.11169372000742       -7.2715759352965845       -1.2877493576696221E-003  -1.2624921324542095E-003   3.4376837592751410E-004   5759.7000000000580        0.0000000000000000        7.1404051172708511        7.0866198691007671        1.9912313669919971E-002  -6.3716709613800049E-002   2.9885002112474413E-004  -3.4879407559086903E-002   1.0000000000000000       -1.9187885913875367        12.794072662390748     
   319000.00000000000        17.843702194307891       -7.0860112932519952       -1.2548870523419443E-003  -1.2302743707574915E-003   3.4262209642711748E-004   5759.7000000000580        0.0000000000000000        7.1404051172708511        7.0866198691007671        1.9912313669919971E-002  -6.3716709613800049E-002   2.9885002112474413E-004  -3.4879407559086903E-002   1.0000000000000000       0.23116535459569665       -6.8292487763007763     
   204000.00000000000       -251.84637121970118        79.003686542084779        1.4078279089811479E-002   1.3799288503822445E-002  -2.5378960956574221E-004   5725.2000000000371        0.0000000000000000        7.1036247334755194        7.0583049022630728        2.0072393861135854E-002  -6.5826440851755652E-002   2.5529944148196607E-004  -3.6694934362268165E-002   0.0000000000000000       -3.2626724584774323       -4.0213227300746848     
   319000.00000000000       -158.74450385027887        7.9429352591228763        1.4066427785340444E-003   1.3790536415304263E-003   2.4978451079803925E-004   5759.7000000000580        0.0000000000000000        7.1404051172708511        7.0866198691007671        1.9912313669919971E-002  -6.3716709613800049E-002   2.9885002112474413E-004  -3.4879407559086903E-002   1.0000000000000000       -2.0565367614336045        13.772545980250843     
   319000.00000000000        106.36288110014179        3.7712681450503074        6.6786734740883406E-004   6.5476815546821351E-004   2.7555394856728347E-004   5759.7000000000580        0.0000000000000000        7.1404051172708511        7.0866198691007671        1.9912313669919971E-002  -6.3716709613800049E-002   2.9885002112474413E-004  -3.4879407559086903E-002   1.0000000000000000        1.3779322731118848       -5.1326996669366487     
   319000.00000000000       -23.097807368150963        13.058947604156240        2.3126556799695380E-003   2.2672964918582753E-003   2.1818161484613350E-004   5759.7000000000580        0.0000000000000000        7.1404051172708511        7.0866198691007671        1.9912313669919971E-002  -6.3716709613800049E-002   2.9885002112474413E-004  -3.4879407559086903E-002   1.0000000000000000      -0.29923234385434738       -3.8795888018031088     
   319000.00000000000        32.403423012009412       -7.3136930271498493       -1.2952080239152280E-003  -1.2698045084205386E-003   3.4402854380473347E-004   5759.7000000000580        0.0000000000000000        7.1404051172708511        7.0866198691007671        1.9912313669919971E-002  -6.3716709613800049E-002   2.9885002112474413E-004  -3.4879407559086903E-002   1.0000000000000000       0.41978669499847315       -7.1277689930280079     
   319000.00000000000       -32.506309961811361       -2.8594373215283251       -5.0638796965880254E-004  -4.9645594762371239E-004   3.1651348517814574E-004   5759.7000000000580        0.0000000000000000        7.1404051172708511        7.0866198691007671        1.9912313669919971E-002  -6.3716709613800049E-002   2.9885002112474413E-004  -3.4879407559086903E-002   1.0000000000000000      -0.42111959654408543       -3.1193306491285711     
   319000.00000000000       -124.54407181824142        16.887419468989975        2.9906534384560933E-003   2.9319963659547900E-003   1.9453218051343544E-004   5759.7000000000580        0.0000000000000000        7.1404051172708511        7.0866198691007671        1.9912313669919971E-002  -6.3716709613800049E-002   2.9885002112474413E-004  -3.4879407559086903E-002   1.0000000000000000       -1.6134697951773560        10.514016474498408     
   319000.00000000000        35.974376429362636       -2.9173065070810908       -5.1663623044677148E-004  -5.0650320452125307E-004   3.1687095770293765E-004   5759.7000000000580        0.0000000000000000        7.1404051172708511        7.0866198691007671        1.9912313669919971E-002  -6.3716709613800049E-002   2.9885002112474413E-004  -3.4879407559086903E-002   1.0000000000000000       0.46604843507786653       -7.1475918926261262     
   319000.00000000000       -184.56786466659426        12.116859718414911        2.1458179709877854E-003   2.1037310482168847E-003   2.2400112883920226E-004   5759.7000000000580        0.0000000000000000        7.1404051172708511        7.0866198691007671        1.9912313669919971E-002  -6.3716709613800049E-002   2.9885002112474413E-004  -3.4879407559086903E-002   1.0000000000000000       -2.3910786796382477        13.853277323688829     
   319000.00000000000        3.5612479243689168        26.441036189970891        4.6825375506947082E-003   4.5906967706600384E-003   1.3551708538946577E-004   5759.7000000000580        0.0000000000000000        7.1404051172708511        7.0866198691007671        1.9912313669919971E-002  -6.3716709613800049E-002   2.9885002112474413E-004  -3.4879407559086903E-002   1.0000000000000000        4.6136005312986034E-002  -6.0064878150229442     
   319000.00000000000       -25.845009968272254        20.874949327784353        3.6968193452749519E-003   3.6243119134302384E-003   1.6990020491725958E-004   5759.7000000000580        0.0000000000000000        7.1404051172708511        7.0866198691007671        1.9912313669919971E-002  -6.3716709613800049E-002   2.9885002112474413E-004  -3.4879407559086903E-002   1.0000000000000000      -0.33482238320200253       -3.5517071985345456     
   319000.00000000000        149.10645031312097       -8.4919193194509113       -1.5038643268406088E-003  -1.4743683385334003E-003   3.5130674417098917E-004   5759.7000000000580        0.0000000000000000        7.1404051172708511        7.0866198691007671        1.9912313669919971E-002  -6.3716709613800049E-002   2.9885002112474413E-004  -3.4879407559086903E-002   1.0000000000000000        1.9316756737922662       -4.0218617989530241     
   186000.00000000000       -249.66959410890934        79.668648986406851        1.4210643164469726E-002   1.3928572500158463E-002  -2.5667183264217936E-004   5719.8000000000338        0.0000000000000000        7.0978678038379890        7.0525479726255424        2.0105177054656594E-002  -6.6228022924040342E-002   2.5592315061728071E-004  -3.7050211272398430E-002   0.0000000000000000       -3.2344722875032432       -2.8472626023667251     
   319000.00000000000       -61.624837725643452        4.5723285049336049        8.0972998806242964E-004   7.9384837837622770E-004   2.7060559709796682E-004   5759.7000000000580        0.0000000000000000        7.1404051172708511        7.0866198691007671        1.9912313669919971E-002  -6.3716709613800049E-002   2.9885002112474413E-004  -3.4879407559086903E-002   1.0000000000000000      -0.79835043813356910       0.83050435779833609     
   319000.00000000000       -41.477310748869812        7.2732744818710477        1.2880501593499872E-003   1.2627870343717511E-003   2.5392117397226075E-004   5759.7000000000580        0.0000000000000000        7.1404051172708511        7.0866198691007671        1.9912313669919971E-002  -6.3716709613800049E-002   2.9885002112474413E-004  -3.4879407559086903E-002   1.0000000000000000      -0.53733900860534334       -1.8604748467275203     
   319000.00000000000       -182.64064472096146        15.759977695250528        2.7909907473336014E-003   2.7362497517666494E-003   2.0149667212610912E-004   5759.7000000000580        0.0000000000000000        7.1404051172708511        7.0866198691007671        1.9912313669919971E-002  -6.3716709613800049E-002   2.9885002112474413E-004  -3.4879407559086903E-002   1.0000000000000000       -2.3661115244333026        13.936496003880364     
   319000.00000000000       -174.18255515014971        10.033609919722188        1.7768878224198592E-003   1.7420368977068403E-003   2.3686988719820605E-004   5759.7000000000580        0.0000000000000000        7.1404051172708511        7.0866198691007671        1.9912313669919971E-002  -6.3716709613800049E-002   2.9885002112474413E-004  -3.4879407559086903E-002   1.0000000000000000       -2.2565368827167105        14.165418997523037     
   190000.00000000000       -247.62233357937777        78.818660180021524        1.4055977586649344E-002   1.3777077465481742E-002  -2.4534590691649210E-004   5721.0000000000346        0.0000000000000000        7.0991471215352178        7.0538272903227712        2.0097884963337503E-002  -6.6138782463532608E-002   2.5578437315832564E-004  -3.6971270311271627E-002   0.0000000000000000       -3.2079500052377443       -1.7804699069983565     
   319000.00000000000       -187.73964217184050        5.5253242872261943        9.7849941540927997E-004   9.5930765269478251E-004   2.6471870228239120E-004   5759.7000000000580        0.0000000000000000        7.1404051172708511        7.0866198691007671        1.9912313669919971E-002  -6.3716709613800049E-002   2.9885002112474413E-004  -3.4879407559086903E-002   1.0000000000000000       -2.4321690914661693        13.706733572511700     
   319000.00000000000        128.66561310144050        9.0468446323555884        1.6021380327891205E-003   1.5707145567226586E-003   2.4296538474638402E-004   5759.7000000000580        0.0000000000000000        7.1404051172708511        7.0866198691007671        1.9912313669919971E-002  -6.3716709613800049E-002   2.9885002112474413E-004  -3.4879407559086903E-002   1.0000000000000000        1.6668644070037877       -4.2982400130082503     
   198000.00000000000       -243.70715683103620        76.897221835756113        1.3707371154643084E-002   1.3435584064674081E-002  -2.2018208487967271E-004   5723.4000000000360        0.0000000000000000        7.1017057569296762        7.0563859257172297        2.0083312677359876E-002  -6.5960301542517197E-002   2.5550711911150742E-004  -3.6813372160504690E-002   0.0000000000000000       -3.1572288481886250       0.14128850370042914     
   319000.00000000000       -130.73935162044594        3.8116661343128224        6.7502157163572122E-004   6.6178206057829127E-004   2.7530440001946404E-004   5759.7000000000580        0.0000000000000000        7.1404051172708511        7.0866198691007671        1.9912313669919971E-002  -6.3716709613800049E-002   2.9885002112474413E-004  -3.4879407559086903E-002   1.0000000000000000       -1.6937297119088184        11.134651844459105     
   319000.00000000000        34.430477330263557       -3.4356381412521677       -6.0842943110959666E-004  -5.9649602257967138E-004   3.2007282267091264E-004   5759.7000000000580        0.0000000000000000        7.1404051172708511        7.0866198691007671        1.9912313669919971E-002  -6.3716709613800049E-002   2.9885002112474413E-004  -3.4879407559086903E-002   1.0000000000000000       0.44604720557869543       -7.1378933535078630     
   319000.00000000000        86.664042965391545        9.0304368247948581        1.5992323155367522E-003   1.5678658306499933E-003   2.4306673990352002E-004   5759.7000000000580        0.0000000000000000        7.1404051172708511        7.0866198691007671        1.9912313669919971E-002  -6.3716709613800049E-002   2.9885002112474413E-004  -3.4879407559086903E-002   1.0000000000000000        1.1227336123768168       -6.0451424581126183     
   319000.00000000000       -132.67809226462012        8.9895371322018089        1.5919892428748925E-003   1.5607648197304925E-003   2.4331938759909058E-004   5759.7000000000580        0.0000000000000000        7.1404051172708511        7.0866198691007671        1.9912313669919971E-002  -6.3716709613800049E-002   2.9885002112474413E-004  -3.4879407559086903E-002   1.0000000000000000       -1.7188461178877625        11.453949126225984     
   319000.00000000000       -143.39568834486917        37.687172100542007        6.6741559321800625E-003   6.5432526174178567E-003   6.6046873225532381E-005   5759.7000000000580        0.0000000000000000        7.1404051172708511        7.0866198691007671        1.9912313669919971E-002  -6.3716709613800049E-002   2.9885002112474413E-004  -3.4879407559086903E-002   1.0000000000000000       -1.8576926908312714        12.633222416378608     
   319000.00000000000       -54.054110604104025        6.5099489373990194        1.1528701119526581E-003   1.1302583359200920E-003   2.5863642798895604E-004   5759.7000000000580        0.0000000000000000        7.1404051172708511        7.0866198691007671        1.9912313669919971E-002  -6.3716709613800049E-002   2.9885002112474413E-004  -3.4879407559086903E-002   1.0000000000000000      -0.70027158652864852      -0.20893616054486078     
   319000.00000000000       -148.07214363481285        6.5841060960811806        1.1660028680854815E-003   1.1431335132178959E-003   2.5817834055447272E-004   5759.7000000000580        0.0000000000000000        7.1404051172708511        7.0866198691007671        1.9912313669919971E-002  -6.3716709613800049E-002   2.9885002112474413E-004  -3.4879407559086903E-002   1.0000000000000000       -1.9182762196067966        13.014689703629010     
   319000.00000000000       -45.007502878410300       -8.6904916921065212       -1.5390302176479863E-003  -1.5088445044197500E-003   3.5253337569740649E-004   5759.7000000000580        0.0000000000000000        7.1404051172708511        7.0866198691007671        1.9912313669919971E-002  -6.3716709613800049E-002   2.9885002112474413E-004  -3.4879407559086903E-002   1.0000000000000000      -0.58307268576100024       -1.7884639455828295     
   319000.00000000000       -198.38348415966908        8.1812067118428189        1.4488391212417820E-003   1.4204223678043538E-003   2.4831264806183460E-004   5759.7000000000580        0.0000000000000000        7.1404051172708511        7.0866198691007671        1.9912313669919971E-002  -6.3716709613800049E-002   2.9885002112474413E-004  -3.4879407559086903E-002   1.0000000000000000       -2.5700601793460072        12.647560090454956     
   319000.00000000000       -127.54604944528504       -3.7143455410799171       -6.5778672013463600E-004  -6.4488524421061504E-004   3.2179446843010111E-004   5759.7000000000580        0.0000000000000000        7.1404051172708511        7.0866198691007671        1.9912313669919971E-002  -6.3716709613800049E-002   2.9885002112474413E-004  -3.4879407559086903E-002   1.0000000000000000       -1.6523604477497384        10.554043044446329     
   319000.00000000000       -93.514059531531373        3.9494373934771212        6.9941997606315495E-004   6.8570192778739892E-004   2.7445335227467912E-004   5759.7000000000580        0.0000000000000000        7.1404051172708511        7.0866198691007671        1.9912313669919971E-002  -6.3716709613800049E-002   2.9885002112474413E-004  -3.4879407559086903E-002   1.0000000000000000       -1.2114756509546201        5.7224770348720435     
   319000.00000000000       -198.43031759530842        2.9524662928227592        5.2286280250041098E-004   5.1260765193026194E-004   2.8061189370033146E-004   5759.7000000000580        0.0000000000000000        7.1404051172708511        7.0866198691007671        1.9912313669919971E-002  -6.3716709613800049E-002   2.9885002112474413E-004  -3.4879407559086903E-002   1.0000000000000000       -2.5706669070104011        12.732599319897115     
   319000.00000000000       -81.327162283319012        5.8256821854087733        1.0316908685271847E-003   1.0114558371805327E-003   2.6286331594545004E-004   5759.7000000000580        0.0000000000000000        7.1404051172708511        7.0866198691007671        1.9912313669919971E-002  -6.3716709613800049E-002   2.9885002112474413E-004  -3.4879407559086903E-002   1.0000000000000000       -1.0535942655152797        3.8495611997076531     
   184000.00000000000       -253.71577584212193        76.964711964668325        1.3729827312840252E-002   1.3457251357649299E-002  -2.5175911911978397E-004   5719.2000000000335        0.0000000000000000        7.0972281449893746        7.0519083137769281        2.0108824588657776E-002  -6.6272643154294153E-002   2.5599257699532307E-004  -3.7089679722752733E-002   0.0000000000000000       -3.2868906155459006       -5.0820188694781878     
   319000.00000000000       -101.90936296859797       -5.3304865227295215       -9.4399489970141480E-004  -9.2547989005147284E-004   3.3177777805527565E-004   5759.7000000000580        0.0000000000000000        7.1404051172708511        7.0866198691007671        1.9912313669919971E-002  -6.3716709613800049E-002   2.9885002112474413E-004  -3.4879407559086903E-002   1.0000000000000000       -1.3202368976306071        6.7668098278004285     
   319000.00000000000       -12.908996368346578        24.348713930005687        4.3120007275516863E-003   4.2274274580282722E-003   1.4844188662528168E-004   5759.7000000000580        0.0000000000000000        7.1404051172708511        7.0866198691007671        1.9912313669919971E-002  -6.3716709613800049E-002   2.9885002112474413E-004  -3.4879407559086903E-002   1.0000000000000000      -0.16723618733758761       -4.7936723996684965     
   195000.00000000000       -244.23400902516033        77.106735029917019        1.3746954927462142E-002   1.3474309310601404E-002  -2.2387845417576210E-004   5722.5000000000355        0.0000000000000000        7.1007462686567546        7.0554264374443081        2.0088775426759391E-002  -6.6027231887897941E-002   2.5561104239981564E-004  -3.6872586501426496E-002   0.0000000000000000       -3.1640542240522209      -0.10843368974976157     
   319000.00000000000       -191.16142208100197        9.7763265558517620        1.7313245924527492E-003   1.6973673204944118E-003   2.3845919129487165E-004   5759.7000000000580        0.0000000000000000        7.1404051172708511        7.0866198691007671        1.9912313669919971E-002  -6.3716709613800049E-002   2.9885002112474413E-004  -3.4879407559086903E-002   1.0000000000000000       -2.4764982871362289        13.402725534828873     
   211000.00000000000       -254.23144031031893        79.583788676536457        1.4176271495610107E-002   1.3895515980747635E-002  -2.6101124275718112E-004   5727.3000000000384        0.0000000000000000        7.1058635394456697        7.0605437082332232        2.0059666492703181E-002  -6.5670270045867174E-002   2.5505743527855923E-004  -3.6556741582399264E-002   0.0000000000000000       -3.2935710542993109       -5.3660309397310240     
   319000.00000000000        118.75176777026638        5.9906863066249691        1.0609120377757363E-003   1.0401038780882526E-003   2.6184404395727874E-004   5759.7000000000580        0.0000000000000000        7.1404051172708511        7.0866198691007671        1.9912313669919971E-002  -6.3716709613800049E-002   2.9885002112474413E-004  -3.4879407559086903E-002   1.0000000000000000        1.5384304336930912       -4.6259900917055186     
   319000.00000000000       -186.20530510948265       -1.5205542176973192       -2.6928037808652731E-004  -2.6399885717959335E-004   3.0824286724986553E-004   5759.7000000000580        0.0000000000000000        7.1404051172708511        7.0866198691007671        1.9912313669919971E-002  -6.3716709613800049E-002   2.9885002112474413E-004  -3.4879407559086903E-002   1.0000000000000000       -2.4122917382562279        13.868297630159862     
   319000.00000000000        6.4183951041903038      -0.56398879425835868       -9.9878790237709818E-005  -9.7919821216096843E-005   3.0233392186245265E-004   5759.7000000000580        0.0000000000000000        7.1404051172708511        7.0866198691007671        1.9912313669919971E-002  -6.3716709613800049E-002   2.9885002112474413E-004  -3.4879407559086903E-002   1.0000000000000000        8.3150377877789061E-002  -6.2942627695053197     
   207000.00000000000       -252.83941620373071        78.480904229222062        1.3982845992961124E-002   1.3705821454257094E-002  -2.5256929763627989E-004   5726.1000000000377        0.0000000000000000        7.1045842217484410        7.0592643905359944        2.0066937791889467E-002  -6.5759510506374852E-002   2.5519568706445020E-004  -3.6635710908117861E-002   0.0000000000000000       -3.2755373669679968       -4.5741129292404539     
   319000.00000000000       -64.239044041998824       -9.4275101396313854       -1.6695514472735826E-003  -1.6368057606526885E-003   3.5708612415478173E-004   5759.7000000000580        0.0000000000000000        7.1404051172708511        7.0866198691007671        1.9912313669919971E-002  -6.3716709613800049E-002   2.9885002112474413E-004  -3.4879407559086903E-002   1.0000000000000000      -0.83221750918900150       0.80755370391628922     
   319000.00000000000       -89.430297530104824        33.073694618246897        5.8571387247256402E-003   5.7422599472622821E-003   9.4545484842639775E-005   5759.7000000000580        0.0000000000000000        7.1404051172708511        7.0866198691007671        1.9912313669919971E-002  -6.3716709613800049E-002   2.9885002112474413E-004  -3.4879407559086903E-002   1.0000000000000000       -1.1585704701314756        5.2736413251480263     
   319000.00000000000       0.14799102639929257        21.244402566402123        3.7622471390506610E-003   3.6884564415511066E-003   1.6761799927120265E-004   5759.7000000000580        0.0000000000000000        7.1404051172708511        7.0866198691007671        1.9912313669919971E-002  -6.3716709613800049E-002   2.9885002112474413E-004  -3.4879407559086903E-002   1.0000000000000000        1.9172253449447631E-003  -5.7919396222376225     
   319000.00000000000       -44.485057053677821        22.675960386400750        4.0157668271586780E-003   3.9370037304721633E-003   1.5877490629499549E-004   5759.7000000000580        0.0000000000000000        7.1404051172708511        7.0866198691007671        1.9912313669919971E-002  -6.3716709613800049E-002   2.9885002112474413E-004  -3.4879407559086903E-002   1.0000000000000000      -0.57630439446045112       -1.3417670238185349     
   319000.00000000000       -87.309902800285883        22.629969727415418        4.0076221770726245E-003   3.9290188251845043E-003   1.5905900217136375E-004   5759.7000000000580        0.0000000000000000        7.1404051172708511        7.0866198691007671        1.9912313669919971E-002  -6.3716709613800049E-002   2.9885002112474413E-004  -3.4879407559086903E-002   1.0000000000000000       -1.1311007335115828        4.9846537117796208     
   319000.00000000000       -18.127833010765016        11.726787169280534        2.0767386298570570E-003   2.0360065922323065E-003   2.2641070515618591E-004   5759.7000000000580        0.0000000000000000        7.1404051172708511        7.0866198691007671        1.9912313669919971E-002  -6.3716709613800049E-002   2.9885002112474413E-004  -3.4879407559086903E-002   1.0000000000000000      -0.23484627239081815       -4.3753835039117561     
   319000.00000000000       -103.91849532542594        6.7772324455476607        1.2002043031921887E-003   1.1766641397204008E-003   2.5698535048405475E-004   5759.7000000000580        0.0000000000000000        7.1404051172708511        7.0866198691007671        1.9912313669919971E-002  -6.3716709613800049E-002   2.9885002112474413E-004  -3.4879407559086903E-002   1.0000000000000000       -1.3462652290070398        7.4036041885817232     
   319000.00000000000       -155.79774848532730        11.929281663880916        2.1125991032501113E-003   2.0711637175340374E-003   2.2515984569532042E-004   5759.7000000000580        0.0000000000000000        7.1404051172708511        7.0866198691007671        1.9912313669919971E-002  -6.3716709613800049E-002   2.9885002112474413E-004  -3.4879407559086903E-002   1.0000000000000000       -2.0183615138628901        13.627819632621486     
   319000.00000000000        40.547048063749671        20.741467269623652        3.6731805307749902E-003   3.6011367379591721E-003   1.7072475718785644E-004   5759.7000000000580        0.0000000000000000        7.1404051172708511        7.0866198691007671        1.9912313669919971E-002  -6.3716709613800049E-002   2.9885002112474413E-004  -3.4879407559086903E-002   1.0000000000000000       0.52528744547504513       -7.1558453122761847     
   319000.00000000000       -86.202292154561974       -2.5495779272753061       -4.5151386266084701E-004  -4.4265811192862134E-004   3.1459940570845776E-004   5759.7000000000580        0.0000000000000000        7.1404051172708511        7.0866198691007671        1.9912313669919971E-002  -6.3716709613800049E-002   2.9885002112474413E-004  -3.4879407559086903E-002   1.0000000000000000       -1.1167516256367376        4.3935743877592390     
   319000.00000000000       -194.77010095413220       -2.2404706548540747       -3.9677295160478801E-004  -3.8899085974166228E-004   3.1268997228463323E-004   5759.7000000000580        0.0000000000000000        7.1404051172708511        7.0866198691007671        1.9912313669919971E-002  -6.3716709613800049E-002   2.9885002112474413E-004  -3.4879407559086903E-002   1.0000000000000000       -2.5232487609025558        13.237892845891015     
   319000.00000000000       -155.00902950860765        38.269893311007436        6.7773521129192126E-003   6.6444247636173849E-003   6.2447257637977067E-005   5759.7000000000580        0.0000000000000000        7.1404051172708511        7.0866198691007671        1.9912313669919971E-002  -6.3716709613800049E-002   2.9885002112474413E-004  -3.4879407559086903E-002   1.0000000000000000       -2.0081436510032469        13.567037406711062     
   319000.00000000000       -85.643684244757651       -7.0178451463935190       -1.2428152658938753E-003  -1.2184393538540979E-003   3.4220101698060246E-004   5759.7000000000580        0.0000000000000000        7.1404051172708511        7.0866198691007671        1.9912313669919971E-002  -6.3716709613800049E-002   2.9885002112474413E-004  -3.4879407559086903E-002   1.0000000000000000       -1.1095148541336204        4.1547265205621287     
   319000.00000000000       -136.93197519082887        6.8916599397518050        1.2204686768949877E-003   1.1965310588662144E-003   2.5627850305103760E-004   5759.7000000000580        0.0000000000000000        7.1404051172708511        7.0866198691007671        1.9912313669919971E-002  -6.3716709613800049E-002   2.9885002112474413E-004  -3.4879407559086903E-002   1.0000000000000000       -1.7739552171283515        11.915864260122826     
   188000.00000000000       -242.76464416669947        76.727999658416508        1.3684628696629429E-002   1.3413047978885401E-002  -2.1850461848736962E-004   5720.4000000000342        0.0000000000000000        7.0985074626866034        7.0531876314741568        2.0101530513003146E-002  -6.6183402693786475E-002   2.5585374934206095E-004  -3.7010741468414626E-002   0.0000000000000000       -3.1450185864453060       0.58182357939304996     
   319000.00000000000        176.69155130844504        1.6920184216698611        2.9964558646689856E-004   2.9376849864920810E-004   2.8839799745426726E-004   5759.7000000000580        0.0000000000000000        7.1404051172708511        7.0866198691007671        1.9912313669919971E-002  -6.3716709613800049E-002   2.9885002112474413E-004  -3.4879407559086903E-002   1.0000000000000000        2.2890409550384616       -5.1957504219604953     
   319000.00000000000       -62.674448461313240        8.0870847164014901        1.4321707208495348E-003   1.4040808924772833E-003   2.4889406331811436E-004   5759.7000000000580        0.0000000000000000        7.1404051172708511        7.0866198691007671        1.9912313669919971E-002  -6.3716709613800049E-002   2.9885002112474413E-004  -3.4879407559086903E-002   1.0000000000000000      -0.81194815654740571        1.0521151663377302     
   319000.00000000000        186.16634174009494       -5.3412559060057712       -9.4590208825584771E-004  -9.2734967203252203E-004   3.3184430324641905E-004   5759.7000000000580        0.0000000000000000        7.1404051172708511        7.0866198691007671        1.9912313669919971E-002  -6.3716709613800049E-002   2.9885002112474413E-004  -3.4879407559086903E-002   1.0000000000000000        2.4117869673851007       -6.3817317657972277     
   319000.00000000000       -26.473029858313797        18.843346188981066        3.3370354881973713E-003   3.2715846639548721E-003   1.8244992885869910E-004   5759.7000000000580        0.0000000000000000        7.1404051172708511        7.0866198691007671        1.9912313669919971E-002  -6.3716709613800049E-002   2.9885002112474413E-004  -3.4879407559086903E-002   1.0000000000000000      -0.34295838765857295       -3.4919583159395633     
   319000.00000000000       -182.29532367913239       -8.0112017757392255       -1.4187323398210721E-003  -1.3909060846466212E-003   3.4833723090722140E-004   5759.7000000000580        0.0000000000000000        7.1404051172708511        7.0866198691007671        1.9912313669919971E-002  -6.3716709613800049E-002   2.9885002112474413E-004  -3.4879407559086903E-002   1.0000000000000000       -2.3616378866077823        14.082306271809959     
   319000.00000000000       -161.80171537750888        17.538531613739831        3.1059612140515525E-003   3.0450425566851840E-003   1.9051009691085615E-004   5759.7000000000580        0.0000000000000000        7.1404051172708511        7.0866198691007671        1.9912313669919971E-002  -6.3716709613800049E-002   2.9885002112474413E-004  -3.4879407559086903E-002   1.0000000000000000       -2.0961429697792928        13.953718659658428     
   319000.00000000000        68.790975330698387        11.403246944106549        2.0194417356410865E-003   1.9798334885682300E-003   2.2840929456192802E-004   5759.7000000000580        0.0000000000000000        7.1404051172708511        7.0866198691007671        1.9912313669919971E-002  -6.3716709613800049E-002   2.9885002112474413E-004  -3.4879407559086903E-002   1.0000000000000000       0.89118782818385378       -6.7227432439688259     
   319000.00000000000       -52.645987621430777        3.6148749516623866        6.4017111812906906E-004   6.2761514517463586E-004   2.7652002868689519E-004   5759.7000000000580        0.0000000000000000        7.1404051172708511        7.0866198691007671        1.9912313669919971E-002  -6.3716709613800049E-002   2.9885002112474413E-004  -3.4879407559086903E-002   1.0000000000000000      -0.68202933808382482      -0.46024377464599964     
   319000.00000000000        64.158120838370266        8.8917874433465709        1.5746784012972471E-003   1.5437935037148603E-003   2.4392321203067590E-004   5759.7000000000580        0.0000000000000000        7.1404051172708511        7.0866198691007671        1.9912313669919971E-002  -6.3716709613800049E-002   2.9885002112474413E-004  -3.4879407559086903E-002   1.0000000000000000       0.83116914821222032       -6.8479821490396837     
   319000.00000000000       -84.337129685520964        5.9238738443679981        1.0490799801693366E-003   1.0285038881136064E-003   2.6225676135328884E-004   5759.7000000000580        0.0000000000000000        7.1404051172708511        7.0866198691007671        1.9912313669919971E-002  -6.3716709613800049E-002   2.9885002112474413E-004  -3.4879407559086903E-002   1.0000000000000000       -1.0925884257111085        4.3234059282450135     
   319000.00000000000        10.568991532830729       -1.5748410291386781       -2.7889422344626650E-004  -2.7342414173284413E-004   3.0857821054809025E-004   5759.7000000000580        0.0000000000000000        7.1404051172708511        7.0866198691007671        1.9912313669919971E-002  -6.3716709613800049E-002   2.9885002112474413E-004  -3.4879407559086903E-002   1.0000000000000000       0.13692139942713810       -6.5052443964882185     
   319000.00000000000       -31.244778597397662        20.136787569885652        3.5660956427311565E-003   3.4961521554743216E-003   1.7446001589058443E-004   5759.7000000000580        0.0000000000000000        7.1404051172708511        7.0866198691007671        1.9912313669919971E-002  -6.3716709613800049E-002   2.9885002112474413E-004  -3.4879407559086903E-002   1.0000000000000000      -0.40477644409664582       -2.9621873801749210     
   319000.00000000000       -204.39293477978742      -0.11074820908447308       -1.9612795957933483E-005  -1.9228121097361315E-005   3.3042039918391438E-004   5759.7000000000580        5.0000000000000001E-003   7.1404051172708511        7.0866198691007671        1.9912313669919971E-002  -6.3716709613800049E-002   2.9885002112474413E-004  -3.4879407559086903E-002   1.0000000000000000       -2.6479126770170414        12.048495781126942     
   319000.00000000000       -51.439722775376055        31.502368542320990        5.5788669768998250E-003   5.4694460722469352E-003   1.0425196151527940E-004   5759.7000000000580        0.0000000000000000        7.1404051172708511        7.0866198691007671        1.9912313669919971E-002  -6.3716709613800049E-002   2.9885002112474413E-004  -3.4879407559086903E-002   1.0000000000000000      -0.66640216397846930      -0.43700272981404314     
   319000.00000000000       -33.753564806152490       -8.4254173759187001       -1.4920872601044014E-003  -1.4628222608675130E-003   3.5089594492729922E-004   5759.7000000000580        0.0000000000000000        7.1404051172708511        7.0866198691007671        1.9912313669919971E-002  -6.3716709613800049E-002   2.9885002112474413E-004  -3.4879407559086903E-002   1.0000000000000000      -0.43727779651983323       -3.1179857193015370     
   319000.00000000000        95.851295087103182       -4.0448596045775185       -7.1631863629105497E-004  -7.0226914675720572E-004   3.2383613699047829E-004   5759.7000000000580        0.0000000000000000        7.1404051172708511        7.0866198691007671        1.9912313669919971E-002  -6.3716709613800049E-002   2.9885002112474413E-004  -3.4879407559086903E-002   1.0000000000000000        1.2417545628134932       -5.5437895548586926     
   319000.00000000000        105.24512914977034        12.543305921748283        2.2213388524734020E-003   2.1777707036387582E-003   2.2136686330500877E-004   5759.7000000000580        0.0000000000000000        7.1404051172708511        7.0866198691007671        1.9912313669919971E-002  -6.3716709613800049E-002   2.9885002112474413E-004  -3.4879407559086903E-002   1.0000000000000000        1.3634517845258294       -5.2295285102099562     
   319000.00000000000       -73.416735143516888        32.099052317643782        5.6845358381261875E-003   5.5730424011048250E-003   1.0056609565023262E-004   5759.7000000000580        0.0000000000000000        7.1404051172708511        7.0866198691007671        1.9912313669919971E-002  -6.3716709613800049E-002   2.9885002112474413E-004  -3.4879407559086903E-002   1.0000000000000000      -0.95111459650583463        2.7800542653250684     
   319000.00000000000       -77.194472878997388        7.8908871226118737        1.3974253881146440E-003   1.3700170360629537E-003   2.5010602523774635E-004   5759.7000000000580        0.0000000000000000        7.1404051172708511        7.0866198691007671        1.9912313669919971E-002  -6.3716709613800049E-002   2.9885002112474413E-004  -3.4879407559086903E-002   1.0000000000000000       -1.0000552296593330        3.2471343958326169     
   319000.00000000000        1.9070554673196762        23.241700149621597        4.1159557027447098E-003   4.0352275551888746E-003   1.5528018938128804E-004   5759.7000000000580        0.0000000000000000        7.1404051172708511        7.0866198691007671        1.9912313669919971E-002  -6.3716709613800049E-002   2.9885002112474413E-004  -3.4879407559086903E-002   1.0000000000000000        2.4705924170671474E-002  -5.9034476112750633     
   319000.00000000000        98.100678325429826        12.493955215452395        2.2125991596064695E-003   2.1692024264201729E-003   2.2167171503933579E-004   5759.7000000000580        0.0000000000000000        7.1404051172708511        7.0866198691007671        1.9912313669919971E-002  -6.3716709613800049E-002   2.9885002112474413E-004  -3.4879407559086903E-002   1.0000000000000000        1.2708953469538646       -5.5531820746840985     
   319000.00000000000        95.211414462581345       0.95530440530807459        1.6917826964345080E-004   1.6586009780163288E-004   2.9294886536372308E-004   5759.7000000000580        0.0000000000000000        7.1404051172708511        7.0866198691007671        1.9912313669919971E-002  -6.3716709613800049E-002   2.9885002112474413E-004  -3.4879407559086903E-002   1.0000000000000000        1.2334649024136637       -5.6161994204754473     
   319000.00000000000        39.525092444324031        15.976946753254236        2.8294145728653165E-003   2.7739199529930509E-003   2.0015639964386406E-004   5759.7000000000580        0.0000000000000000        7.1404051172708511        7.0866198691007671        1.9912313669919971E-002  -6.3716709613800049E-002   2.9885002112474413E-004  -3.4879407559086903E-002   1.0000000000000000       0.51204799939075918       -7.1528884342117225     
   202000.00000000000       -243.35717710625286        78.254174066487792        1.3946229997514084E-002   1.3669806460973219E-002  -2.2683921023047691E-004   5724.6000000000367        0.0000000000000000        7.1029850746269050        7.0576652434144584        2.0076032476951462E-002  -6.5871061082009463E-002   2.5536864234246975E-004  -3.6734414978376609E-002   0.0000000000000000       -3.1526948570751299       0.30556318755252904     
   192000.00000000000       -249.57647975461651        76.983266382063306        1.3727176345997032E-002   1.3454849409616687E-002  -2.3922325265960677E-004   5721.6000000000349        0.0000000000000000        7.0997867803838322        7.0544669491713856        2.0094240405299883E-002  -6.6094162233278797E-002   2.5571502205472968E-004  -3.6931797801439466E-002   0.0000000000000000       -3.2332659900379723       -2.7963358388434267     
   319000.00000000000        109.46820709445197       -4.7547992552044516       -8.4204438504399584E-004  -8.2552897810726322E-004   3.2822161290370128E-004   5759.7000000000580        0.0000000000000000        7.1404051172708511        7.0866198691007671        1.9912313669919971E-002  -6.3716709613800049E-002   2.9885002112474413E-004  -3.4879407559086903E-002   1.0000000000000000        1.4181618048981157       -4.9283965521875910     
   189000.00000000000       -248.04742755777662        78.550053765357873        1.4008836320446773E-002   1.3730846533703463E-002  -2.4509813539484531E-004   5720.7000000000344        0.0000000000000000        7.0988272921109106        7.0535074608984640        2.0099707614194339E-002  -6.6161092578659542E-002   2.5581905811446551E-004  -3.6991006058958650E-002   0.0000000000000000       -3.2134571023178791       -1.9984642992134822     
   319000.00000000000       -81.527311141508008        19.526356654957084        3.4579922514449205E-003   3.3901690461233896E-003   1.7823080129712127E-004   5759.7000000000580        0.0000000000000000        7.1404051172708511        7.0866198691007671        1.9912313669919971E-002  -6.3716709613800049E-002   2.9885002112474413E-004  -3.4879407559086903E-002   1.0000000000000000       -1.0561871961342375        4.0646005649193429     
   319000.00000000000        100.57141952751431       -8.4020250691632921       -1.4879446329398461E-003  -1.4587608849702602E-003   3.5075144476064428E-004   5759.7000000000580        0.0000000000000000        7.1404051172708511        7.0866198691007671        1.9912313669919971E-002  -6.3716709613800049E-002   2.9885002112474413E-004  -3.4879407559086903E-002   1.0000000000000000        1.3029038259048442       -5.2848557300893919     
   319000.00000000000        89.836287504913741        10.535111623829684        1.8657005506483939E-003   1.8291077007187141E-003   2.3377198494431515E-004   5759.7000000000580        0.0000000000000000        7.1404051172708511        7.0866198691007671        1.9912313669919971E-002  -6.3716709613800049E-002   2.9885002112474413E-004  -3.4879407559086903E-002   1.0000000000000000        1.1638300746388262       -5.9148803223209292     
   319000.00000000000       -66.682033561464110        24.070825344771077        4.2627884453278891E-003   4.1791803991129460E-003   1.5015847436063327E-004   5759.7000000000580        0.0000000000000000        7.1404051172708511        7.0866198691007671        1.9912313669919971E-002  -6.3716709613800049E-002   2.9885002112474413E-004  -3.4879407559086903E-002   1.0000000000000000      -0.86386646479199913        1.7906584552464333     
   319000.00000000000        29.256358281367074        8.9449422064173678        1.5840917681671769E-003   1.5530222418558741E-003   2.4359486168017188E-004   5759.7000000000580        0.0000000000000000        7.1404051172708511        7.0866198691007671        1.9912313669919971E-002  -6.3716709613800049E-002   2.9885002112474413E-004  -3.4879407559086903E-002   1.0000000000000000       0.37901643743238272       -7.0448801902407077     
   319000.00000000000        195.67025258506828       0.29249857994578854        5.1799618376549744E-005   5.0783648444499815E-005   2.9704318377473640E-004   5759.7000000000580        0.0000000000000000        7.1404051172708511        7.0866198691007671        1.9912313669919971E-002  -6.3716709613800049E-002   2.9885002112474413E-004  -3.4879407559086903E-002   1.0000000000000000        2.5349102350007739       -7.6563760247510766     
   319000.00000000000       -40.184988602601528       -2.5213597172913729       -4.4651659905461694E-004  -4.3775886197047547E-004   3.1442509472288379E-004   5759.7000000000580        0.0000000000000000        7.1404051172708511        7.0866198691007671        1.9912313669919971E-002  -6.3716709613800049E-002   2.9885002112474413E-004  -3.4879407559086903E-002   1.0000000000000000      -0.52059696124651222       -2.2161988870942899     
   319000.00000000000       -129.96242852355243        11.854113201460455        2.0992872517257258E-003   2.0581129575256239E-003   2.2562418020753965E-004   5759.7000000000580        0.0000000000000000        7.1404051172708511        7.0866198691007671        1.9912313669919971E-002  -6.3716709613800049E-002   2.9885002112474413E-004  -3.4879407559086903E-002   1.0000000000000000       -1.6836646647996896        11.159621320303639     
   319000.00000000000        118.65267333721154       -4.9607316221620481       -8.7851368353344548E-004  -8.6128298733649294E-004   3.2949370896742728E-004   5759.7000000000580        0.0000000000000000        7.1404051172708511        7.0866198691007671        1.9912313669919971E-002  -6.3716709613800049E-002   2.9885002112474413E-004  -3.4879407559086903E-002   1.0000000000000000        1.5371466642428877       -4.5567887161345704     
   319000.00000000000       -88.619956063390347        9.1064746063626156        1.6126981178942862E-003   1.5810675219824859E-003   2.4259703538812098E-004   5759.7000000000580        0.0000000000000000        7.1404051172708511        7.0866198691007671        1.9912313669919971E-002  -6.3716709613800049E-002   2.9885002112474413E-004  -3.4879407559086903E-002   1.0000000000000000       -1.1480724876804795        5.0590997894013467     
   319000.00000000000       -105.06073918941100        22.783061040807610        4.0347336646290770E-003   3.9555985625653036E-003   1.5811331859556650E-004   5759.7000000000580        0.0000000000000000        7.1404051172708511        7.0866198691007671        1.9912313669919971E-002  -6.3716709613800049E-002   2.9885002112474413E-004  -3.4879407559086903E-002   1.0000000000000000       -1.3610630105984125        7.7492945723720918     
   182000.00000000000       -251.53263266213872        77.557185023495819        1.3837021453062174E-002   1.3562267866872202E-002  -2.5003415764952971E-004   5718.6000000000331        0.0000000000000000        7.0965884861407602        7.0512686549283137        2.0112473115366802E-002  -6.6317263384548020E-002   2.5606202848754006E-004  -3.7129146819007232E-002   0.0000000000000000       -3.2586079720766001       -3.8560582460883470     
   319000.00000000000       -62.937251236509717        15.776322169991818        2.7938852487507390E-003   2.7390874819854609E-003   2.0139570819173962E-004   5759.7000000000580        0.0000000000000000        7.1404051172708511        7.0866198691007671        1.9912313669919971E-002  -6.3716709613800049E-002   2.9885002112474413E-004  -3.4879407559086903E-002   1.0000000000000000      -0.81535276933770473        1.1939029362886691     
   319000.00000000000        159.76027787790443        5.9149982661897740        1.0475081723247020E-003   1.0269629088649954E-003   2.6231158803367242E-004   5759.7000000000580        0.0000000000000000        7.1404051172708511        7.0866198691007671        1.9912313669919971E-002  -6.3716709613800049E-002   2.9885002112474413E-004  -3.4879407559086903E-002   1.0000000000000000        2.0696961249293739       -4.1830625675558153     
   319000.00000000000       -65.990163449413600        26.518920733414003        4.6963304027096923E-003   4.6042190970734132E-003   1.3503597296113398E-004   5759.7000000000580        0.0000000000000000        7.1404051172708511        7.0866198691007671        1.9912313669919971E-002  -6.3716709613800049E-002   2.9885002112474413E-004  -3.4879407559086903E-002   1.0000000000000000      -0.85490328001987603        1.6838415075136566     
   319000.00000000000        13.955972636951802        15.697975251600790        2.7800105131045483E-003   2.7254848779625033E-003   2.0187967682650410E-004   5759.7000000000580        0.0000000000000000        7.1404051172708511        7.0866198691007671        1.9912313669919971E-002  -6.3716709613800049E-002   2.9885002112474413E-004  -3.4879407559086903E-002   1.0000000000000000       0.18079977620215693       -6.5576301494224847     
   319000.00000000000        8.4628869418289749       -1.5002190663927297       -2.6567915350142896E-004  -2.6046826508198596E-004   3.0811725190191410E-004   5759.7000000000580        0.0000000000000000        7.1404051172708511        7.0866198691007671        1.9912313669919971E-002  -6.3716709613800049E-002   2.9885002112474413E-004  -3.4879407559086903E-002   1.0000000000000000       0.10963679170992051       -6.4059691724993755     
   319000.00000000000        60.143370724871247       -2.8751080135810239       -5.0916314849275344E-004  -4.9917669558848464E-004   3.1661028698725719E-004   5759.7000000000580        0.0000000000000000        7.1404051172708511        7.0866198691007671        1.9912313669919971E-002  -6.3716709613800049E-002   2.9885002112474413E-004  -3.4879407559086903E-002   1.0000000000000000       0.77915801714233701       -6.9030452385484216     
   319000.00000000000        63.451638213776889        12.892099920857540        2.2831080277262825E-003   2.2383283714182004E-003   2.1921227498131169E-004   5759.7000000000580        0.0000000000000000        7.1404051172708511        7.0866198691007671        1.9912313669919971E-002  -6.3716709613800049E-002   2.9885002112474413E-004  -3.4879407559086903E-002   1.0000000000000000       0.82201665818232506       -6.8766595710959804     
   319000.00000000000        71.014697194700275        3.8118379911864726        6.7505200638337743E-004   6.6181189839513064E-004   2.7530333841629923E-004   5759.7000000000580        0.0000000000000000        7.1404051172708511        7.0866198691007671        1.9912313669919971E-002  -6.3716709613800049E-002   2.9885002112474413E-004  -3.4879407559086903E-002   1.0000000000000000       0.91999616894276759       -6.6214870135711781     
   319000.00000000000        130.41055542293068       -7.6721332425067503       -1.3586854820613050E-003  -1.3320369537487497E-003   3.4624271923413798E-004   5759.7000000000580        0.0000000000000000        7.1404051172708511        7.0866198691007671        1.9912313669919971E-002  -6.3716709613800049E-002   2.9885002112474413E-004  -3.4879407559086903E-002   1.0000000000000000        1.6894701536198116       -4.1734363351233208     
   319000.00000000000       -43.111600189562708        24.878886299542000        4.4058908463374324E-003   4.3194760663822331E-003   1.4516687845465105E-004   5759.7000000000580        0.0000000000000000        7.1404051172708511        7.0866198691007671        1.9912313669919971E-002  -6.3716709613800049E-002   2.9885002112474413E-004  -3.4879407559086903E-002   1.0000000000000000      -0.55851124595585744       -1.5183959202419040     
   208000.00000000000       -243.87342969277603        78.669689733314002        1.4015721860982700E-002   1.3738070992825070E-002  -2.2954246660637485E-004   5726.4000000000378        0.0000000000000000        7.1049040511727481        7.0595842199603016        2.0065119596488653E-002  -6.5737200391247919E-002   2.5516111475249598E-004  -3.6615969082305258E-002   0.0000000000000000       -3.1593829149078054        6.2719797665895430E-002
   319000.00000000000       -34.240131774469809        3.4585018525695070        6.1247844741979312E-004   6.0046562365565436E-004   2.7748598467898869E-004   5759.7000000000580        0.0000000000000000        7.1404051172708511        7.0866198691007671        1.9912313669919971E-002  -6.3716709613800049E-002   2.9885002112474413E-004  -3.4879407559086903E-002   1.0000000000000000      -0.44358127684811993       -2.7955608985249025     
   319000.00000000000        40.655175397031364        11.443672360886325        2.0266008171049813E-003   1.9868521556480737E-003   2.2815957658743098E-004   5759.7000000000580        0.0000000000000000        7.1404051172708511        7.0866198691007671        1.9912313669919971E-002  -6.3716709613800049E-002   2.9885002112474413E-004  -3.4879407559086903E-002   1.0000000000000000       0.52668823624522076       -7.1575740240246990     
   319000.00000000000       -6.5192009171881233        13.250636326381054        2.3466025205325729E-003   2.3005775172979357E-003   2.1699750536103706E-004   5759.7000000000580        0.0000000000000000        7.1404051172708511        7.0866198691007671        1.9912313669919971E-002  -6.3716709613800049E-002   2.9885002112474413E-004  -3.4879407559086903E-002   1.0000000000000000       -8.4456318273632591E-002  -5.3488062514160850     
   319000.00000000000       -49.973726229355030        15.983822558378899        2.8306322337563715E-003   2.7751137313364823E-003   2.0011392606497381E-004   5759.7000000000580        0.0000000000000000        7.1404051172708511        7.0866198691007671        1.9912313669919971E-002  -6.3716709613800049E-002   2.9885002112474413E-004  -3.4879407559086903E-002   1.0000000000000000      -0.64741016289558184      -0.64423716699951861     
   319000.00000000000        134.74019223970191       -7.5090280558658149       -1.3298006019199988E-003  -1.3037186061540947E-003   3.4523517744279852E-004   5759.7000000000580        0.0000000000000000        7.1404051172708511        7.0866198691007671        1.9912313669919971E-002  -6.3716709613800049E-002   2.9885002112474413E-004  -3.4879407559086903E-002   1.0000000000000000        1.7455606453305945       -4.0847345574149534     
   319000.00000000000       -53.746779768436902        2.8368228879338391        5.0238309883100807E-004   4.9252962618431698E-004   2.8132625211969235E-004   5759.7000000000580        0.0000000000000000        7.1404051172708511        7.0866198691007671        1.9912313669919971E-002  -6.3716709613800049E-002   2.9885002112474413E-004  -3.4879407559086903E-002   1.0000000000000000      -0.69629011223415793      -0.32541290297683723     
   319000.00000000000        33.187614782357613        2.7967774188664922        4.9529130366474463E-004   4.8557692568475166E-004   2.8157362306153717E-004   5759.7000000000580        0.0000000000000000        7.1404051172708511        7.0866198691007671        1.9912313669919971E-002  -6.3716709613800049E-002   2.9885002112474413E-004  -3.4879407559086903E-002   1.0000000000000000       0.42994590785069148       -7.1152960449493872     
   319000.00000000000       -82.857028725293574        5.2500597704874750        9.2975183884903216E-004   9.1151618495536604E-004   2.6641908048616753E-004   5759.7000000000580        0.0000000000000000        7.1404051172708511        7.0866198691007671        1.9912313669919971E-002  -6.3716709613800049E-002   2.9885002112474413E-004  -3.4879407559086903E-002   1.0000000000000000       -1.0734137017898842        4.0765769900254263     
   319000.00000000000       -93.376155534127449        21.744624335969345        3.8508331990993179E-003   3.7753050221312093E-003   1.6452800349512562E-004   5759.7000000000580        0.0000000000000000        7.1404051172708511        7.0866198691007671        1.9912313669919971E-002  -6.3716709613800049E-002   2.9885002112474413E-004  -3.4879407559086903E-002   1.0000000000000000       -1.2096891031792258        5.9365923826310532     
   198000.00000000000       -243.15165371961032        77.321425183952741        1.3782987836233910E-002   1.3509701433405363E-002  -2.2116896997947504E-004   5723.4000000000360        0.0000000000000000        7.1017057569296762        7.0563859257172297        2.0083312677359876E-002  -6.5960301542517197E-002   2.5550711911150742E-004  -3.6813372160504690E-002   0.0000000000000000       -3.1500322993820249       0.40165760689161123     
   319000.00000000000        12.986122053546456        8.6266779328220675        1.5277292110628591E-003   1.4977651497164750E-003   2.4556086020505923E-004   5759.7000000000580        0.0000000000000000        7.1404051172708511        7.0866198691007671        1.9912313669919971E-002  -6.3716709613800049E-002   2.9885002112474413E-004  -3.4879407559086903E-002   1.0000000000000000       0.16823535142212118       -6.5429686961402300     
   319000.00000000000      -0.12028779792126743        9.6202843745421074        1.7036905251557983E-003   1.6702752529718580E-003   2.3942310312452644E-004   5759.7000000000580        0.0000000000000000        7.1404051172708511        7.0866198691007671        1.9912313669919971E-002  -6.3716709613800049E-002   2.9885002112474413E-004  -3.4879407559086903E-002   1.0000000000000000       -1.5583297208846868E-003  -5.8239415235458472     
   319000.00000000000        23.014549285050229        23.581158163613431        4.1760715350434427E-003   4.0941643077960993E-003   1.5318327178752205E-004   5759.7000000000580        0.0000000000000000        7.1404051172708511        7.0866198691007671        1.9912313669919971E-002  -6.3716709613800049E-002   2.9885002112474413E-004  -3.4879407559086903E-002   1.0000000000000000       0.29815373448879329       -6.8759919201722113     
   319000.00000000000       -31.344568099723752       -10.362181717905322       -1.8350757758736418E-003  -1.7990835838507593E-003   3.6285982574994514E-004   5759.7000000000580        0.0000000000000000        7.1404051172708511        7.0866198691007671        1.9912313669919971E-002  -6.3716709613800049E-002   2.9885002112474413E-004  -3.4879407559086903E-002   1.0000000000000000      -0.40606921817676339       -3.4344525435179327     
   319000.00000000000       -59.971483475331972        19.254483941605937        3.4098453414626684E-003   3.3429664638098761E-003   1.7991022747765811E-004   5759.7000000000580        0.0000000000000000        7.1404051172708511        7.0866198691007671        1.9912313669919971E-002  -6.3716709613800049E-002   2.9885002112474413E-004  -3.4879407559086903E-002   1.0000000000000000      -0.77693121596859283       0.78505882568990748     
   319000.00000000000        25.865323967232271        1.0839669893500155        1.9196358625575205E-004   1.8819851543483247E-004   2.9215408419781602E-004   5759.7000000000580        0.0000000000000000        7.1404051172708511        7.0866198691007671        1.9912313669919971E-002  -6.3716709613800049E-002   2.9885002112474413E-004  -3.4879407559086903E-002   1.0000000000000000       0.33508555127787115       -6.9993561770706334     
   319000.00000000000       -112.12115918978786        24.014342790212783        4.2527857479760104E-003   4.1693738893019677E-003   1.5050738131675828E-004   5759.7000000000580        0.0000000000000000        7.1404051172708511        7.0866198691007671        1.9912313669919971E-002  -6.3716709613800049E-002   2.9885002112474413E-004  -3.4879407559086903E-002   1.0000000000000000       -1.4525308279386007        8.8058684635290589     
   319000.00000000000       -49.396717666554132        16.836199278312101        2.9815826719218432E-003   2.9231035085702261E-003   1.9484858052333789E-004   5759.7000000000580        0.0000000000000000        7.1404051172708511        7.0866198691007671        1.9912313669919971E-002  -6.3716709613800049E-002   2.9885002112474413E-004  -3.4879407559086903E-002   1.0000000000000000      -0.63993501073421177      -0.71573737537341819     
   319000.00000000000       -88.618832446735908       -8.0467774202276772       -1.4250325577856967E-003  -1.3970827335152171E-003   3.4855699061759075E-004   5759.7000000000580        0.0000000000000000        7.1404051172708511        7.0866198691007671        1.9912313669919971E-002  -6.3716709613800049E-002   2.9885002112474413E-004  -3.4879407559086903E-002   1.0000000000000000       -1.1480579312145887        4.5838628841114044     
   203000.00000000000       -249.43594228100054        79.926961545866050        1.4243576910713054E-002   1.3961285183298491E-002  -2.5341647116316536E-004   5724.9000000000369        0.0000000000000000        7.1033049040512122        7.0579850728387656        2.0074213045381976E-002  -6.5848750966882530E-002   2.5533403878639366E-004  -3.6714674839027246E-002   0.0000000000000000       -3.2314453255498155       -2.7192666934620373     
   319000.00000000000       -42.976011736426038        14.039859548143086        2.4863688801120324E-003   2.4376025744644592E-003   2.1212227487329462E-004   5759.7000000000580        0.0000000000000000        7.1404051172708511        7.0866198691007671        1.9912313669919971E-002  -6.3716709613800049E-002   2.9885002112474413E-004  -3.4879407559086903E-002   1.0000000000000000      -0.55675469608144745       -1.5846419226692301     
   319000.00000000000        175.20782241367891        8.6281086690499560        1.5279825852522854E-003   1.4980135543604474E-003   2.4555202218726430E-004   5759.7000000000580        0.0000000000000000        7.1404051172708511        7.0866198691007671        1.9912313669919971E-002  -6.3716709613800049E-002   2.9885002112474413E-004  -3.4879407559086903E-002   1.0000000000000000        2.2698192311861152       -4.9908185104970659     
   319000.00000000000        38.918876102296899        23.704969592517667        4.1979977432632688E-003   4.1156604671280499E-003   1.5241845742793280E-004   5759.7000000000580        0.0000000000000000        7.1404051172708511        7.0866198691007671        1.9912313669919971E-002  -6.3716709613800049E-002   2.9885002112474413E-004  -3.4879407559086903E-002   1.0000000000000000       0.50419446013414060       -7.1487736224864387     
   319000.00000000000        106.12081472029537       -1.2256376542706915       -2.1705255037791351E-004  -2.1279539807119799E-004   3.0642109340729191E-004   5759.7000000000580        0.0000000000000000        7.1404051172708511        7.0866198691007671        1.9912313669919971E-002  -6.3716709613800049E-002   2.9885002112474413E-004  -3.4879407559086903E-002   1.0000000000000000        1.3747963005472483       -5.1056201618653319     
   180000.00000000000       -249.24146255380006        79.421108144445114        1.4171103635106187E-002   1.3889665642610119E-002  -2.5560801780806931E-004   5718.0000000000327        0.0000000000000000        7.0959488272921458        7.0506289960796993        2.0116122635143927E-002  -6.6361883614801886E-002   2.5613150510529065E-004  -3.7168612560691275E-002   0.0000000000000000       -3.2289258385840265       -2.6222081671268378     
   319000.00000000000       -22.479338851515987        17.826830203157307        3.1570170411023731E-003   3.0950970021280844E-003   1.8872920395947643E-004   5759.7000000000580        0.0000000000000000        7.1404051172708511        7.0866198691007671        1.9912313669919971E-002  -6.3716709613800049E-002   2.9885002112474413E-004  -3.4879407559086903E-002   1.0000000000000000      -0.29122007754339063       -3.9107223455350866     
   319000.00000000000        98.154723476509091        13.124090612859360        2.3241920880825188E-003   2.2786066310500944E-003   2.1777921008492578E-004   5759.7000000000580        0.0000000000000000        7.1404051172708511        7.0866198691007671        1.9912313669919971E-002  -6.3716709613800049E-002   2.9885002112474413E-004  -3.4879407559086903E-002   1.0000000000000000        1.2715955024696519       -5.5531503527597623     
   319000.00000000000       -24.918713712665689        28.629582038471622        5.0701149528582720E-003   4.9706724375351728E-003   1.2199788682785775E-004   5759.7000000000580        0.0000000000000000        7.1404051172708511        7.0866198691007671        1.9912313669919971E-002  -6.3716709613800049E-002   2.9885002112474413E-004  -3.4879407559086903E-002   1.0000000000000000      -0.32282220520888044       -3.6524909344896304     
   319000.00000000000       -57.029778809602639        23.788901541799799        4.2128615519806314E-003   4.1302327450734519E-003   1.5189998865160572E-004   5759.7000000000580        0.0000000000000000        7.1404051172708511        7.0866198691007671        1.9912313669919971E-002  -6.3716709613800049E-002   2.9885002112474413E-004  -3.4879407559086903E-002   1.0000000000000000      -0.73882140026083787       0.37422107015232603     
   319000.00000000000        36.099352125384968        14.028191375448051        2.4843025217288002E-003   2.4355767445262619E-003   2.1219435211290255E-004   5759.7000000000580        0.0000000000000000        7.1404051172708511        7.0866198691007671        1.9912313669919971E-002  -6.3716709613800049E-002   2.9885002112474413E-004  -3.4879407559086903E-002   1.0000000000000000       0.46766749656926837       -7.1313406470448548     
   319000.00000000000       -89.054443627822550        8.2815229269044632        1.4666044781133816E-003   1.4378392844947444E-003   2.4769296955187947E-004   5759.7000000000580        0.0000000000000000        7.1404051172708511        7.0866198691007671        1.9912313669919971E-002  -6.3716709613800049E-002   2.9885002112474413E-004  -3.4879407559086903E-002   1.0000000000000000       -1.1537012787691039        5.1125265905180317     
   319000.00000000000       -78.613672185812490        11.331854751185961        2.0067986371719009E-003   1.9674383650512780E-003   2.2885030210696223E-004   5759.7000000000580        0.0000000000000000        7.1404051172708511        7.0866198691007671        1.9912313669919971E-002  -6.3716709613800049E-002   2.9885002112474413E-004  -3.4879407559086903E-002   1.0000000000000000       -1.0184409720030116        3.5258061337553799     
   319000.00000000000        104.59880788009735        8.8783652063997991        1.5723014094098633E-003   1.5414631328714533E-003   2.4400612456666350E-004   5759.7000000000580        0.0000000000000000        7.1404051172708511        7.0866198691007671        1.9912313669919971E-002  -6.3716709613800049E-002   2.9885002112474413E-004  -3.4879407559086903E-002   1.0000000000000000        1.3550786854985233       -5.2420765893819663     
   319000.00000000000        35.167271959650307        19.308643225846147        3.4194366025748074E-003   3.3523696070708463E-003   1.7957567194705335E-004   5759.7000000000580        0.0000000000000000        7.1404051172708511        7.0866198691007671        1.9912313669919971E-002  -6.3716709613800049E-002   2.9885002112474413E-004  -3.4879407559086903E-002   1.0000000000000000       0.45559238795798468       -7.1193094702943736     
   319000.00000000000       -130.36837555208223        5.7334558982819015        1.0153581858921325E-003   9.9544349502263024E-004   2.6343302093432300E-004   5759.7000000000580        0.0000000000000000        7.1404051172708511        7.0866198691007671        1.9912313669919971E-002  -6.3716709613800049E-002   2.9885002112474413E-004  -3.4879407559086903E-002   1.0000000000000000       -1.6889237129375303        11.123063378311558     
   319000.00000000000       -115.62242835136347        3.4705387431850534        6.1461010337669081E-004   6.0255547045592970E-004   2.7741162977597972E-004   5759.7000000000580        0.0000000000000000        7.1404051172708511        7.0866198691007671        1.9912313669919971E-002  -6.3716709613800049E-002   2.9885002112474413E-004  -3.4879407559086903E-002   1.0000000000000000       -1.4978898077319749        9.0832461620391207     
   319000.00000000000        202.07312286075901        13.532777708257196        2.3965679457053214E-003   2.3495629474203621E-003   2.1525464703040482E-004   5759.7000000000580        0.0000000000000000        7.1404051172708511        7.0866198691007671        1.9912313669919971E-002  -6.3716709613800049E-002   2.9885002112474413E-004  -3.4879407559086903E-002   1.0000000000000000        2.6178594885577207       -8.5239285777870535     
   319000.00000000000       -3.6398938479628811        20.681808940648477        3.6626154241872263E-003   3.5907788497054130E-003   1.7109328170189468E-004   5759.7000000000580        0.0000000000000000        7.1404051172708511        7.0866198691007671        1.9912313669919971E-002  -6.3716709613800049E-002   2.9885002112474413E-004  -3.4879407559086903E-002   1.0000000000000000       -4.7154864102329885E-002  -5.5319976344752737     
   319000.00000000000        167.75491400572216        3.8516182334782116        6.8209683159251413E-004   6.6871855018111584E-004   2.7505760584700477E-004   5759.7000000000580        0.0000000000000000        7.1404051172708511        7.0866198691007671        1.9912313669919971E-002  -6.3716709613800049E-002   2.9885002112474413E-004  -3.4879407559086903E-002   1.0000000000000000        2.1732667222878126       -4.5363148906574002     
   319000.00000000000        132.44937525533120        13.779114122591334        2.4401925412747120E-003   2.3923319135703588E-003   2.1373296499636421E-004   5759.7000000000580        0.0000000000000000        7.1404051172708511        7.0866198691007671        1.9912313669919971E-002  -6.3716709613800049E-002   2.9885002112474413E-004  -3.4879407559086903E-002   1.0000000000000000        1.7158830865628392       -4.2062832657696649     
   319000.00000000000        10.044519276302843        13.142816973150691        2.3275084061202076E-003   2.2818579046045033E-003   2.1766353264399482E-004   5759.7000000000580        0.0000000000000000        7.1404051172708511        7.0866198691007671        1.9912313669919971E-002  -6.3716709613800049E-002   2.9885002112474413E-004  -3.4879407559086903E-002   1.0000000000000000       0.13012685568079888       -6.3854866930681426     
   319000.00000000000        173.95866681797796        1.0133529280581981        1.7945828989632232E-004   1.7593849125096582E-004   2.9259028502792408E-004   5759.7000000000580        0.0000000000000000        7.1404051172708511        7.0866198691007671        1.9912313669919971E-002  -6.3716709613800049E-002   2.9885002112474413E-004  -3.4879407559086903E-002   1.0000000000000000        2.2536364069559776       -4.9789157070404997     
   319000.00000000000        199.22714832164016        9.4036805081439692        1.6653313727100385E-003   1.6326684563681918E-003   2.4076111972630543E-004   5759.7000000000580        0.0000000000000000        7.1404051172708511        7.0866198691007671        1.9912313669919971E-002  -6.3716709613800049E-002   2.9885002112474413E-004  -3.4879407559086903E-002   1.0000000000000000        2.5809898576738561       -8.0564664162955424     
   319000.00000000000        32.910841846089689        8.0225471862732807        1.4207415391002561E-003   1.3928758765687796E-003   2.4929272788576633E-004   5759.7000000000580        0.0000000000000000        7.1404051172708511        7.0866198691007671        1.9912313669919971E-002  -6.3716709613800049E-002   2.9885002112474413E-004  -3.4879407559086903E-002   1.0000000000000000       0.42636031147286824       -7.1032428711896634     
   319000.00000000000       -89.281388164565129        33.176615176526525        5.8753652940408624E-003   5.7601290304227981E-003   9.3909718649115868E-005   5759.7000000000580        0.0000000000000000        7.1404051172708511        7.0866198691007671        1.9912313669919971E-002  -6.3716709613800049E-002   2.9885002112474413E-004  -3.4879407559086903E-002   1.0000000000000000       -1.1566413476930513        5.2491268035427474     
   319000.00000000000        180.77975438163332       -5.8747791651036092       -1.0403856280439834E-003  -1.0199800623476136E-003   3.3514001070528772E-004   5759.7000000000580        0.0000000000000000        7.1404051172708511        7.0866198691007671        1.9912313669919971E-002  -6.3716709613800049E-002   2.9885002112474413E-004  -3.4879407559086903E-002   1.0000000000000000        2.3420036699942322       -5.7445364558901710     
   319000.00000000000        4.7119799009240220       -1.3926249853835007       -2.4662493335141458E-004  -2.4178776418624001E-004   3.0745261618216714E-004   5759.7000000000580        0.0000000000000000        7.1404051172708511        7.0866198691007671        1.9912313669919971E-002  -6.3716709613800049E-002   2.9885002112474413E-004  -3.4879407559086903E-002   1.0000000000000000        6.1043750494354516E-002  -6.2114914211059258     
   199000.00000000000       -252.03541639865830        79.118832419236497        1.4102621088668440E-002   1.3823022244218948E-002  -2.5611236300361378E-004   5723.7000000000362        0.0000000000000000        7.1020255863539834        7.0567057551415369        2.0081492256048494E-002  -6.5937991427390263E-002   2.5547249053471666E-004  -3.6793633371380301E-002   0.0000000000000000       -3.2651215408120486       -4.1278570577968026     
   319000.00000000000       -52.856548218732620        25.832332102389561        4.5747399694319119E-003   4.4850134733387679E-003   1.3927720374883753E-004   5759.7000000000580        0.0000000000000000        7.1404051172708511        7.0866198691007671        1.9912313669919971E-002  -6.3716709613800049E-002   2.9885002112474413E-004  -3.4879407559086903E-002   1.0000000000000000      -0.68475715289541073      -0.21519213483244565     
   319000.00000000000       -155.47781397243349       -10.219987265219633       -1.8098940523051162E-003  -1.7743957611020590E-003   3.6198145482546396E-004   5759.7000000000580        0.0000000000000000        7.1404051172708511        7.0866198691007671        1.9912313669919971E-002  -6.3716709613800049E-002   2.9885002112474413E-004  -3.4879407559086903E-002   1.0000000000000000       -2.0142167587938391        13.345874843036594     
   319000.00000000000       -36.692093715696714       -8.0344723843430135       -1.4228534150252312E-003  -1.3949463312920695E-003   3.4848097931376249E-004   5759.7000000000580        0.0000000000000000        7.1404051172708511        7.0866198691007671        1.9912313669919971E-002  -6.3716709613800049E-002   2.9885002112474413E-004  -3.4879407559086903E-002   1.0000000000000000      -0.47534647027191973       -2.7738348920443272     
   209000.00000000000       -245.70067902712202        80.217995653080820        1.4290791982988382E-002   1.4007717473078787E-002  -2.4408890087292503E-004   5726.7000000000380        0.0000000000000000        7.1052238805970553        7.0599040493846088        2.0063301648187180E-002  -6.5714890276120985E-002   2.5512654868513687E-004  -3.6596226919375606E-002   0.0000000000000000       -3.1830549497640916      -0.81692643350894767     
   319000.00000000000       -66.057998391061375        29.881654576259582        5.2918489511880927E-003   5.1880574641490493E-003   1.1426351961618255E-004   5759.7000000000580        0.0000000000000000        7.1404051172708511        7.0866198691007671        1.9912313669919971E-002  -6.3716709613800049E-002   2.9885002112474413E-004  -3.4879407559086903E-002   1.0000000000000000      -0.85578208242137477        1.6789747292234951     
   205000.00000000000       -249.94880778853567        78.381450006222110        1.3966640662587645E-002   1.3689887347169959E-002  -2.4521796819808480E-004   5725.5000000000373        0.0000000000000000        7.1039445628998266        7.0586247316873800        2.0070574924168270E-002  -6.5804130736628719E-002   2.5526485042777491E-004  -3.6675193548157854E-002   0.0000000000000000       -3.2380895037376289       -2.9908455042373294     
   319000.00000000000        37.677777675466359        2.2557207337667395        3.9947364255526959E-004   3.9163858078835993E-004   2.8491586638897755E-004   5759.7000000000580        0.0000000000000000        7.1404051172708511        7.0866198691007671        1.9912313669919971E-002  -6.3716709613800049E-002   2.9885002112474413E-004  -3.4879407559086903E-002   1.0000000000000000       0.48811601661371673       -7.1515240936986757     
   319000.00000000000       -9.3863335197615232        6.0911746310552903        1.0787078741102385E-003   1.0575506764337081E-003   2.6122330228443353E-004   5759.7000000000580        0.0000000000000000        7.1404051172708511        7.0866198691007671        1.9912313669919971E-002  -6.3716709613800049E-002   2.9885002112474413E-004  -3.4879407559086903E-002   1.0000000000000000      -0.12160005209800615       -5.1865354664238437     
   192000.00000000000       -245.19321926094486        77.502121442471903        1.3819695347164034E-002   1.3545532970230605E-002  -2.2997692554812410E-004   5721.6000000000349        0.0000000000000000        7.0997867803838322        7.0544669491713856        2.0094240405299883E-002  -6.6094162233278797E-002   2.5571502205472968E-004  -3.6931797801439466E-002   0.0000000000000000       -3.1764808030139395      -0.57023967067913528     
   319000.00000000000       -142.75042670198911       -10.458272923897661       -1.8520929107967178E-003  -1.8157669538166148E-003   3.6345340531544740E-004   5759.7000000000580        0.0000000000000000        7.1404051172708511        7.0866198691007671        1.9912313669919971E-002  -6.3716709613800049E-002   2.9885002112474413E-004  -3.4879407559086903E-002   1.0000000000000000       -1.8493333192805093        12.184448642862685     
   319000.00000000000       -171.84912144572075        11.950608048453168        2.1163758688754310E-003   2.0748664077040553E-003   2.2502810724998193E-004   5759.7000000000580        0.0000000000000000        7.1404051172708511        7.0866198691007671        1.9912313669919971E-002  -6.3716709613800049E-002   2.9885002112474413E-004  -3.4879407559086903E-002   1.0000000000000000       -2.2263072238804433        14.167941086207533     
   319000.00000000000        131.02488945175895      -0.72260557091854560       -1.2796880182217257E-004  -1.2545889037945349E-004   3.0331373761561148E-004   5759.7000000000580        0.0000000000000000        7.1404051172708511        7.0866198691007671        1.9912313669919971E-002  -6.3716709613800049E-002   2.9885002112474413E-004  -3.4879407559086903E-002   1.0000000000000000        1.6974288575965901       -4.1941732773467173     
   319000.00000000000       -165.51828833049743        9.8506382371581491        1.7444847135490776E-003   1.7102693260340036E-003   2.3800014933524527E-004   5759.7000000000580        0.0000000000000000        7.1404051172708511        7.0866198691007671        1.9912313669919971E-002  -6.3716709613800049E-002   2.9885002112474413E-004  -3.4879407559086903E-002   1.0000000000000000       -2.1442912125151774        14.061343114429761     
   319000.00000000000        96.196836238637886        3.4505150489783820        6.1106403584163969E-004   5.9907895358757355E-004   2.7753532117504379E-004   5759.7000000000580        0.0000000000000000        7.1404051172708511        7.0866198691007671        1.9912313669919971E-002  -6.3716709613800049E-002   2.9885002112474413E-004  -3.4879407559086903E-002   1.0000000000000000        1.2462310521626265       -5.5900503569462199     
   319000.00000000000        180.21280261848455       -5.5054340143006364       -9.7497697592550437E-004  -9.5585430044977705E-004   3.3285847274486843E-004   5759.7000000000580        0.0000000000000000        7.1404051172708511        7.0866198691007671        1.9912313669919971E-002  -6.3716709613800049E-002   2.9885002112474413E-004  -3.4879407559086903E-002   1.0000000000000000        2.3346588037809446       -5.6741707186107000     
   195000.00000000000       -250.00247721259379        77.121654260756216        1.3749614798792699E-002   1.3476916428266620E-002  -2.4046713632757007E-004   5722.5000000000355        0.0000000000000000        7.1007462686567546        7.0554264374443081        2.0088775426759391E-002  -6.6027231887897941E-002   2.5561104239981564E-004  -3.6872586501426496E-002   0.0000000000000000       -3.2387847917058008       -3.0221923171918696     
   319000.00000000000       -27.035384209227256        21.514058420599323        3.8100014575263488E-003   3.7352741324372983E-003   1.6595226718764164E-004   5759.7000000000580        0.0000000000000000        7.1404051172708511        7.0866198691007671        1.9912313669919971E-002  -6.3716709613800049E-002   2.9885002112474413E-004  -3.4879407559086903E-002   1.0000000000000000      -0.35024369434671143       -3.4232207090602902     
   319000.00000000000       -44.971935378421243        25.687114699858871        4.5490229008768512E-003   4.4598008055729658E-003   1.4017424819538557E-004   5759.7000000000580        0.0000000000000000        7.1404051172708511        7.0866198691007671        1.9912313669919971E-002  -6.3716709613800049E-002   2.9885002112474413E-004  -3.4879407559086903E-002   1.0000000000000000      -0.58261190841459976       -1.2783012560072100     
   183000.00000000000       -244.71989983841590        77.365325417208183        1.3802042408442522E-002   1.3528008081485554E-002  -2.2989438000338045E-004   5718.9000000000333        0.0000000000000000        7.0969083155650674        7.0515884843526209        2.0110648727901297E-002  -6.6294953269421086E-002   2.5602729960145024E-004  -3.7109413440171872E-002   0.0000000000000000       -3.1703489447843816      -0.34153275116054221     
   319000.00000000000        149.04019861577854        9.6660855909191952        1.7118016261736379E-003   1.6782272672047325E-003   2.3914017748283189E-004   5759.7000000000580        0.0000000000000000        7.1404051172708511        7.0866198691007671        1.9912313669919971E-002  -6.3716709613800049E-002   2.9885002112474413E-004  -3.4879407559086903E-002   1.0000000000000000        1.9308173823378383       -3.9990709067013248     
   319000.00000000000        199.40117496062979       -9.3915506928071988       -1.6631832603823166E-003  -1.6305624759635230E-003   3.5686399360078180E-004   5759.7000000000580        0.0000000000000000        7.1404051172708511        7.0866198691007671        1.9912313669919971E-002  -6.3716709613800049E-002   2.9885002112474413E-004  -3.4879407559086903E-002   1.0000000000000000        2.5832443746610299       -8.7438324687917248     
   200000.00000000000       -245.92705856066806        76.719533674130616        1.3674213885518470E-002   1.3403133066759281E-002  -2.2538810114227265E-004   5724.0000000000364        0.0000000000000000        7.1023454157782906        7.0570255845658441        2.0079672082239871E-002  -6.5915681312263330E-002   2.5543786821521919E-004  -3.6773894244611742E-002   0.0000000000000000       -3.1859876990655271      -0.92893155486220125     
   319000.00000000000        39.783060168167815        22.791324710818920        4.0361971074705941E-003   3.9570333022238471E-003   1.5806227182594686E-004   5759.7000000000580        0.0000000000000000        7.1404051172708511        7.0866198691007671        1.9912313669919971E-002  -6.3716709613800049E-002   2.9885002112474413E-004  -3.4879407559086903E-002   1.0000000000000000       0.51538997403857734       -7.1529486677374825     
   319000.00000000000       -66.792422444943298        11.572969699981167        2.0494985447570523E-003   2.0093007795512008E-003   2.2736087437979469E-004   5759.7000000000580        0.0000000000000000        7.1404051172708511        7.0866198691007671        1.9912313669919971E-002  -6.3716709613800049E-002   2.9885002112474413E-004  -3.4879407559086903E-002   1.0000000000000000      -0.86529655396940264        1.7183685887111546     
   319000.00000000000       -10.061108066981330        13.592916382589245        2.4072181183682081E-003   2.3600042333088715E-003   2.1488315530219463E-004   5759.7000000000580        0.0000000000000000        7.1404051172708511        7.0866198691007671        1.9912313669919971E-002  -6.3716709613800049E-002   2.9885002112474413E-004  -3.4879407559086903E-002   1.0000000000000000      -0.13034176364315711       -5.0680399760470483     
   319000.00000000000       -133.38872467142861        11.108866100647171        1.9673087804951547E-003   1.9287230412429570E-003   2.3022775912742358E-004   5759.7000000000580        0.0000000000000000        7.1404051172708511        7.0866198691007671        1.9912313669919971E-002  -6.3716709613800049E-002   2.9885002112474413E-004  -3.4879407559086903E-002   1.0000000000000000       -1.7280523683910622        11.564519925489265     
   319000.00000000000        25.609128412896595        18.876945455161739        3.3429857022675164E-003   3.2774181737176499E-003   1.8224237773458991E-004   5759.7000000000580        0.0000000000000000        7.1404051172708511        7.0866198691007671        1.9912313669919971E-002  -6.3716709613800049E-002   2.9885002112474413E-004  -3.4879407559086903E-002   1.0000000000000000       0.33176653510516574       -6.9492945200663243     
   319000.00000000000        121.43966099078614       -8.6685316834123967       -1.5351412412635123E-003  -1.5050318043322239E-003   3.5239772319638446E-004   5759.7000000000580        0.0000000000000000        7.1404051172708511        7.0866198691007671        1.9912313669919971E-002  -6.3716709613800049E-002   2.9885002112474413E-004  -3.4879407559086903E-002   1.0000000000000000        1.5732521193876119       -4.4273735081362497     
   319000.00000000000       -13.300750201595472        26.156209295827072        4.6320965385613774E-003   4.5412450814845927E-003   1.3727653280531693E-004   5759.7000000000580        0.0000000000000000        7.1404051172708511        7.0866198691007671        1.9912313669919971E-002  -6.3716709613800049E-002   2.9885002112474413E-004  -3.4879407559086903E-002   1.0000000000000000      -0.17231136247731238       -4.7608890575621814     
   319000.00000000000       -194.82211569995610       -7.9048658292760088       -1.3999009272120785E-003  -1.3724440212642896E-003   3.4768036700123670E-004   5759.7000000000580        0.0000000000000000        7.1404051172708511        7.0866198691007671        1.9912313669919971E-002  -6.3716709613800049E-002   2.9885002112474413E-004  -3.4879407559086903E-002   1.0000000000000000       -2.5239226124963370        13.349009692508726     
   319000.00000000000       -39.892399104905415        1.1338784100495265        2.0080257803938831E-004   1.9686414397442837E-004   2.9184576878948633E-004   5759.7000000000580        0.0000000000000000        7.1404051172708511        7.0866198691007671        1.9912313669919971E-002  -6.3716709613800049E-002   2.9885002112474413E-004  -3.4879407559086903E-002   1.0000000000000000      -0.51680646114460660       -2.1693940417730566     
