           1   0.0000000000000000        0.0000000000000000       -3.0434154272079468        0.0000000000000000     
           2   0.0000000000000000        0.0000000000000000       -2.8470660448074341        0.0000000000000000     
           3   0.0000000000000000        0.0000000000000000       -2.6507166624069214        0.0000000000000000     
           4   0.0000000000000000        0.0000000000000000       -2.4543672800064087        0.0000000000000000     
           5   27.000000000000000        1.3500000000000000E-002  -2.2580178976058960        0.0000000000000000     
           6   89.000000000000000        4.4499999999999998E-002  -2.0616685152053833        0.0000000000000000     
           7   88.000000000000000        4.3999999999999997E-002  -1.8653191328048706        0.0000000000000000     
           8   89.000000000000000        4.4499999999999998E-002  -1.6689697504043579        0.0000000000000000     
           9   88.000000000000000        4.3999999999999997E-002  -1.4726203680038452        0.0000000000000000     
          10   88.000000000000000        4.3999999999999997E-002  -1.2762709856033325        0.0000000000000000     
          11   89.000000000000000        4.4499999999999998E-002  -1.0799216032028198        0.0000000000000000     
          12   88.000000000000000        4.3999999999999997E-002 -0.88357222080230713        0.0000000000000000     
          13   89.000000000000000        4.4499999999999998E-002 -0.68722283840179443        0.0000000000000000     
          14   88.000000000000000        4.3999999999999997E-002 -0.49087345600128174        0.0000000000000000     
          15   89.000000000000000        4.4499999999999998E-002 -0.29452407360076904        0.0000000000000000     
          16   88.000000000000000        4.3999999999999997E-002  -9.8174691200256348E-002   0.0000000000000000     
          17   88.000000000000000        4.3999999999999997E-002   9.8174691200256348E-002   0.0000000000000000     
          18   89.000000000000000        4.4499999999999998E-002  0.29452407360076904        0.0000000000000000     
          19   88.000000000000000        4.3999999999999997E-002  0.49087345600128174        0.0000000000000000     
          20   89.000000000000000        4.4499999999999998E-002  0.68722283840179443        0.0000000000000000     
          21   88.000000000000000        4.3999999999999997E-002  0.88357222080230713        0.0000000000000000     
          22   89.000000000000000        4.4499999999999998E-002   1.0799216032028198        0.0000000000000000     
          23   88.000000000000000        4.3999999999999997E-002   1.2762709856033325        0.0000000000000000     
          24   88.000000000000000        4.3999999999999997E-002   1.4726203680038452        0.0000000000000000     
          25   89.000000000000000        4.4499999999999998E-002   1.6689697504043579        0.0000000000000000     
          26   88.000000000000000        4.3999999999999997E-002   1.8653191328048706        0.0000000000000000     
          27   89.000000000000000        4.4499999999999998E-002   2.0616685152053833        0.0000000000000000     
          28   27.000000000000000        1.3500000000000000E-002   2.2580178976058960        0.0000000000000000     
          29   0.0000000000000000        0.0000000000000000        2.4543672800064087        0.0000000000000000     
          30   0.0000000000000000        0.0000000000000000        2.6507166624069214        0.0000000000000000     
          31   0.0000000000000000        0.0000000000000000        2.8470660448074341        0.0000000000000000     
          32   0.0000000000000000        0.0000000000000000        3.0434154272079468        0.0000000000000000     
           1   10.000000000000000        9.4876660341555973E-003  -3.0434154272079468        20000.000000000000     
           2   25.000000000000000        2.3719165085388995E-002  -2.8470660448074341        20000.000000000000     
           3   43.000000000000000        4.0796963946869068E-002  -2.6507166624069214        20000.000000000000     
           4   35.000000000000000        3.3206831119544589E-002  -2.4543672800064087        20000.000000000000     
           5   30.000000000000000        2.8462998102466792E-002  -2.2580178976058960        20000.000000000000     
           6   38.000000000000000        3.6053130929791274E-002  -2.0616685152053833        20000.000000000000     
           7   27.000000000000000        2.5616698292220113E-002  -1.8653191328048706        20000.000000000000     
           8   35.000000000000000        3.3206831119544589E-002  -1.6689697504043579        20000.000000000000     
           9   28.000000000000000        2.6565464895635674E-002  -1.4726203680038452        20000.000000000000     
          10   31.000000000000000        2.9411764705882353E-002  -1.2762709856033325        20000.000000000000     
          11   32.000000000000000        3.0360531309297913E-002  -1.0799216032028198        20000.000000000000     
          12   25.000000000000000        2.3719165085388995E-002 -0.88357222080230713        20000.000000000000     
          13   39.000000000000000        3.7001897533206832E-002 -0.68722283840179443        20000.000000000000     
          14   37.000000000000000        3.5104364326375710E-002 -0.49087345600128174        20000.000000000000     
          15   31.000000000000000        2.9411764705882353E-002 -0.29452407360076904        20000.000000000000     
          16   37.000000000000000        3.5104364326375710E-002  -9.8174691200256348E-002   20000.000000000000     
          17   30.000000000000000        2.8462998102466792E-002   9.8174691200256348E-002   20000.000000000000     
          18   45.000000000000000        4.2694497153700189E-002  0.29452407360076904        20000.000000000000     
          19   29.000000000000000        2.7514231499051234E-002  0.49087345600128174        20000.000000000000     
          20   21.000000000000000        1.9924098671726755E-002  0.68722283840179443        20000.000000000000     
          21   35.000000000000000        3.3206831119544589E-002  0.88357222080230713        20000.000000000000     
          22   36.000000000000000        3.4155597722960153E-002   1.0799216032028198        20000.000000000000     
          23   28.000000000000000        2.6565464895635674E-002   1.2762709856033325        20000.000000000000     
          24   38.000000000000000        3.6053130929791274E-002   1.4726203680038452        20000.000000000000     
          25   42.000000000000000        3.9848197343453511E-002   1.6689697504043579        20000.000000000000     
          26   53.000000000000000        5.0284629981024669E-002   1.8653191328048706        20000.000000000000     
          27   42.000000000000000        3.9848197343453511E-002   2.0616685152053833        20000.000000000000     
          28   40.000000000000000        3.7950664136622389E-002   2.2580178976058960        20000.000000000000     
          29   39.000000000000000        3.7001897533206832E-002   2.4543672800064087        20000.000000000000     
          30   36.000000000000000        3.4155597722960153E-002   2.6507166624069214        20000.000000000000     
          31   16.000000000000000        1.5180265654648957E-002   2.8470660448074341        20000.000000000000     
          32   21.000000000000000        1.9924098671726755E-002   3.0434154272079468        20000.000000000000     
           1   0.0000000000000000        0.0000000000000000       -3.0434154272079468        40000.000000000000     
           2   1.0000000000000000        9.5147478591817321E-004  -2.8470660448074341        40000.000000000000     
           3   20.000000000000000        1.9029495718363463E-002  -2.6507166624069214        40000.000000000000     
           4   40.000000000000000        3.8058991436726926E-002  -2.4543672800064087        40000.000000000000     
           5   42.000000000000000        3.9961941008563276E-002  -2.2580178976058960        40000.000000000000     
           6   36.000000000000000        3.4253092293054233E-002  -2.0616685152053833        40000.000000000000     
           7   41.000000000000000        3.9010466222645097E-002  -1.8653191328048706        40000.000000000000     
           8   47.000000000000000        4.4719314938154141E-002  -1.6689697504043579        40000.000000000000     
           9   37.000000000000000        3.5204567078972404E-002  -1.4726203680038452        40000.000000000000     
          10   30.000000000000000        2.8544243577545196E-002  -1.2762709856033325        40000.000000000000     
          11   39.000000000000000        3.7107516650808754E-002  -1.0799216032028198        40000.000000000000     
          12   40.000000000000000        3.8058991436726926E-002 -0.88357222080230713        40000.000000000000     
          13   34.000000000000000        3.2350142721217889E-002 -0.68722283840179443        40000.000000000000     
          14   30.000000000000000        2.8544243577545196E-002 -0.49087345600128174        40000.000000000000     
          15   43.000000000000000        4.0913415794481447E-002 -0.29452407360076904        40000.000000000000     
          16   30.000000000000000        2.8544243577545196E-002  -9.8174691200256348E-002   40000.000000000000     
          17   51.000000000000000        4.8525214081826834E-002   9.8174691200256348E-002   40000.000000000000     
          18   45.000000000000000        4.2816365366317791E-002  0.29452407360076904        40000.000000000000     
          19   44.000000000000000        4.1864890580399619E-002  0.49087345600128174        40000.000000000000     
          20   39.000000000000000        3.7107516650808754E-002  0.68722283840179443        40000.000000000000     
          21   42.000000000000000        3.9961941008563276E-002  0.88357222080230713        40000.000000000000     
          22   50.000000000000000        4.7573739295908656E-002   1.0799216032028198        40000.000000000000     
          23   38.000000000000000        3.6156041864890583E-002   1.2762709856033325        40000.000000000000     
          24   33.000000000000000        3.1398667935299718E-002   1.4726203680038452        40000.000000000000     
          25   49.000000000000000        4.6622264509990484E-002   1.6689697504043579        40000.000000000000     
          26   42.000000000000000        3.9961941008563276E-002   1.8653191328048706        40000.000000000000     
          27   39.000000000000000        3.7107516650808754E-002   2.0616685152053833        40000.000000000000     
          28   30.000000000000000        2.8544243577545196E-002   2.2580178976058960        40000.000000000000     
          29   19.000000000000000        1.8078020932445291E-002   2.4543672800064087        40000.000000000000     
          30   17.000000000000000        1.6175071360608945E-002   2.6507166624069214        40000.000000000000     
          31   3.0000000000000000        2.8544243577545195E-003   2.8470660448074341        40000.000000000000     
          32   0.0000000000000000        0.0000000000000000        3.0434154272079468        40000.000000000000     
           1   17.000000000000000        1.6221374045801526E-002  -3.0434154272079468        60000.000000000000     
           2   22.000000000000000        2.0992366412213741E-002  -2.8470660448074341        60000.000000000000     
           3   21.000000000000000        2.0038167938931296E-002  -2.6507166624069214        60000.000000000000     
           4   27.000000000000000        2.5763358778625955E-002  -2.4543672800064087        60000.000000000000     
           5   36.000000000000000        3.4351145038167941E-002  -2.2580178976058960        60000.000000000000     
           6   32.000000000000000        3.0534351145038167E-002  -2.0616685152053833        60000.000000000000     
           7   45.000000000000000        4.2938931297709926E-002  -1.8653191328048706        60000.000000000000     
           8   32.000000000000000        3.0534351145038167E-002  -1.6689697504043579        60000.000000000000     
           9   31.000000000000000        2.9580152671755726E-002  -1.4726203680038452        60000.000000000000     
          10   28.000000000000000        2.6717557251908396E-002  -1.2762709856033325        60000.000000000000     
          11   31.000000000000000        2.9580152671755726E-002  -1.0799216032028198        60000.000000000000     
          12   37.000000000000000        3.5305343511450385E-002 -0.88357222080230713        60000.000000000000     
          13   45.000000000000000        4.2938931297709926E-002 -0.68722283840179443        60000.000000000000     
          14   39.000000000000000        3.7213740458015267E-002 -0.49087345600128174        60000.000000000000     
          15   41.000000000000000        3.9122137404580155E-002 -0.29452407360076904        60000.000000000000     
          16   33.000000000000000        3.1488549618320608E-002  -9.8174691200256348E-002   60000.000000000000     
          17   33.000000000000000        3.1488549618320608E-002   9.8174691200256348E-002   60000.000000000000     
          18   39.000000000000000        3.7213740458015267E-002  0.29452407360076904        60000.000000000000     
          19   36.000000000000000        3.4351145038167941E-002  0.49087345600128174        60000.000000000000     
          20   38.000000000000000        3.6259541984732822E-002  0.68722283840179443        60000.000000000000     
          21   31.000000000000000        2.9580152671755726E-002  0.88357222080230713        60000.000000000000     
          22   29.000000000000000        2.7671755725190841E-002   1.0799216032028198        60000.000000000000     
          23   32.000000000000000        3.0534351145038167E-002   1.2762709856033325        60000.000000000000     
          24   38.000000000000000        3.6259541984732822E-002   1.4726203680038452        60000.000000000000     
          25   47.000000000000000        4.4847328244274808E-002   1.6689697504043579        60000.000000000000     
          26   43.000000000000000        4.1030534351145037E-002   1.8653191328048706        60000.000000000000     
          27   35.000000000000000        3.3396946564885496E-002   2.0616685152053833        60000.000000000000     
          28   43.000000000000000        4.1030534351145037E-002   2.2580178976058960        60000.000000000000     
          29   29.000000000000000        2.7671755725190841E-002   2.4543672800064087        60000.000000000000     
          30   24.000000000000000        2.2900763358778626E-002   2.6507166624069214        60000.000000000000     
          31   22.000000000000000        2.0992366412213741E-002   2.8470660448074341        60000.000000000000     
          32   12.000000000000000        1.1450381679389313E-002   3.0434154272079468        60000.000000000000     
           1   0.0000000000000000        0.0000000000000000       -3.0434154272079468        80000.000000000000     
           2   4.0000000000000000        3.8167938931297708E-003  -2.8470660448074341        80000.000000000000     
           3   28.000000000000000        2.6717557251908396E-002  -2.6507166624069214        80000.000000000000     
           4   33.000000000000000        3.1488549618320608E-002  -2.4543672800064087        80000.000000000000     
           5   28.000000000000000        2.6717557251908396E-002  -2.2580178976058960        80000.000000000000     
           6   37.000000000000000        3.5305343511450385E-002  -2.0616685152053833        80000.000000000000     
           7   41.000000000000000        3.9122137404580155E-002  -1.8653191328048706        80000.000000000000     
           8   41.000000000000000        3.9122137404580155E-002  -1.6689697504043579        80000.000000000000     
           9   41.000000000000000        3.9122137404580155E-002  -1.4726203680038452        80000.000000000000     
          10   30.000000000000000        2.8625954198473282E-002  -1.2762709856033325        80000.000000000000     
          11   37.000000000000000        3.5305343511450385E-002  -1.0799216032028198        80000.000000000000     
          12   47.000000000000000        4.4847328244274808E-002 -0.88357222080230713        80000.000000000000     
          13   39.000000000000000        3.7213740458015267E-002 -0.68722283840179443        80000.000000000000     
          14   35.000000000000000        3.3396946564885496E-002 -0.49087345600128174        80000.000000000000     
          15   42.000000000000000        4.0076335877862593E-002 -0.29452407360076904        80000.000000000000     
          16   37.000000000000000        3.5305343511450385E-002  -9.8174691200256348E-002   80000.000000000000     
          17   31.000000000000000        2.9580152671755726E-002   9.8174691200256348E-002   80000.000000000000     
          18   44.000000000000000        4.1984732824427481E-002  0.29452407360076904        80000.000000000000     
          19   48.000000000000000        4.5801526717557252E-002  0.49087345600128174        80000.000000000000     
          20   33.000000000000000        3.1488549618320608E-002  0.68722283840179443        80000.000000000000     
          21   34.000000000000000        3.2442748091603052E-002  0.88357222080230713        80000.000000000000     
          22   36.000000000000000        3.4351145038167941E-002   1.0799216032028198        80000.000000000000     
          23   31.000000000000000        2.9580152671755726E-002   1.2762709856033325        80000.000000000000     
          24   45.000000000000000        4.2938931297709926E-002   1.4726203680038452        80000.000000000000     
          25   42.000000000000000        4.0076335877862593E-002   1.6689697504043579        80000.000000000000     
          26   32.000000000000000        3.0534351145038167E-002   1.8653191328048706        80000.000000000000     
          27   39.000000000000000        3.7213740458015267E-002   2.0616685152053833        80000.000000000000     
          28   36.000000000000000        3.4351145038167941E-002   2.2580178976058960        80000.000000000000     
          29   30.000000000000000        2.8625954198473282E-002   2.4543672800064087        80000.000000000000     
          30   31.000000000000000        2.9580152671755726E-002   2.6507166624069214        80000.000000000000     
          31   16.000000000000000        1.5267175572519083E-002   2.8470660448074341        80000.000000000000     
          32   0.0000000000000000        0.0000000000000000        3.0434154272079468        80000.000000000000     
           1   5.0000000000000000        4.7709923664122139E-003  -3.0434154272079468        100000.00000000000     
           2   21.000000000000000        2.0038167938931296E-002  -2.8470660448074341        100000.00000000000     
           3   20.000000000000000        1.9083969465648856E-002  -2.6507166624069214        100000.00000000000     
           4   24.000000000000000        2.2900763358778626E-002  -2.4543672800064087        100000.00000000000     
           5   36.000000000000000        3.4351145038167941E-002  -2.2580178976058960        100000.00000000000     
           6   42.000000000000000        4.0076335877862593E-002  -2.0616685152053833        100000.00000000000     
           7   36.000000000000000        3.4351145038167941E-002  -1.8653191328048706        100000.00000000000     
           8   35.000000000000000        3.3396946564885496E-002  -1.6689697504043579        100000.00000000000     
           9   27.000000000000000        2.5763358778625955E-002  -1.4726203680038452        100000.00000000000     
          10   35.000000000000000        3.3396946564885496E-002  -1.2762709856033325        100000.00000000000     
          11   29.000000000000000        2.7671755725190841E-002  -1.0799216032028198        100000.00000000000     
          12   39.000000000000000        3.7213740458015267E-002 -0.88357222080230713        100000.00000000000     
          13   38.000000000000000        3.6259541984732822E-002 -0.68722283840179443        100000.00000000000     
          14   42.000000000000000        4.0076335877862593E-002 -0.49087345600128174        100000.00000000000     
          15   46.000000000000000        4.3893129770992363E-002 -0.29452407360076904        100000.00000000000     
          16   33.000000000000000        3.1488549618320608E-002  -9.8174691200256348E-002   100000.00000000000     
          17   43.000000000000000        4.1030534351145037E-002   9.8174691200256348E-002   100000.00000000000     
          18   31.000000000000000        2.9580152671755726E-002  0.29452407360076904        100000.00000000000     
          19   48.000000000000000        4.5801526717557252E-002  0.49087345600128174        100000.00000000000     
          20   28.000000000000000        2.6717557251908396E-002  0.68722283840179443        100000.00000000000     
          21   37.000000000000000        3.5305343511450385E-002  0.88357222080230713        100000.00000000000     
          22   35.000000000000000        3.3396946564885496E-002   1.0799216032028198        100000.00000000000     
          23   33.000000000000000        3.1488549618320608E-002   1.2762709856033325        100000.00000000000     
          24   30.000000000000000        2.8625954198473282E-002   1.4726203680038452        100000.00000000000     
          25   44.000000000000000        4.1984732824427481E-002   1.6689697504043579        100000.00000000000     
          26   44.000000000000000        4.1984732824427481E-002   1.8653191328048706        100000.00000000000     
          27   36.000000000000000        3.4351145038167941E-002   2.0616685152053833        100000.00000000000     
          28   42.000000000000000        4.0076335877862593E-002   2.2580178976058960        100000.00000000000     
          29   28.000000000000000        2.6717557251908396E-002   2.4543672800064087        100000.00000000000     
          30   19.000000000000000        1.8129770992366411E-002   2.6507166624069214        100000.00000000000     
          31   28.000000000000000        2.6717557251908396E-002   2.8470660448074341        100000.00000000000     
          32   14.000000000000000        1.3358778625954198E-002   3.0434154272079468        100000.00000000000     
           1   0.0000000000000000        0.0000000000000000       -3.0434154272079468        120000.00000000000     
           2   20.000000000000000        1.9083969465648856E-002  -2.8470660448074341        120000.00000000000     
           3   20.000000000000000        1.9083969465648856E-002  -2.6507166624069214        120000.00000000000     
           4   24.000000000000000        2.2900763358778626E-002  -2.4543672800064087        120000.00000000000     
           5   38.000000000000000        3.6259541984732822E-002  -2.2580178976058960        120000.00000000000     
           6   36.000000000000000        3.4351145038167941E-002  -2.0616685152053833        120000.00000000000     
           7   41.000000000000000        3.9122137404580155E-002  -1.8653191328048706        120000.00000000000     
           8   27.000000000000000        2.5763358778625955E-002  -1.6689697504043579        120000.00000000000     
           9   36.000000000000000        3.4351145038167941E-002  -1.4726203680038452        120000.00000000000     
          10   40.000000000000000        3.8167938931297711E-002  -1.2762709856033325        120000.00000000000     
          11   38.000000000000000        3.6259541984732822E-002  -1.0799216032028198        120000.00000000000     
          12   38.000000000000000        3.6259541984732822E-002 -0.88357222080230713        120000.00000000000     
          13   29.000000000000000        2.7671755725190841E-002 -0.68722283840179443        120000.00000000000     
          14   31.000000000000000        2.9580152671755726E-002 -0.49087345600128174        120000.00000000000     
          15   36.000000000000000        3.4351145038167941E-002 -0.29452407360076904        120000.00000000000     
          16   40.000000000000000        3.8167938931297711E-002  -9.8174691200256348E-002   120000.00000000000     
          17   42.000000000000000        4.0076335877862593E-002   9.8174691200256348E-002   120000.00000000000     
          18   49.000000000000000        4.6755725190839696E-002  0.29452407360076904        120000.00000000000     
          19   41.000000000000000        3.9122137404580155E-002  0.49087345600128174        120000.00000000000     
          20   36.000000000000000        3.4351145038167941E-002  0.68722283840179443        120000.00000000000     
          21   43.000000000000000        4.1030534351145037E-002  0.88357222080230713        120000.00000000000     
          22   35.000000000000000        3.3396946564885496E-002   1.0799216032028198        120000.00000000000     
          23   41.000000000000000        3.9122137404580155E-002   1.2762709856033325        120000.00000000000     
          24   36.000000000000000        3.4351145038167941E-002   1.4726203680038452        120000.00000000000     
          25   39.000000000000000        3.7213740458015267E-002   1.6689697504043579        120000.00000000000     
          26   45.000000000000000        4.2938931297709926E-002   1.8653191328048706        120000.00000000000     
          27   39.000000000000000        3.7213740458015267E-002   2.0616685152053833        120000.00000000000     
          28   30.000000000000000        2.8625954198473282E-002   2.2580178976058960        120000.00000000000     
          29   36.000000000000000        3.4351145038167941E-002   2.4543672800064087        120000.00000000000     
          30   23.000000000000000        2.1946564885496182E-002   2.6507166624069214        120000.00000000000     
          31   17.000000000000000        1.6221374045801526E-002   2.8470660448074341        120000.00000000000     
          32   2.0000000000000000        1.9083969465648854E-003   3.0434154272079468        120000.00000000000     
           1   5.0000000000000000        4.7709923664122139E-003  -3.0434154272079468        140000.00000000000     
           2   15.000000000000000        1.4312977099236641E-002  -2.8470660448074341        140000.00000000000     
           3   32.000000000000000        3.0534351145038167E-002  -2.6507166624069214        140000.00000000000     
           4   22.000000000000000        2.0992366412213741E-002  -2.4543672800064087        140000.00000000000     
           5   36.000000000000000        3.4351145038167941E-002  -2.2580178976058960        140000.00000000000     
           6   38.000000000000000        3.6259541984732822E-002  -2.0616685152053833        140000.00000000000     
           7   29.000000000000000        2.7671755725190841E-002  -1.8653191328048706        140000.00000000000     
           8   38.000000000000000        3.6259541984732822E-002  -1.6689697504043579        140000.00000000000     
           9   32.000000000000000        3.0534351145038167E-002  -1.4726203680038452        140000.00000000000     
          10   33.000000000000000        3.1488549618320608E-002  -1.2762709856033325        140000.00000000000     
          11   39.000000000000000        3.7213740458015267E-002  -1.0799216032028198        140000.00000000000     
          12   44.000000000000000        4.1984732824427481E-002 -0.88357222080230713        140000.00000000000     
          13   37.000000000000000        3.5305343511450385E-002 -0.68722283840179443        140000.00000000000     
          14   36.000000000000000        3.4351145038167941E-002 -0.49087345600128174        140000.00000000000     
          15   43.000000000000000        4.1030534351145037E-002 -0.29452407360076904        140000.00000000000     
          16   34.000000000000000        3.2442748091603052E-002  -9.8174691200256348E-002   140000.00000000000     
          17   34.000000000000000        3.2442748091603052E-002   9.8174691200256348E-002   140000.00000000000     
          18   42.000000000000000        4.0076335877862593E-002  0.29452407360076904        140000.00000000000     
          19   45.000000000000000        4.2938931297709926E-002  0.49087345600128174        140000.00000000000     
          20   44.000000000000000        4.1984732824427481E-002  0.68722283840179443        140000.00000000000     
          21   34.000000000000000        3.2442748091603052E-002  0.88357222080230713        140000.00000000000     
          22   37.000000000000000        3.5305343511450385E-002   1.0799216032028198        140000.00000000000     
          23   46.000000000000000        4.3893129770992363E-002   1.2762709856033325        140000.00000000000     
          24   34.000000000000000        3.2442748091603052E-002   1.4726203680038452        140000.00000000000     
          25   28.000000000000000        2.6717557251908396E-002   1.6689697504043579        140000.00000000000     
          26   43.000000000000000        4.1030534351145037E-002   1.8653191328048706        140000.00000000000     
          27   48.000000000000000        4.5801526717557252E-002   2.0616685152053833        140000.00000000000     
          28   41.000000000000000        3.9122137404580155E-002   2.2580178976058960        140000.00000000000     
          29   20.000000000000000        1.9083969465648856E-002   2.4543672800064087        140000.00000000000     
          30   27.000000000000000        2.5763358778625955E-002   2.6507166624069214        140000.00000000000     
          31   5.0000000000000000        4.7709923664122139E-003   2.8470660448074341        140000.00000000000     
          32   7.0000000000000000        6.6793893129770991E-003   3.0434154272079468        140000.00000000000     
           1   5.0000000000000000        4.7709923664122139E-003  -3.0434154272079468        160000.00000000000     
           2   18.000000000000000        1.7175572519083970E-002  -2.8470660448074341        160000.00000000000     
           3   20.000000000000000        1.9083969465648856E-002  -2.6507166624069214        160000.00000000000     
           4   21.000000000000000        2.0038167938931296E-002  -2.4543672800064087        160000.00000000000     
           5   39.000000000000000        3.7213740458015267E-002  -2.2580178976058960        160000.00000000000     
           6   37.000000000000000        3.5305343511450385E-002  -2.0616685152053833        160000.00000000000     
           7   39.000000000000000        3.7213740458015267E-002  -1.8653191328048706        160000.00000000000     
           8   40.000000000000000        3.8167938931297711E-002  -1.6689697504043579        160000.00000000000     
           9   32.000000000000000        3.0534351145038167E-002  -1.4726203680038452        160000.00000000000     
          10   41.000000000000000        3.9122137404580155E-002  -1.2762709856033325        160000.00000000000     
          11   30.000000000000000        2.8625954198473282E-002  -1.0799216032028198        160000.00000000000     
          12   40.000000000000000        3.8167938931297711E-002 -0.88357222080230713        160000.00000000000     
          13   42.000000000000000        4.0076335877862593E-002 -0.68722283840179443        160000.00000000000     
          14   38.000000000000000        3.6259541984732822E-002 -0.49087345600128174        160000.00000000000     
          15   46.000000000000000        4.3893129770992363E-002 -0.29452407360076904        160000.00000000000     
          16   28.000000000000000        2.6717557251908396E-002  -9.8174691200256348E-002   160000.00000000000     
          17   42.000000000000000        4.0076335877862593E-002   9.8174691200256348E-002   160000.00000000000     
          18   27.000000000000000        2.5763358778625955E-002  0.29452407360076904        160000.00000000000     
          19   40.000000000000000        3.8167938931297711E-002  0.49087345600128174        160000.00000000000     
          20   39.000000000000000        3.7213740458015267E-002  0.68722283840179443        160000.00000000000     
          21   37.000000000000000        3.5305343511450385E-002  0.88357222080230713        160000.00000000000     
          22   32.000000000000000        3.0534351145038167E-002   1.0799216032028198        160000.00000000000     
          23   38.000000000000000        3.6259541984732822E-002   1.2762709856033325        160000.00000000000     
          24   36.000000000000000        3.4351145038167941E-002   1.4726203680038452        160000.00000000000     
          25   36.000000000000000        3.4351145038167941E-002   1.6689697504043579        160000.00000000000     
          26   44.000000000000000        4.1984732824427481E-002   1.8653191328048706        160000.00000000000     
          27   38.000000000000000        3.6259541984732822E-002   2.0616685152053833        160000.00000000000     
          28   41.000000000000000        3.9122137404580155E-002   2.2580178976058960        160000.00000000000     
          29   38.000000000000000        3.6259541984732822E-002   2.4543672800064087        160000.00000000000     
          30   19.000000000000000        1.8129770992366411E-002   2.6507166624069214        160000.00000000000     
          31   17.000000000000000        1.6221374045801526E-002   2.8470660448074341        160000.00000000000     
          32   8.0000000000000000        7.6335877862595417E-003   3.0434154272079468        160000.00000000000     
           1   0.0000000000000000        0.0000000000000000       -3.0434154272079468        180000.00000000000     
           2   4.0000000000000000        3.8167938931297708E-003  -2.8470660448074341        180000.00000000000     
           3   21.000000000000000        2.0038167938931296E-002  -2.6507166624069214        180000.00000000000     
           4   32.000000000000000        3.0534351145038167E-002  -2.4543672800064087        180000.00000000000     
           5   37.000000000000000        3.5305343511450385E-002  -2.2580178976058960        180000.00000000000     
           6   30.000000000000000        2.8625954198473282E-002  -2.0616685152053833        180000.00000000000     
           7   36.000000000000000        3.4351145038167941E-002  -1.8653191328048706        180000.00000000000     
           8   34.000000000000000        3.2442748091603052E-002  -1.6689697504043579        180000.00000000000     
           9   42.000000000000000        4.0076335877862593E-002  -1.4726203680038452        180000.00000000000     
          10   30.000000000000000        2.8625954198473282E-002  -1.2762709856033325        180000.00000000000     
          11   36.000000000000000        3.4351145038167941E-002  -1.0799216032028198        180000.00000000000     
          12   49.000000000000000        4.6755725190839696E-002 -0.88357222080230713        180000.00000000000     
          13   32.000000000000000        3.0534351145038167E-002 -0.68722283840179443        180000.00000000000     
          14   34.000000000000000        3.2442748091603052E-002 -0.49087345600128174        180000.00000000000     
          15   42.000000000000000        4.0076335877862593E-002 -0.29452407360076904        180000.00000000000     
          16   42.000000000000000        4.0076335877862593E-002  -9.8174691200256348E-002   180000.00000000000     
          17   43.000000000000000        4.1030534351145037E-002   9.8174691200256348E-002   180000.00000000000     
          18   45.000000000000000        4.2938931297709926E-002  0.29452407360076904        180000.00000000000     
          19   39.000000000000000        3.7213740458015267E-002  0.49087345600128174        180000.00000000000     
          20   38.000000000000000        3.6259541984732822E-002  0.68722283840179443        180000.00000000000     
          21   37.000000000000000        3.5305343511450385E-002  0.88357222080230713        180000.00000000000     
          22   35.000000000000000        3.3396946564885496E-002   1.0799216032028198        180000.00000000000     
          23   43.000000000000000        4.1030534351145037E-002   1.2762709856033325        180000.00000000000     
          24   49.000000000000000        4.6755725190839696E-002   1.4726203680038452        180000.00000000000     
          25   38.000000000000000        3.6259541984732822E-002   1.6689697504043579        180000.00000000000     
          26   43.000000000000000        4.1030534351145037E-002   1.8653191328048706        180000.00000000000     
          27   38.000000000000000        3.6259541984732822E-002   2.0616685152053833        180000.00000000000     
          28   42.000000000000000        4.0076335877862593E-002   2.2580178976058960        180000.00000000000     
          29   26.000000000000000        2.4809160305343511E-002   2.4543672800064087        180000.00000000000     
          30   23.000000000000000        2.1946564885496182E-002   2.6507166624069214        180000.00000000000     
          31   6.0000000000000000        5.7251908396946565E-003   2.8470660448074341        180000.00000000000     
          32   2.0000000000000000        1.9083969465648854E-003   3.0434154272079468        180000.00000000000     
           1   4.0000000000000000        3.8167938931297708E-003  -3.0434154272079468        200000.00000000000     
           2   20.000000000000000        1.9083969465648856E-002  -2.8470660448074341        200000.00000000000     
           3   29.000000000000000        2.7671755725190841E-002  -2.6507166624069214        200000.00000000000     
           4   35.000000000000000        3.3396946564885496E-002  -2.4543672800064087        200000.00000000000     
           5   33.000000000000000        3.1488549618320608E-002  -2.2580178976058960        200000.00000000000     
           6   47.000000000000000        4.4847328244274808E-002  -2.0616685152053833        200000.00000000000     
           7   39.000000000000000        3.7213740458015267E-002  -1.8653191328048706        200000.00000000000     
           8   41.000000000000000        3.9122137404580155E-002  -1.6689697504043579        200000.00000000000     
           9   39.000000000000000        3.7213740458015267E-002  -1.4726203680038452        200000.00000000000     
          10   36.000000000000000        3.4351145038167941E-002  -1.2762709856033325        200000.00000000000     
          11   28.000000000000000        2.6717557251908396E-002  -1.0799216032028198        200000.00000000000     
          12   30.000000000000000        2.8625954198473282E-002 -0.88357222080230713        200000.00000000000     
          13   32.000000000000000        3.0534351145038167E-002 -0.68722283840179443        200000.00000000000     
          14   39.000000000000000        3.7213740458015267E-002 -0.49087345600128174        200000.00000000000     
          15   36.000000000000000        3.4351145038167941E-002 -0.29452407360076904        200000.00000000000     
          16   37.000000000000000        3.5305343511450385E-002  -9.8174691200256348E-002   200000.00000000000     
          17   28.000000000000000        2.6717557251908396E-002   9.8174691200256348E-002   200000.00000000000     
          18   45.000000000000000        4.2938931297709926E-002  0.29452407360076904        200000.00000000000     
          19   37.000000000000000        3.5305343511450385E-002  0.49087345600128174        200000.00000000000     
          20   35.000000000000000        3.3396946564885496E-002  0.68722283840179443        200000.00000000000     
          21   26.000000000000000        2.4809160305343511E-002  0.88357222080230713        200000.00000000000     
          22   36.000000000000000        3.4351145038167941E-002   1.0799216032028198        200000.00000000000     
          23   50.000000000000000        4.7709923664122141E-002   1.2762709856033325        200000.00000000000     
          24   38.000000000000000        3.6259541984732822E-002   1.4726203680038452        200000.00000000000     
          25   34.000000000000000        3.2442748091603052E-002   1.6689697504043579        200000.00000000000     
          26   42.000000000000000        4.0076335877862593E-002   1.8653191328048706        200000.00000000000     
          27   28.000000000000000        2.6717557251908396E-002   2.0616685152053833        200000.00000000000     
          28   38.000000000000000        3.6259541984732822E-002   2.2580178976058960        200000.00000000000     
          29   22.000000000000000        2.0992366412213741E-002   2.4543672800064087        200000.00000000000     
          30   34.000000000000000        3.2442748091603052E-002   2.6507166624069214        200000.00000000000     
          31   19.000000000000000        1.8129770992366411E-002   2.8470660448074341        200000.00000000000     
          32   11.000000000000000        1.0496183206106870E-002   3.0434154272079468        200000.00000000000     
           1   0.0000000000000000        0.0000000000000000       -3.0434154272079468        220000.00000000000     
           2   9.0000000000000000        8.5877862595419852E-003  -2.8470660448074341        220000.00000000000     
           3   23.000000000000000        2.1946564885496182E-002  -2.6507166624069214        220000.00000000000     
           4   20.000000000000000        1.9083969465648856E-002  -2.4543672800064087        220000.00000000000     
           5   31.000000000000000        2.9580152671755726E-002  -2.2580178976058960        220000.00000000000     
           6   40.000000000000000        3.8167938931297711E-002  -2.0616685152053833        220000.00000000000     
           7   37.000000000000000        3.5305343511450385E-002  -1.8653191328048706        220000.00000000000     
           8   43.000000000000000        4.1030534351145037E-002  -1.6689697504043579        220000.00000000000     
           9   46.000000000000000        4.3893129770992363E-002  -1.4726203680038452        220000.00000000000     
          10   33.000000000000000        3.1488549618320608E-002  -1.2762709856033325        220000.00000000000     
          11   33.000000000000000        3.1488549618320608E-002  -1.0799216032028198        220000.00000000000     
          12   35.000000000000000        3.3396946564885496E-002 -0.88357222080230713        220000.00000000000     
          13   60.000000000000000        5.7251908396946563E-002 -0.68722283840179443        220000.00000000000     
          14   39.000000000000000        3.7213740458015267E-002 -0.49087345600128174        220000.00000000000     
          15   34.000000000000000        3.2442748091603052E-002 -0.29452407360076904        220000.00000000000     
          16   37.000000000000000        3.5305343511450385E-002  -9.8174691200256348E-002   220000.00000000000     
          17   48.000000000000000        4.5801526717557252E-002   9.8174691200256348E-002   220000.00000000000     
          18   49.000000000000000        4.6755725190839696E-002  0.29452407360076904        220000.00000000000     
          19   40.000000000000000        3.8167938931297711E-002  0.49087345600128174        220000.00000000000     
          20   34.000000000000000        3.2442748091603052E-002  0.68722283840179443        220000.00000000000     
          21   32.000000000000000        3.0534351145038167E-002  0.88357222080230713        220000.00000000000     
          22   35.000000000000000        3.3396946564885496E-002   1.0799216032028198        220000.00000000000     
          23   49.000000000000000        4.6755725190839696E-002   1.2762709856033325        220000.00000000000     
          24   36.000000000000000        3.4351145038167941E-002   1.4726203680038452        220000.00000000000     
          25   35.000000000000000        3.3396946564885496E-002   1.6689697504043579        220000.00000000000     
          26   42.000000000000000        4.0076335877862593E-002   1.8653191328048706        220000.00000000000     
          27   35.000000000000000        3.3396946564885496E-002   2.0616685152053833        220000.00000000000     
          28   38.000000000000000        3.6259541984732822E-002   2.2580178976058960        220000.00000000000     
          29   31.000000000000000        2.9580152671755726E-002   2.4543672800064087        220000.00000000000     
          30   13.000000000000000        1.2404580152671756E-002   2.6507166624069214        220000.00000000000     
          31   11.000000000000000        1.0496183206106870E-002   2.8470660448074341        220000.00000000000     
          32   0.0000000000000000        0.0000000000000000        3.0434154272079468        220000.00000000000     
           1   3.0000000000000000        2.8625954198473282E-003  -3.0434154272079468        240000.00000000000     
           2   7.0000000000000000        6.6793893129770991E-003  -2.8470660448074341        240000.00000000000     
           3   31.000000000000000        2.9580152671755726E-002  -2.6507166624069214        240000.00000000000     
           4   26.000000000000000        2.4809160305343511E-002  -2.4543672800064087        240000.00000000000     
           5   37.000000000000000        3.5305343511450385E-002  -2.2580178976058960        240000.00000000000     
           6   44.000000000000000        4.1984732824427481E-002  -2.0616685152053833        240000.00000000000     
           7   44.000000000000000        4.1984732824427481E-002  -1.8653191328048706        240000.00000000000     
           8   35.000000000000000        3.3396946564885496E-002  -1.6689697504043579        240000.00000000000     
           9   39.000000000000000        3.7213740458015267E-002  -1.4726203680038452        240000.00000000000     
          10   43.000000000000000        4.1030534351145037E-002  -1.2762709856033325        240000.00000000000     
          11   45.000000000000000        4.2938931297709926E-002  -1.0799216032028198        240000.00000000000     
          12   37.000000000000000        3.5305343511450385E-002 -0.88357222080230713        240000.00000000000     
          13   35.000000000000000        3.3396946564885496E-002 -0.68722283840179443        240000.00000000000     
          14   50.000000000000000        4.7709923664122141E-002 -0.49087345600128174        240000.00000000000     
          15   37.000000000000000        3.5305343511450385E-002 -0.29452407360076904        240000.00000000000     
          16   28.000000000000000        2.6717557251908396E-002  -9.8174691200256348E-002   240000.00000000000     
          17   34.000000000000000        3.2442748091603052E-002   9.8174691200256348E-002   240000.00000000000     
          18   20.000000000000000        1.9083969465648856E-002  0.29452407360076904        240000.00000000000     
          19   52.000000000000000        4.9618320610687022E-002  0.49087345600128174        240000.00000000000     
          20   39.000000000000000        3.7213740458015267E-002  0.68722283840179443        240000.00000000000     
          21   19.000000000000000        1.8129770992366411E-002  0.88357222080230713        240000.00000000000     
          22   33.000000000000000        3.1488549618320608E-002   1.0799216032028198        240000.00000000000     
          23   38.000000000000000        3.6259541984732822E-002   1.2762709856033325        240000.00000000000     
          24   40.000000000000000        3.8167938931297711E-002   1.4726203680038452        240000.00000000000     
          25   39.000000000000000        3.7213740458015267E-002   1.6689697504043579        240000.00000000000     
          26   41.000000000000000        3.9122137404580155E-002   1.8653191328048706        240000.00000000000     
          27   32.000000000000000        3.0534351145038167E-002   2.0616685152053833        240000.00000000000     
          28   34.000000000000000        3.2442748091603052E-002   2.2580178976058960        240000.00000000000     
          29   33.000000000000000        3.1488549618320608E-002   2.4543672800064087        240000.00000000000     
          30   22.000000000000000        2.0992366412213741E-002   2.6507166624069214        240000.00000000000     
          31   19.000000000000000        1.8129770992366411E-002   2.8470660448074341        240000.00000000000     
          32   12.000000000000000        1.1450381679389313E-002   3.0434154272079468        240000.00000000000     
           1   2.0000000000000000        1.9083969465648854E-003  -3.0434154272079468        260000.00000000000     
           2   17.000000000000000        1.6221374045801526E-002  -2.8470660448074341        260000.00000000000     
           3   24.000000000000000        2.2900763358778626E-002  -2.6507166624069214        260000.00000000000     
           4   29.000000000000000        2.7671755725190841E-002  -2.4543672800064087        260000.00000000000     
           5   32.000000000000000        3.0534351145038167E-002  -2.2580178976058960        260000.00000000000     
           6   36.000000000000000        3.4351145038167941E-002  -2.0616685152053833        260000.00000000000     
           7   29.000000000000000        2.7671755725190841E-002  -1.8653191328048706        260000.00000000000     
           8   39.000000000000000        3.7213740458015267E-002  -1.6689697504043579        260000.00000000000     
           9   43.000000000000000        4.1030534351145037E-002  -1.4726203680038452        260000.00000000000     
          10   44.000000000000000        4.1984732824427481E-002  -1.2762709856033325        260000.00000000000     
          11   42.000000000000000        4.0076335877862593E-002  -1.0799216032028198        260000.00000000000     
          12   45.000000000000000        4.2938931297709926E-002 -0.88357222080230713        260000.00000000000     
          13   35.000000000000000        3.3396946564885496E-002 -0.68722283840179443        260000.00000000000     
          14   25.000000000000000        2.3854961832061070E-002 -0.49087345600128174        260000.00000000000     
          15   33.000000000000000        3.1488549618320608E-002 -0.29452407360076904        260000.00000000000     
          16   43.000000000000000        4.1030534351145037E-002  -9.8174691200256348E-002   260000.00000000000     
          17   41.000000000000000        3.9122137404580155E-002   9.8174691200256348E-002   260000.00000000000     
          18   40.000000000000000        3.8167938931297711E-002  0.29452407360076904        260000.00000000000     
          19   36.000000000000000        3.4351145038167941E-002  0.49087345600128174        260000.00000000000     
          20   39.000000000000000        3.7213740458015267E-002  0.68722283840179443        260000.00000000000     
          21   34.000000000000000        3.2442748091603052E-002  0.88357222080230713        260000.00000000000     
          22   37.000000000000000        3.5305343511450385E-002   1.0799216032028198        260000.00000000000     
          23   30.000000000000000        2.8625954198473282E-002   1.2762709856033325        260000.00000000000     
          24   36.000000000000000        3.4351145038167941E-002   1.4726203680038452        260000.00000000000     
          25   34.000000000000000        3.2442748091603052E-002   1.6689697504043579        260000.00000000000     
          26   48.000000000000000        4.5801526717557252E-002   1.8653191328048706        260000.00000000000     
          27   40.000000000000000        3.8167938931297711E-002   2.0616685152053833        260000.00000000000     
          28   36.000000000000000        3.4351145038167941E-002   2.2580178976058960        260000.00000000000     
          29   28.000000000000000        2.6717557251908396E-002   2.4543672800064087        260000.00000000000     
          30   29.000000000000000        2.7671755725190841E-002   2.6507166624069214        260000.00000000000     
          31   18.000000000000000        1.7175572519083970E-002   2.8470660448074341        260000.00000000000     
          32   4.0000000000000000        3.8167938931297708E-003   3.0434154272079468        260000.00000000000     
           1   2.0000000000000000        1.9083969465648854E-003  -3.0434154272079468        280000.00000000000     
           2   4.0000000000000000        3.8167938931297708E-003  -2.8470660448074341        280000.00000000000     
           3   25.000000000000000        2.3854961832061070E-002  -2.6507166624069214        280000.00000000000     
           4   36.000000000000000        3.4351145038167941E-002  -2.4543672800064087        280000.00000000000     
           5   31.000000000000000        2.9580152671755726E-002  -2.2580178976058960        280000.00000000000     
           6   28.000000000000000        2.6717557251908396E-002  -2.0616685152053833        280000.00000000000     
           7   34.000000000000000        3.2442748091603052E-002  -1.8653191328048706        280000.00000000000     
           8   34.000000000000000        3.2442748091603052E-002  -1.6689697504043579        280000.00000000000     
           9   37.000000000000000        3.5305343511450385E-002  -1.4726203680038452        280000.00000000000     
          10   49.000000000000000        4.6755725190839696E-002  -1.2762709856033325        280000.00000000000     
          11   37.000000000000000        3.5305343511450385E-002  -1.0799216032028198        280000.00000000000     
          12   36.000000000000000        3.4351145038167941E-002 -0.88357222080230713        280000.00000000000     
          13   37.000000000000000        3.5305343511450385E-002 -0.68722283840179443        280000.00000000000     
          14   30.000000000000000        2.8625954198473282E-002 -0.49087345600128174        280000.00000000000     
          15   48.000000000000000        4.5801526717557252E-002 -0.29452407360076904        280000.00000000000     
          16   37.000000000000000        3.5305343511450385E-002  -9.8174691200256348E-002   280000.00000000000     
          17   42.000000000000000        4.0076335877862593E-002   9.8174691200256348E-002   280000.00000000000     
          18   44.000000000000000        4.1984732824427481E-002  0.29452407360076904        280000.00000000000     
          19   40.000000000000000        3.8167938931297711E-002  0.49087345600128174        280000.00000000000     
          20   55.000000000000000        5.2480916030534348E-002  0.68722283840179443        280000.00000000000     
          21   41.000000000000000        3.9122137404580155E-002  0.88357222080230713        280000.00000000000     
          22   44.000000000000000        4.1984732824427481E-002   1.0799216032028198        280000.00000000000     
          23   40.000000000000000        3.8167938931297711E-002   1.2762709856033325        280000.00000000000     
          24   38.000000000000000        3.6259541984732822E-002   1.4726203680038452        280000.00000000000     
          25   37.000000000000000        3.5305343511450385E-002   1.6689697504043579        280000.00000000000     
          26   35.000000000000000        3.3396946564885496E-002   1.8653191328048706        280000.00000000000     
          27   34.000000000000000        3.2442748091603052E-002   2.0616685152053833        280000.00000000000     
          28   39.000000000000000        3.7213740458015267E-002   2.2580178976058960        280000.00000000000     
          29   31.000000000000000        2.9580152671755726E-002   2.4543672800064087        280000.00000000000     
          30   12.000000000000000        1.1450381679389313E-002   2.6507166624069214        280000.00000000000     
          31   11.000000000000000        1.0496183206106870E-002   2.8470660448074341        280000.00000000000     
          32   0.0000000000000000        0.0000000000000000        3.0434154272079468        280000.00000000000     
           1   4.0000000000000000        3.8167938931297708E-003  -3.0434154272079468        300000.00000000000     
           2   14.000000000000000        1.3358778625954198E-002  -2.8470660448074341        300000.00000000000     
           3   24.000000000000000        2.2900763358778626E-002  -2.6507166624069214        300000.00000000000     
           4   33.000000000000000        3.1488549618320608E-002  -2.4543672800064087        300000.00000000000     
           5   41.000000000000000        3.9122137404580155E-002  -2.2580178976058960        300000.00000000000     
           6   40.000000000000000        3.8167938931297711E-002  -2.0616685152053833        300000.00000000000     
           7   34.000000000000000        3.2442748091603052E-002  -1.8653191328048706        300000.00000000000     
           8   37.000000000000000        3.5305343511450385E-002  -1.6689697504043579        300000.00000000000     
           9   40.000000000000000        3.8167938931297711E-002  -1.4726203680038452        300000.00000000000     
          10   30.000000000000000        2.8625954198473282E-002  -1.2762709856033325        300000.00000000000     
          11   30.000000000000000        2.8625954198473282E-002  -1.0799216032028198        300000.00000000000     
          12   32.000000000000000        3.0534351145038167E-002 -0.88357222080230713        300000.00000000000     
          13   47.000000000000000        4.4847328244274808E-002 -0.68722283840179443        300000.00000000000     
          14   34.000000000000000        3.2442748091603052E-002 -0.49087345600128174        300000.00000000000     
          15   52.000000000000000        4.9618320610687022E-002 -0.29452407360076904        300000.00000000000     
          16   33.000000000000000        3.1488549618320608E-002  -9.8174691200256348E-002   300000.00000000000     
          17   33.000000000000000        3.1488549618320608E-002   9.8174691200256348E-002   300000.00000000000     
          18   28.000000000000000        2.6717557251908396E-002  0.29452407360076904        300000.00000000000     
          19   38.000000000000000        3.6259541984732822E-002  0.49087345600128174        300000.00000000000     
          20   35.000000000000000        3.3396946564885496E-002  0.68722283840179443        300000.00000000000     
          21   30.000000000000000        2.8625954198473282E-002  0.88357222080230713        300000.00000000000     
          22   36.000000000000000        3.4351145038167941E-002   1.0799216032028198        300000.00000000000     
          23   41.000000000000000        3.9122137404580155E-002   1.2762709856033325        300000.00000000000     
          24   49.000000000000000        4.6755725190839696E-002   1.4726203680038452        300000.00000000000     
          25   30.000000000000000        2.8625954198473282E-002   1.6689697504043579        300000.00000000000     
          26   52.000000000000000        4.9618320610687022E-002   1.8653191328048706        300000.00000000000     
          27   35.000000000000000        3.3396946564885496E-002   2.0616685152053833        300000.00000000000     
          28   29.000000000000000        2.7671755725190841E-002   2.2580178976058960        300000.00000000000     
          29   28.000000000000000        2.6717557251908396E-002   2.4543672800064087        300000.00000000000     
          30   27.000000000000000        2.5763358778625955E-002   2.6507166624069214        300000.00000000000     
          31   21.000000000000000        2.0038167938931296E-002   2.8470660448074341        300000.00000000000     
          32   11.000000000000000        1.0496183206106870E-002   3.0434154272079468        300000.00000000000     
           1   0.0000000000000000        0.0000000000000000       -3.0434154272079468        320000.00000000000     
           2   10.000000000000000        9.5419847328244278E-003  -2.8470660448074341        320000.00000000000     
           3   16.000000000000000        1.5267175572519083E-002  -2.6507166624069214        320000.00000000000     
           4   30.000000000000000        2.8625954198473282E-002  -2.4543672800064087        320000.00000000000     
           5   35.000000000000000        3.3396946564885496E-002  -2.2580178976058960        320000.00000000000     
           6   36.000000000000000        3.4351145038167941E-002  -2.0616685152053833        320000.00000000000     
           7   29.000000000000000        2.7671755725190841E-002  -1.8653191328048706        320000.00000000000     
           8   38.000000000000000        3.6259541984732822E-002  -1.6689697504043579        320000.00000000000     
           9   46.000000000000000        4.3893129770992363E-002  -1.4726203680038452        320000.00000000000     
          10   45.000000000000000        4.2938931297709926E-002  -1.2762709856033325        320000.00000000000     
          11   38.000000000000000        3.6259541984732822E-002  -1.0799216032028198        320000.00000000000     
          12   46.000000000000000        4.3893129770992363E-002 -0.88357222080230713        320000.00000000000     
          13   42.000000000000000        4.0076335877862593E-002 -0.68722283840179443        320000.00000000000     
          14   31.000000000000000        2.9580152671755726E-002 -0.49087345600128174        320000.00000000000     
          15   30.000000000000000        2.8625954198473282E-002 -0.29452407360076904        320000.00000000000     
          16   40.000000000000000        3.8167938931297711E-002  -9.8174691200256348E-002   320000.00000000000     
          17   47.000000000000000        4.4847328244274808E-002   9.8174691200256348E-002   320000.00000000000     
          18   34.000000000000000        3.2442748091603052E-002  0.29452407360076904        320000.00000000000     
          19   34.000000000000000        3.2442748091603052E-002  0.49087345600128174        320000.00000000000     
          20   39.000000000000000        3.7213740458015267E-002  0.68722283840179443        320000.00000000000     
          21   34.000000000000000        3.2442748091603052E-002  0.88357222080230713        320000.00000000000     
          22   37.000000000000000        3.5305343511450385E-002   1.0799216032028198        320000.00000000000     
          23   40.000000000000000        3.8167938931297711E-002   1.2762709856033325        320000.00000000000     
          24   34.000000000000000        3.2442748091603052E-002   1.4726203680038452        320000.00000000000     
          25   43.000000000000000        4.1030534351145037E-002   1.6689697504043579        320000.00000000000     
          26   47.000000000000000        4.4847328244274808E-002   1.8653191328048706        320000.00000000000     
          27   41.000000000000000        3.9122137404580155E-002   2.0616685152053833        320000.00000000000     
          28   36.000000000000000        3.4351145038167941E-002   2.2580178976058960        320000.00000000000     
          29   35.000000000000000        3.3396946564885496E-002   2.4543672800064087        320000.00000000000     
          30   22.000000000000000        2.0992366412213741E-002   2.6507166624069214        320000.00000000000     
          31   12.000000000000000        1.1450381679389313E-002   2.8470660448074341        320000.00000000000     
          32   1.0000000000000000        9.5419847328244271E-004   3.0434154272079468        320000.00000000000     
           1   1.0000000000000000        9.5419847328244271E-004  -3.0434154272079468        340000.00000000000     
           2   4.0000000000000000        3.8167938931297708E-003  -2.8470660448074341        340000.00000000000     
           3   19.000000000000000        1.8129770992366411E-002  -2.6507166624069214        340000.00000000000     
           4   28.000000000000000        2.6717557251908396E-002  -2.4543672800064087        340000.00000000000     
           5   48.000000000000000        4.5801526717557252E-002  -2.2580178976058960        340000.00000000000     
           6   43.000000000000000        4.1030534351145037E-002  -2.0616685152053833        340000.00000000000     
           7   36.000000000000000        3.4351145038167941E-002  -1.8653191328048706        340000.00000000000     
           8   30.000000000000000        2.8625954198473282E-002  -1.6689697504043579        340000.00000000000     
           9   40.000000000000000        3.8167938931297711E-002  -1.4726203680038452        340000.00000000000     
          10   34.000000000000000        3.2442748091603052E-002  -1.2762709856033325        340000.00000000000     
          11   50.000000000000000        4.7709923664122141E-002  -1.0799216032028198        340000.00000000000     
          12   30.000000000000000        2.8625954198473282E-002 -0.88357222080230713        340000.00000000000     
          13   38.000000000000000        3.6259541984732822E-002 -0.68722283840179443        340000.00000000000     
          14   29.000000000000000        2.7671755725190841E-002 -0.49087345600128174        340000.00000000000     
          15   45.000000000000000        4.2938931297709926E-002 -0.29452407360076904        340000.00000000000     
          16   48.000000000000000        4.5801526717557252E-002  -9.8174691200256348E-002   340000.00000000000     
          17   52.000000000000000        4.9618320610687022E-002   9.8174691200256348E-002   340000.00000000000     
          18   35.000000000000000        3.3396946564885496E-002  0.29452407360076904        340000.00000000000     
          19   43.000000000000000        4.1030534351145037E-002  0.49087345600128174        340000.00000000000     
          20   41.000000000000000        3.9122137404580155E-002  0.68722283840179443        340000.00000000000     
          21   34.000000000000000        3.2442748091603052E-002  0.88357222080230713        340000.00000000000     
          22   52.000000000000000        4.9618320610687022E-002   1.0799216032028198        340000.00000000000     
          23   33.000000000000000        3.1488549618320608E-002   1.2762709856033325        340000.00000000000     
          24   33.000000000000000        3.1488549618320608E-002   1.4726203680038452        340000.00000000000     
          25   37.000000000000000        3.5305343511450385E-002   1.6689697504043579        340000.00000000000     
          26   26.000000000000000        2.4809160305343511E-002   1.8653191328048706        340000.00000000000     
          27   35.000000000000000        3.3396946564885496E-002   2.0616685152053833        340000.00000000000     
          28   42.000000000000000        4.0076335877862593E-002   2.2580178976058960        340000.00000000000     
          29   27.000000000000000        2.5763358778625955E-002   2.4543672800064087        340000.00000000000     
          30   22.000000000000000        2.0992366412213741E-002   2.6507166624069214        340000.00000000000     
          31   11.000000000000000        1.0496183206106870E-002   2.8470660448074341        340000.00000000000     
          32   2.0000000000000000        1.9083969465648854E-003   3.0434154272079468        340000.00000000000     
           1   2.0000000000000000        1.9083969465648854E-003  -3.0434154272079468        360000.00000000000     
           2   15.000000000000000        1.4312977099236641E-002  -2.8470660448074341        360000.00000000000     
           3   18.000000000000000        1.7175572519083970E-002  -2.6507166624069214        360000.00000000000     
           4   30.000000000000000        2.8625954198473282E-002  -2.4543672800064087        360000.00000000000     
           5   35.000000000000000        3.3396946564885496E-002  -2.2580178976058960        360000.00000000000     
           6   39.000000000000000        3.7213740458015267E-002  -2.0616685152053833        360000.00000000000     
           7   34.000000000000000        3.2442748091603052E-002  -1.8653191328048706        360000.00000000000     
           8   50.000000000000000        4.7709923664122141E-002  -1.6689697504043579        360000.00000000000     
           9   33.000000000000000        3.1488549618320608E-002  -1.4726203680038452        360000.00000000000     
          10   48.000000000000000        4.5801526717557252E-002  -1.2762709856033325        360000.00000000000     
          11   51.000000000000000        4.8664122137404578E-002  -1.0799216032028198        360000.00000000000     
          12   34.000000000000000        3.2442748091603052E-002 -0.88357222080230713        360000.00000000000     
          13   35.000000000000000        3.3396946564885496E-002 -0.68722283840179443        360000.00000000000     
          14   36.000000000000000        3.4351145038167941E-002 -0.49087345600128174        360000.00000000000     
          15   37.000000000000000        3.5305343511450385E-002 -0.29452407360076904        360000.00000000000     
          16   38.000000000000000        3.6259541984732822E-002  -9.8174691200256348E-002   360000.00000000000     
          17   26.000000000000000        2.4809160305343511E-002   9.8174691200256348E-002   360000.00000000000     
          18   28.000000000000000        2.6717557251908396E-002  0.29452407360076904        360000.00000000000     
          19   24.000000000000000        2.2900763358778626E-002  0.49087345600128174        360000.00000000000     
          20   34.000000000000000        3.2442748091603052E-002  0.68722283840179443        360000.00000000000     
          21   42.000000000000000        4.0076335877862593E-002  0.88357222080230713        360000.00000000000     
          22   33.000000000000000        3.1488549618320608E-002   1.0799216032028198        360000.00000000000     
          23   38.000000000000000        3.6259541984732822E-002   1.2762709856033325        360000.00000000000     
          24   45.000000000000000        4.2938931297709926E-002   1.4726203680038452        360000.00000000000     
          25   42.000000000000000        4.0076335877862593E-002   1.6689697504043579        360000.00000000000     
          26   35.000000000000000        3.3396946564885496E-002   1.8653191328048706        360000.00000000000     
          27   38.000000000000000        3.6259541984732822E-002   2.0616685152053833        360000.00000000000     
          28   37.000000000000000        3.5305343511450385E-002   2.2580178976058960        360000.00000000000     
          29   35.000000000000000        3.3396946564885496E-002   2.4543672800064087        360000.00000000000     
          30   33.000000000000000        3.1488549618320608E-002   2.6507166624069214        360000.00000000000     
          31   19.000000000000000        1.8129770992366411E-002   2.8470660448074341        360000.00000000000     
          32   4.0000000000000000        3.8167938931297708E-003   3.0434154272079468        360000.00000000000     
           1   0.0000000000000000        0.0000000000000000       -3.0434154272079468        380000.00000000000     
           2   10.000000000000000        9.5419847328244278E-003  -2.8470660448074341        380000.00000000000     
           3   23.000000000000000        2.1946564885496182E-002  -2.6507166624069214        380000.00000000000     
           4   22.000000000000000        2.0992366412213741E-002  -2.4543672800064087        380000.00000000000     
           5   39.000000000000000        3.7213740458015267E-002  -2.2580178976058960        380000.00000000000     
           6   43.000000000000000        4.1030534351145037E-002  -2.0616685152053833        380000.00000000000     
           7   31.000000000000000        2.9580152671755726E-002  -1.8653191328048706        380000.00000000000     
           8   40.000000000000000        3.8167938931297711E-002  -1.6689697504043579        380000.00000000000     
           9   40.000000000000000        3.8167938931297711E-002  -1.4726203680038452        380000.00000000000     
          10   41.000000000000000        3.9122137404580155E-002  -1.2762709856033325        380000.00000000000     
          11   34.000000000000000        3.2442748091603052E-002  -1.0799216032028198        380000.00000000000     
          12   39.000000000000000        3.7213740458015267E-002 -0.88357222080230713        380000.00000000000     
          13   45.000000000000000        4.2938931297709926E-002 -0.68722283840179443        380000.00000000000     
          14   38.000000000000000        3.6259541984732822E-002 -0.49087345600128174        380000.00000000000     
          15   40.000000000000000        3.8167938931297711E-002 -0.29452407360076904        380000.00000000000     
          16   39.000000000000000        3.7213740458015267E-002  -9.8174691200256348E-002   380000.00000000000     
          17   37.000000000000000        3.5305343511450385E-002   9.8174691200256348E-002   380000.00000000000     
          18   35.000000000000000        3.3396946564885496E-002  0.29452407360076904        380000.00000000000     
          19   36.000000000000000        3.4351145038167941E-002  0.49087345600128174        380000.00000000000     
          20   31.000000000000000        2.9580152671755726E-002  0.68722283840179443        380000.00000000000     
          21   38.000000000000000        3.6259541984732822E-002  0.88357222080230713        380000.00000000000     
          22   44.000000000000000        4.1984732824427481E-002   1.0799216032028198        380000.00000000000     
          23   44.000000000000000        4.1984732824427481E-002   1.2762709856033325        380000.00000000000     
          24   42.000000000000000        4.0076335877862593E-002   1.4726203680038452        380000.00000000000     
          25   43.000000000000000        4.1030534351145037E-002   1.6689697504043579        380000.00000000000     
          26   28.000000000000000        2.6717557251908396E-002   1.8653191328048706        380000.00000000000     
          27   45.000000000000000        4.2938931297709926E-002   2.0616685152053833        380000.00000000000     
          28   36.000000000000000        3.4351145038167941E-002   2.2580178976058960        380000.00000000000     
          29   25.000000000000000        2.3854961832061070E-002   2.4543672800064087        380000.00000000000     
          30   26.000000000000000        2.4809160305343511E-002   2.6507166624069214        380000.00000000000     
          31   13.000000000000000        1.2404580152671756E-002   2.8470660448074341        380000.00000000000     
          32   1.0000000000000000        9.5419847328244271E-004   3.0434154272079468        380000.00000000000     
