           1   4.6238644660718142        1.4519321837310493E-002  -4.6600859490341737E-003
           2   4.5968611551277174        1.5718841373594410E-002  -3.6269514297331711E-003
           3   4.5695042495560925        1.6325551062338000E-002  -5.0873868450855846E-004
           4   4.5417327992845857        1.5968919140838967E-002   2.8733159603727175E-003
           5   4.5135395509789582        1.4866688142806448E-002   4.3297291184956439E-003
           6   4.4849071036435690        1.3768009653459456E-002   2.6947831245205706E-003
           7   4.4558125708494281        1.3523381377487329E-002  -1.2477402384655631E-003
           8   4.4262128921745205        1.4516147556263702E-002  -5.0662021229267587E-003
           9   4.3960186878780831        1.6342104064070839E-002  -6.2141182938912918E-003
          10   4.3651844352866762        1.8004748768661302E-002  -3.8695788122447426E-003
          11   4.3337284776940406        1.8588715384999663E-002   2.6044347221415348E-004
          12   4.3015089181669222        1.7954382437419668E-002   3.1577853793233490E-003
          13   4.2684865440296988        1.6837205606781397E-002   2.9650310780209807E-003
          14   4.2345188686740922        1.6178575099658234E-002   7.5431083970320043E-004
          15   4.1995109621185911        1.6190237632209253E-002  -3.8994234614615970E-004
          16   4.1634076915234841        1.6097863735913626E-002   1.3077469183237034E-003
          17   4.1259335355604776        1.5078403394324319E-002   3.7972179974333055E-003
          18   4.0868645971132720        1.3569019828520856E-002   3.0040811646913751E-003
          19   4.0460341513280760        1.3226866391629960E-002  -1.6564950806034267E-003
          20   4.0029823100560007        1.4821640527914331E-002  -4.7059200664686914E-003
          21   3.9571984213669746        1.6410946929001465E-002  -1.0759739643884038E-003
          22   3.9080006942440657        1.5439529135507861E-002   4.1632760473885424E-003
          23   3.8541067884423157        1.3605365146793761E-002   8.7995672845903971E-004
          24   3.7936720997340969        1.5300460955820463E-002  -5.0192443641229453E-003
          25   3.7227635993204555        1.7233781862597889E-002   9.9116028546253061E-004
          26   3.6305057897292747        1.6172693849531690E-002  -2.2779281724683879E-003
          27  -3.5680193146698960        1.5873888733303580E-002  -2.4771833025362990E-003
          28  -3.5583734957343349        1.5624636680760331E-002  -2.5910963602493865E-003
          29  -3.5488291508858203        1.5369050105679171E-002  -2.6565899406227481E-003
          30  -3.5393943462991757        1.5113534670210050E-002  -2.6462223196215928E-003
          31  -3.5301145399478444        1.4867676711443803E-002  -2.5377275442169554E-003
          32  -3.5209305319740749        1.4639742752019078E-002  -2.3150511585532060E-003
          33  -3.5118975795161367        1.4441511985435404E-002  -1.9731347668655030E-003
          34  -3.5030142922360832        1.4282754715644870E-002  -1.5163750572224069E-003
          35  -3.4942723681758561        1.4171838444161537E-002  -9.5802421286491084E-004
          36  -3.4856790856391866        1.4115326223896218E-002  -3.2036592892851373E-004
          37  -3.4772625572053943        1.4116946053177280E-002   3.6606588054108129E-004
          38  -3.4690119880669466        1.4177183203116684E-002   1.0699932398165459E-003
          39  -3.4609221840348554        1.4293855375048379E-002   1.7588288899485526E-003
          40  -3.4529949450475734        1.4462115545827823E-002   2.4006658959551397E-003
          41  -3.4451497239493869        1.4677322375822532E-002   2.9724871916885680E-003
          42  -3.5949088034125882        1.6503104578312295E-002  -2.1345741524839259E-003
          43  -2.5397557409183524        1.7206881913669637E-002  -1.3269153831875998E-003
          44  -2.5838855263712395        1.6784721607944596E-002   2.4837167351136622E-003
          45  -2.6281388373843844        1.5927343476511202E-002   3.3851874783442367E-004
          46  -2.6723309711921832        1.6793258642148073E-002  -3.7538363225184607E-003
          47  -2.7166723764674194        1.8404490233042262E-002  -2.1719546774065773E-003
          48  -2.7611206367155998        1.8072944202812070E-002   3.6129739931178152E-003
          49  -2.8056441685804852        1.5892998332227848E-002   4.6127934533324519E-003
          50  -2.8503764666291795        1.5015098157039483E-002  -1.3863556635374352E-003
          51  -2.8940573376923533        1.6774993093512665E-002  -5.3450368052431118E-003
          52  -2.9360672301193596        1.8415153757391445E-002  -1.0474833913142970E-003
          53  -2.9761703151056946        1.7274183372643973E-002   6.4661233178208710E-003
          54  -3.0145813576261116        1.3968990772117051E-002   9.2733224128539911E-003
          55  -3.0511576888991958        1.1026418775222107E-002   5.6885578158303567E-003
          56  -3.0857767947592309        1.0025280492426866E-002   3.9058747729332679E-005
          57  -3.1185886419736528        1.0665756435143590E-002  -3.3330507788827428E-003
          58  -3.1493321724273886        1.1806664384835951E-002  -3.5343321012160393E-003
          59  -3.1780857085688710        1.2673968998931981E-002  -2.3227756659146156E-003
          60  -3.2048001520942488        1.3182049974751272E-002  -1.5752992306738444E-003
          61  -3.2294002474328645        1.3599411057101985E-002  -1.9292243949239566E-003
          62  -3.2517375498024244        1.4145809007268511E-002  -2.9355316414102083E-003
          63  -3.2717751717744550        1.4843994140862580E-002  -3.8597698102980200E-003
          64  -3.2894608825896454        1.5582999463281911E-002  -4.2488669307982584E-003
          65  -3.3046717962836953        1.6232826484591692E-002  -4.0473217413686553E-003
          66  -3.3172647277999578        1.6718179336103634E-002  -3.4571965251674417E-003
          67  -3.3271207537975278        1.7031242538914006E-002  -2.7460949908553862E-003
          68  -3.3340921610016192        1.7204937911310062E-002  -2.1325770753227733E-003
          69  -3.3380349974581516        1.7283032451926559E-002  -1.7529958237097142E-003
          70  -3.3387420322790513        1.7295404667812368E-002  -1.6828347497064662E-003
          71  -3.3363905709954365        1.7252318229455044E-002  -1.9138116261030644E-003
          72  -3.3315367818424195        1.7146360173809674E-002  -2.3667347799547819E-003
          73  -3.3222459853623167        1.6885339551860976E-002  -3.1229129378648390E-003
          74  -3.3069658907668091        1.6326503378323091E-002  -3.9682689932649855E-003
          75  -3.2867739019613311        1.5466949739445868E-002  -4.2287812071638252E-003
          76  -3.2615865942067788        1.4465097152366029E-002  -3.4243298258897366E-003
          77  -3.2313929355344579        1.3639281301513415E-002  -2.0002611708006884E-003
          78  -3.1961586235067583        1.3038661732635988E-002  -1.7040537060394026E-003
          79  -3.1557517828625614        1.2030867102400002E-002  -3.3135092944923208E-003
          80  -3.1102764212889986        1.0404757390886041E-002  -2.7942644403364577E-003
          81  -3.0596316253544669        1.0593956931192226E-002   4.3162572375988048E-003
          82  -3.0039161456025094        1.4978086819253861E-002   9.2082038332293743E-003
          83  -2.9430235480698816        1.8443718996665585E-002   2.5544743095910023E-004
          84  -2.8769213235963353        1.5879970155703166E-002  -4.6742023758406725E-003
          85  -2.8065529675117800        1.5850612284637570E-002   4.5444231602484305E-003
          86  -2.7361373728780674        1.8594398649376606E-002   3.5004187928198738E-004
          87  -2.6663717282366624        1.6575019945895851E-002  -3.4179382889673506E-003
          88  -2.5971010485045558        1.6442406759374271E-002   2.4960470864521661E-003
          89  -2.5283564622944650        1.6974555370854186E-002  -2.6588657498337232E-003
          90  -2.4602644306057733        1.3998065604957872E-002  -3.2183304503867341E-003
          91  -2.3926264740779040        1.4674662650079565E-002   4.2395064186467888E-003
          92  -2.3256777447490280        1.6407493964036787E-002  -1.1169416503426671E-003
          93  -2.2593874836115533        1.3878919740517835E-002  -3.9224114150081743E-003
          94  -2.1936395130712429        1.3653894466702780E-002   3.2080841346575459E-003
          95  -2.1282935861739642        1.5956255374008320E-002   1.9608441072040939E-003
          96  -2.0638656928059715        1.6129304439299729E-002  -5.5913840506534629E-005
          97  -1.9998830007301043        1.7326949581610487E-002   3.4359315196301225E-003
          98  -1.9364806562204124        1.8511033460547617E-002  -1.4574645247552131E-003
          99  -1.8737964021119236        1.5492031938476003E-002  -6.1482001160967593E-003
         100  -1.8116332468776508        1.3509235394574886E-002   1.0419968192252442E-003
         101  -1.7501500502876544        1.5679710325975437E-002   3.6178636213343015E-003
         102  -1.6891808007934213        1.5820758457237471E-002  -3.3746439885375028E-003
         103  -1.6288953857965995        1.3299344993205538E-002  -2.7164768022103969E-003
         104  -1.5692068661966116        1.3893445717843159E-002   4.2977554195732688E-003
         105  -1.5099919871657250        1.6702006378353007E-002   3.3327997111371071E-003
         106  -1.4514628153655849        1.7059138269103925E-002  -1.6536718825582164E-003
         107  -1.3934758198370216        1.6095242913724959E-002  -4.9274673077504385E-004
         108  -1.3358660678515688        1.6916274487648847E-002   2.8483806609206955E-003
         109  -1.2814782901154611        1.8360463304992351E-002   1.5437273812099344E-003
         110  -1.2623735612847597        1.8530925128835432E-002   1.6574293872971335E-004
         111  -1.2405912744827632        1.8376603799152739E-002  -1.5572683204326315E-003
         112  -1.2164048258493885        1.7772751851573159E-002  -3.2816149201560637E-003
         113  -1.1898820125981227        1.6695635432426609E-002  -4.5595476664715964E-003
         114  -1.1611011068309824        1.5276956326917401E-002  -4.9267856906751581E-003
         115  -1.1322924939046231        1.3921276095210737E-002  -4.1180920117343455E-003
         116  -1.1014061865775426        1.2920437335823305E-002  -2.0672452858245252E-003
         117  -1.0683628681679314        1.2718795580954661E-002   9.3539329291113314E-004
         118  -1.0259035050715317        1.3914771173477655E-002   4.3157730926453534E-003
         119 -0.97352386383175327        1.6524712013321181E-002   4.5462143999622107E-003
         120 -0.91986597669049563        1.7903549821140272E-002   1.7290653321174170E-005
         121 -0.86464169042847561        1.6570992089044952E-002  -4.0885003139204618E-003
         122 -0.80819948029943312        1.4309144896856930E-002  -2.8687682684489292E-003
         123 -0.75064007393708843        1.3808714266458777E-002   1.0417044647675928E-003
         124 -0.69179760075575658        1.4895442886987117E-002   1.8088582772634674E-003
         125 -0.63184819602294229        1.5346028927333749E-002  -4.1144908191590129E-004
         126 -0.57073112476688603        1.4811814767468429E-002  -7.3088450437046998E-004
         127 -0.50864772915818290        1.4847925858348095E-002   7.0050403648073533E-004
         128 -0.44522532074428078        1.4990768414627870E-002  -9.1967065537416882E-004
         129 -0.38081365364219943        1.3441094062364711E-002  -3.1813440812433068E-003
         130 -0.31507730445559629        1.2286740824537321E-002   8.2132623534520160E-004
         131 -0.24815366849418186        1.4815615415496858E-002   5.5544409645049047E-003
         132 -0.17986565662164866        1.7591456879715955E-002   8.8463418941969426E-004
         133 -0.11028188113456718        1.5618881146149066E-002  -5.1800236921704657E-003
         134  -3.8881557471838281E-002   1.3034336004344858E-002  -2.2128785559049615E-004
         135   3.4031729537861127E-002   1.5464845588293294E-002   5.0053790690859218E-003
         136  0.10862285604316628        1.7150631892682826E-002  -1.8278865957342162E-003
         137  0.18523337195155679        1.4124931567570855E-002  -3.1839501250431794E-003
         138  0.25381709368270888        1.4484889215309122E-002   3.7751091425683482E-003
         139  0.32095119857049859        1.6686635277122747E-002   6.7817072180546248E-004
         140  0.38811620356492765        1.5130013976295299E-002  -3.3856204130974037E-003
         141  0.45544245954823509        1.5148482678717757E-002   4.4075081998689427E-003
         142  0.52255783105693387        1.9157980736538505E-002   4.3082824653032491E-003
         143  0.58967590028143901        1.8394666904453277E-002  -6.0542060036274320E-003
         144  0.65652669672548203        1.4240350130191539E-002  -3.4510593699103660E-003
         145  0.72292739560070962        1.4657485376413738E-002   3.2651661026637719E-003
         146  0.78246533389956630        1.6111466149041014E-002   6.8162771037825099E-004
         147  0.84163402999294878        1.5898592840001058E-002  -3.4459443639096388E-004
         148  0.90100696004597880        1.6407956415802970E-002   1.6547657037905615E-003
         149  0.96040688623119286        1.6673106768737914E-002  -1.6594521140447581E-003
         150   1.0200780302668191        1.4635663938374902E-002  -3.7366063549044296E-003
         151   1.0797996413899489        1.3822846039501367E-002   1.6377882932698397E-003
         152   1.1395384839917757        1.5682031574679848E-002   2.8001738184456702E-003
         153   1.1993706889460256        1.5758194004566694E-002  -2.5536439915305083E-003
         154   1.2593999796668289        1.3982677619669086E-002  -1.6760093055754734E-003
         155   1.3195225520558813        1.4570273749597311E-002   3.0490206397967663E-003
         156   1.3796882402333066        1.6200088106281551E-002   1.1366687195840249E-003
         157   1.4400892344068374        1.5691380375285061E-002  -2.1416525351590776E-003
         158   1.5003844022168589        1.4505354785949925E-002  -1.3498482728153943E-003
         159   1.5609268892210977        1.3903842804830020E-002  -8.1222815412203134E-004
         160   1.6215390812974089        1.3760562600769877E-002   9.5474636367962637E-004
         161   1.6822939174992693        1.5561925695564832E-002   4.5559935450245719E-003
         162   1.7431470475841153        1.8116632418705026E-002   2.4263327993780661E-003
         163   1.8041062614340053        1.7905404900809812E-002  -2.6239550555805817E-003
         164   1.8651127671227667        1.6133578247577367E-002  -2.1794678947790382E-003
         165   1.9262641727942149        1.5360198611593880E-002  -8.0918971515501993E-004
         166   1.9875462983510903        1.4665969769847513E-002  -1.1988121429179828E-003
         167   2.0489623175650062        1.4691947575384138E-002   1.8194637228196547E-003
         168   2.1103686614497446        1.6550836656801182E-002   3.0089414331353026E-003
         169   2.1720229637053521        1.7179531647217128E-002  -1.2089842536876290E-003
         170   2.2336910178073617        1.6112856410160047E-002  -8.2613206934273754E-004
         171   2.2954748760052195        1.6966886356633220E-002   3.0376232265116607E-003
         172   2.3574322233520539        1.8441325016030061E-002   5.9173774153633196E-004
         173   2.4193121751540474        1.7731775039266064E-002  -1.8529126738989375E-003
         174   2.4815289688663094        1.7374949190581915E-002   1.0502281805821329E-003
         175   2.5436743174390832        1.8352597853969803E-002   1.0854506135662082E-003
         176   2.6060803124306435        1.8135051140267068E-002  -1.5718593541545326E-003
         177   2.6684171849766023        1.6920243494451995E-002  -2.0134222290606983E-003
         178   2.7310800142971909        1.5457464970540491E-002  -2.6412659999339675E-003
         179   2.7937358644479793        1.4133226471348133E-002  -6.0958605294310960E-004
         180   2.8562968868100542        1.5326887873980495E-002   3.9013602106132772E-003
         181   2.9138149046971340        1.7314969983715713E-002   1.5612836139189861E-003
         182   2.9631356042231993        1.6813728579343747E-002  -3.2769253627900757E-003
         183   3.0042041357932323        1.5136130252704013E-002  -4.0868350330695398E-003
         184   3.0367493345707786        1.3994522134638665E-002  -2.6685819020399837E-003
         185   3.0606054996491037        1.3472741302115102E-002  -1.7289234480952998E-003
         186   3.0755677603617948        1.3227031233048246E-002  -1.5617193143233439E-003
         187   3.0813938046815545        1.3133352043937802E-002  -1.6055070454680249E-003
         188   3.0778827727492923        1.3190101936906649E-002  -1.5718276750793987E-003
         189   3.0648474694606680        1.3400038751224048E-002  -1.6415567829009300E-003
         190   3.0420245099709122        1.3858053170866663E-002  -2.4134214416282555E-003
         191   3.0091268389074659        1.4934719742844918E-002  -3.9404169773117285E-003
         192   2.9727094455573986        1.6465866407543248E-002  -3.8224600236621237E-003
         193   2.9556133769412640        1.7043775443616658E-002  -2.7089195164690487E-003
         194   2.9309025077504161        1.7430584016680975E-002  -2.5674947641314333E-004
         195   2.8976407361683125        1.6934096362061814E-002   2.9902005760021524E-003
         196   2.8545021453535999        1.5256109968528043E-002   3.8411191202789492E-003
         197   2.8024440678244558        1.4109121097189080E-002   7.6688501935731146E-005
         198   2.7451069357860556        1.5078120425155904E-002  -2.6372992139564147E-003
         199   2.6831164318475498        1.6614065152524535E-002  -2.0892211703379118E-003
         200   2.6170118188807452        1.7946681898697931E-002  -1.7946737073564350E-003
         201   2.5453200051778127        1.8370218909838601E-002   1.0167163099688346E-003
         202   2.4370665158073992        1.7437756336227454E-002  -1.3151248540575801E-003
         203   2.3313280137312908        1.8036552895299911E-002   2.3636562802188499E-003
         204   2.2296922028137529        1.6151786959635379E-002  -1.0817753774228587E-003
         205   2.1332219412834572        1.7109643265505143E-002   1.6637290650566195E-003
         206   2.0429315687958205        1.4592033341019215E-002   1.4314802719989752E-003
         207   1.9592685323659904        1.5029487645709928E-002  -1.1964749907551839E-003
         208   1.8811770218806014        1.5828694967850759E-002  -1.5562965134576843E-003
         209   1.8065111430708869        1.7839860515141932E-002  -2.7259810945755112E-003
         210   1.7346030200785079        1.7873475519933360E-002   3.1467100161902688E-003
         211   1.6650223726196434        1.4819693129105143E-002   3.8038486040571054E-003
         212   1.5972053580335632        1.3681049774880299E-002  -2.0734892132827907E-004
         213   1.5306213716600143        1.4168199660594500E-002  -9.1577366963900976E-004
         214   1.4643848800681181        1.5149217023546603E-002  -2.1205628560573993E-003
         215   1.3980405211221909        1.6284273387616073E-002  -2.2406492859233611E-004
         216   1.3308990228758495        1.4939485051092705E-002   3.2697077033691487E-003
         217   1.2620712726041365        1.3940172831905615E-002  -1.4467000369118284E-003
         218   1.1908953218736062        1.5952526029341507E-002  -1.9241488113168127E-003
         219   1.1164301170832143        1.4902642936393868E-002   3.5675896675446050E-003
         220   1.0380417418481001        1.4044097341738906E-002  -2.5993932507835985E-003
         221  0.95465800620200447        1.6755993382195921E-002  -1.1709487768068029E-003
         222  0.87206892295930483        1.5988992397205717E-002   9.7187549924780919E-004
         223  0.79937073489694110        1.6144155474487769E-002  -2.3985634993488737E-004
         224  0.72636526863375672        1.4772704651421003E-002   3.3099940818613221E-003
         225  0.65362165858408139        1.4348274505811330E-002  -3.8417785278485454E-003
         226  0.60122348411660398        1.7630174509852298E-002  -6.8528679791440969E-003
         227  0.57647365716351517        1.9112219039735007E-002  -4.5174649781198825E-003
         228  0.54651093198421408        1.9761375213211575E-002   4.6166476930450712E-004
         229  0.51118828816235740        1.8579416016146592E-002   5.6075673265152844E-003
         230  0.47099463377021600        1.5978371960374219E-002   5.9502516367701845E-003
         231  0.42583386197434059        1.4421106716181947E-002   3.2426964983453261E-004
         232  0.37599764364346622        1.5567604778525833E-002  -3.6144424918552395E-003
         233  0.32161904021360999        1.6690988616685120E-002   6.0189557952661059E-004
         234  0.26300146857410051        1.4856484692405235E-002   4.1254341246663804E-003
         235  0.20019872196904362        1.3751664724445707E-002  -1.6527288604669551E-003
         236  0.13341490591342553        1.6383220005209483E-002  -4.0390317596304204E-003
         237   6.3134288063022154E-002   1.6759262663116305E-002   3.3615582095754219E-003
         238  -1.0790726255172550E-002   1.3443805363708664E-002   2.9744846310764774E-003
         239  -8.7747019615257646E-002   1.4444166083141143E-002  -4.8219234474832723E-003
         240 -0.16784111225511722        1.7610498764861923E-002  -5.7418346654616414E-004
         241 -0.25038704281051927        1.4689534069098910E-002   5.5280568543166642E-003
         242 -0.33537704664434170        1.2317701211500848E-002  -1.0665137255899322E-003
         243 -0.39802028618913526        1.3991327996204986E-002  -3.0156017229496356E-003
         244 -0.45389931539570910        1.5052777756459758E-002  -4.8967193372775235E-004
         245 -0.52116812716910788        1.4767732890208760E-002   5.3441189636777530E-004
         246 -0.59729383966778304        1.5062016518607325E-002  -1.0192770990433446E-003
         247 -0.67975753473195433        1.5096631129544409E-002   1.4519558537230289E-003
         248 -0.76644781736960121        1.3714213897640588E-002   9.2864728204922480E-005
         249 -0.85451359256692216        1.6136665703926849E-002  -4.2974930637405427E-003
         250 -0.94172420339510399        1.7654965061979354E-002   2.1897281162554108E-003
         251  -1.0276671952576171        1.3838119635885156E-002   4.2166786838273348E-003
         252  -1.1144866616558839        1.3264118868720335E-002  -3.0642595128143628E-003
         253  -1.1917067466437443        1.6779821657348461E-002  -4.4982973215372266E-003
         254  -1.2690063000582215        1.8502519165299755E-002   6.7162871684304138E-004
         255  -1.3464210787981219        1.6627024592589766E-002   2.5010054135918025E-003
         256  -1.4239257983717970        1.6511134047110507E-002  -1.9529886508981107E-003
         257  -1.5015409214747053        1.6955158186055811E-002   2.5367930773512615E-003
         258  -1.5791602552153117        1.3499456375287180E-002   3.4304812816121884E-003
         259  -1.6568494993966187        1.4402469181680045E-002  -4.6202826388367386E-003
         260  -1.7346803839538043        1.6142903022236282E-002   2.1535685497596330E-003
         261  -1.8125236660370092        1.3500341373365260E-002   9.1890752014527901E-004
         262  -1.8905362583646608        1.6553832510552372E-002  -6.1170063647649478E-003
         263  -1.9685245057051630        1.8326385525372441E-002   2.3076034182060636E-003
         264  -2.0797882149850540        1.6174464608325400E-002  -4.0058561542910304E-004
         265  -2.1799832768662548        1.4155849099906524E-002   3.9127215463690117E-003
         266  -2.2698360660910635        1.4331204742566297E-002  -4.5142747931230173E-003
         267  -2.3522590206945955        1.6231220278784538E-002   2.3339311998166285E-003
         268  -2.4295480830575111        1.3601304899410535E-002   8.1660214050269437E-004
         269  -2.5045101086315928        1.6052700460021243E-002  -4.6862624083580454E-003
         270  -2.5798857363239742        1.6883483645487540E-002   2.3550261890451988E-003
         271  -2.6587289450048197        1.6330605210577640E-002  -2.8355146006932403E-003
         272  -2.7438041026720588        1.8525041294231357E-002   1.4242984370111164E-003
         273  -2.8374247467923865        1.4966701870630265E-002   6.5845288188136493E-004
         274  -2.9062312507444594        1.7419580173697907E-002  -4.9247664102412807E-003
         275  -2.9512015176069823        1.8355834128558478E-002   1.8621924361682605E-003
         276  -2.9714320861139689        1.7567832157672356E-002   5.6911639179372487E-003
         277  -2.9662232892893292        1.7845601179389749E-002   4.7686078961225340E-003
         278  -2.9347973492289290        1.8400129355665477E-002  -1.2749660174773776E-003
         279  -2.8763131290652924        1.5851163818910295E-002  -4.6252990994269227E-003
         280  -2.7953147417612660        1.6410265670047153E-002   5.1424676496484075E-003
         281  -2.7119999042651544        1.8289174221813326E-002  -2.6638761456528018E-003
         282  -2.6287340219328335        1.5925478528372384E-002   2.7665236376756610E-004
         283  -2.5454257949837600        1.7263938493446731E-002  -6.5037508047243657E-004
         284  -2.4619041162898596        1.4053293291653477E-002  -3.3939154695576592E-003
         285  -2.3783591694743560        1.5303071837544599E-002   4.2694739431246220E-003
         286  -2.2858577521213825        1.5091241596284907E-002  -4.6340547244606298E-003
         287  -2.1873007102984618        1.3874554118975365E-002   3.6069455047016419E-003
         288  -2.0901827646074724        1.6213248111022021E-002  -2.8654580511067152E-004
         289  -1.9946950167498183        1.7509547714330075E-002   3.4615842085164083E-003
         290  -1.9007844651458019        1.7166508653908480E-002  -5.5575049336941624E-003
         291  -1.8082552932259941        1.3552969509212882E-002   1.4967299457309116E-003
         292  -1.7172231862167091        1.6335475875414611E-002  -4.1184985902851211E-005
         293  -1.6276704350518612        1.3266285242695108E-002  -2.5823311053537103E-003
         294  -1.5394669811506769        1.5386931802640473E-002   5.0884378787908521E-003
         295  -1.4525508207337685        1.7077195359931033E-002  -1.6047774104908275E-003
         296  -1.3670081999794572        1.6213069139621748E-002   1.3619359318347039E-003
         297  -1.2826070502837525        1.8342298810692013E-002   1.6157815769449820E-003
         298  -1.1992873801560968        1.7116062705532606E-002  -4.1990592281846663E-003
         299  -1.1069036803761494        1.3048612593085568E-002  -2.5061717789826021E-003
         300  -1.0026236262495711        1.5051585740347057E-002   5.1023649737336699E-003
         301 -0.91340454848894659        1.7883320297422005E-002  -6.2960392177220811E-004
         302 -0.83277043196902811        1.5193903762210588E-002  -4.0662432043341804E-003
         303 -0.82239512809283355        1.4784090482003152E-002  -3.6611996750050223E-003
         304 -0.79464720413165923        1.3975854096205304E-002  -1.9403806410568146E-003
         305 -0.74599842432273844        1.3863476579580850E-002   1.2705680788311217E-003
         306 -0.67572177611023398        1.5153399394177806E-002   1.3082227648042301E-003
         307 -0.58565267261090159        1.4942991103264245E-002  -9.6706718688382358E-004
         308 -0.49714297478877523        1.4932469304006889E-002   7.1894622761409439E-004
         309 -0.40021070679476156        1.4058011262342549E-002  -2.9610810425210001E-003
         310 -0.29786944066137372        1.2581166188999720E-002   2.5300300370019566E-003
         311 -0.19344545276833996        1.7358506887636276E-002   2.4590207262750376E-003
         312  -9.0354894021824284E-002   1.4573776591864642E-002  -4.9342910567989453E-003
         313  -5.6223883951754565E-003   1.3613301234825258E-002   3.4567886443512448E-003
         314   8.0624012726436184E-002   1.7199717884220356E-002   1.5090748495125927E-003
         315  0.16946217321530863        1.4733192886173961E-002  -4.2824092739091246E-003
         316  0.26106737576823913        1.4775708223990686E-002   4.0736046241014786E-003
         317  0.35579380556032314        1.6255520596812317E-002  -2.8463532961561606E-003
         318  0.45421233563673058        1.5094186701626947E-002   4.2576118223231979E-003
         319  0.54204740064509671        1.9722491427495992E-002   1.2464650894368874E-003
         320  0.62719548322832663        1.5791424891247595E-002  -6.5744230888531343E-003
         321  0.71259662837652593        1.4329622669723083E-002   2.9108048186179411E-003
         322  0.79781933088413903        1.6147417131596415E-002  -1.7222734138665224E-004
         323  0.88316412174278736        1.6123270785761670E-002   1.3820621672137668E-003
         324  0.96861399626023981        1.6505885958540144E-002  -2.3336424706139254E-003
         325   1.0541376989853455        1.3740061291146927E-002  -1.0509826639631874E-003
         326   1.1432086121170904        1.5782088014553962E-002   2.5476615961435196E-003
         327   1.2465382154328237        1.4267503247411472E-002  -2.6231510488166085E-003
         328   1.3401454213777015        1.5246435312004229E-002   3.2140997199917266E-003
         329   1.4342095246670392        1.5816471160479684E-002  -2.0269159282638276E-003
         330   1.5298983289331547        1.4174963869213551E-002  -9.2082307611858027E-004
         331   1.6152879019235267        1.3711347854675541E-002   5.9705843216838889E-004
         332   1.7006708799587151        1.6443036568804296E-002   4.7374948956182446E-003
         333   1.7862614489588249        1.8291614249489194E-002  -1.5317668996285417E-003
         334   1.8717309121601839        1.5995512663514354E-002  -1.9166518435259382E-003
         335   1.9573263631311717        1.5052930204222640E-002  -1.1732248961586497E-003
         336   2.0430727015266261        1.4594098631204502E-002   1.4406858564888247E-003
         337   2.1288609296559988        1.7028751764987367E-002   1.9753568542806459E-003
         338   2.2147387965994771        1.6376861643027658E-002  -1.8057477445570286E-003
         339   2.3006354296878988        1.7128844097247575E-002   3.1147976268933158E-003
         340   2.3866527251449803        1.8315111662254743E-002  -1.3063375835032347E-003
         341   2.4725704123089081        1.7298855556222677E-002   6.0568757710969319E-004
         342   2.5586167661149428        1.8467200210293473E-002   4.0071705143710011E-004
         343   2.6448135004242745        1.7400866553340728E-002  -1.9912932706233526E-003
         344   2.6614442500934099        1.7062731344533382E-002  -2.0007651370449716E-003
         345   2.7225503668527700        1.5684054462059682E-002  -2.5675794105579556E-003
         346   2.8154209120416254        1.4191462137960565E-002   1.1771358611597340E-003
         347   2.8980324173254606        1.6945969987334431E-002   2.9611789804612071E-003
         348   2.8787552122148350        1.6251450402254574E-002   3.9605649923042784E-003
         349   2.7957259780525563        1.4122393051334583E-002  -4.5860507151883442E-004
         350   2.7054970664351399        1.6111356994994878E-002  -2.3441757045441517E-003
         351   2.6153089604093127        1.7977570855765318E-002  -1.7665613568865974E-003
         352   2.5250168825027353        1.8084513966637728E-002   1.6683665497933269E-003
         353   2.4348508867468768        1.7468497560638421E-002  -1.4081791947007946E-003
         354   2.3445252894630557        1.8300875843951413E-002   1.5346219705363272E-003
         355   2.2540387597329730        1.6094765211832437E-002   6.9004357504241754E-004
         356   2.1636798057174946        1.7260186662625413E-002  -6.7322144929684788E-004
         357   2.0731337815133766        1.5307543824205317E-002   3.0688165622491099E-003
         358   1.9826227003881320        1.4727729804555022E-002  -1.2591667490399476E-003
         359   1.8920434644726509        1.5676795771362717E-002  -1.2025437869208891E-003
         360   1.8015262962557197        1.7972785719691069E-002  -2.5019164144060475E-003
         361   1.7107679774088524        1.6920952476329392E-002   4.5175999454219375E-003
         362   1.6200764235017850        1.3746986178220469E-002   8.6787260992646697E-004
         363   1.5294215782279983        1.4179443839584513E-002  -9.2428027595696624E-004
         364   1.4385510934988288        1.5724742573063544E-002  -2.1166827735318722E-003
         365   1.3477562512141452        1.5488859566048120E-002   3.0188175905988567E-003
         366   1.2568827344471201        1.4028325976053911E-002  -1.8833973362462329E-003
         367   1.1659302243165621        1.6145758873823440E-002   4.8500765374107703E-004
         368   1.0749897761373552        1.3754017935147212E-002   1.1668683820087466E-003
         369  0.98397860237836565        1.6053496828479900E-002  -3.3870816667334407E-003
         370  0.94975392643369250        1.6804103469027186E-002  -7.5643092214800704E-004
         371  0.85591811068083457        1.5888794163467262E-002   2.3776006700520829E-004
         372  0.74188328002732595        1.5287515625362000E-002   3.0964892808555441E-003
         373  0.65022730663632999        1.4488802255510027E-002  -4.2838375046461569E-003
         374  0.55845103243541983        1.9688551224039785E-002  -1.6528142671617375E-003
         375  0.46672473582221363        1.5726960686305153E-002   5.6007269568268568E-003
         376  0.37492243778050849        1.5607162782628442E-002  -3.6087479080920970E-003
         377  0.28298571941984846        1.5700323646847390E-002   3.9492652987875498E-003
         378  0.19115382752546231        1.3949497327277963E-002  -2.6227496582767224E-003
         379   9.9206374242861620E-002   1.7274075947388150E-002  -7.3286548201071593E-004
         380   7.1610192133985508E-003   1.4129459825882066E-002   4.4091976598066738E-003
         381  -8.4796230072746642E-002   1.4301403766450520E-002  -4.6735183885309641E-003
         382 -0.17688724213293006        1.7612837588028236E-002   5.2440718682666336E-004
         383 -0.26905746241461809        1.3690769876794585E-002   4.8422499781721811E-003
         384 -0.36112361402274812        1.2837334276965073E-002  -2.7175882206810897E-003
         385 -0.45324952398642493        1.5049434636826288E-002  -5.2060365911966804E-004
         386 -0.54551101723244111        1.4705030304889856E-002  -6.9483117800509106E-005
         387 -0.64221172368895885        1.5370571214522868E-002  -4.3358320276480752E-005
         388 -0.70349676587150067        1.4665818303541561E-002   2.0194401296141648E-003
         389 -0.80170926840261136        1.4133518854091903E-002  -2.4389773069805527E-003
         390 -0.88506881421422900        1.7328651518522944E-002  -3.0670347225806903E-003
         391 -0.97756065759016231        1.6333963211429704E-002   4.7265035797749069E-003
         392  -1.0926948106528556        1.2769641856809700E-002  -1.3226313140125945E-003
         393  -1.1892763978389995        1.6667450470199019E-002  -4.5789243275093736E-003
         394  -1.2818914467568416        1.8353912040707611E-002   1.5702499141274316E-003
         395  -1.3745465405951967        1.6128156598522899E-002   8.4436631105851416E-004
         396  -1.4672338579777897        1.7254728977202378E-002  -6.9518460510783336E-004
         397  -1.5599203103521069        1.4328162919310251E-002   4.8494840017780398E-003
         398  -1.6527955284968197        1.4213840188817843E-002  -4.5056849544828654E-003
         399  -1.7456620023826388        1.5837206388418238E-002   3.2618578855875811E-003
         400  -1.8385311449849111        1.3758186213021318E-002  -2.8659082814145448E-003
         401  -1.9133561638710015        1.7808947136926850E-002  -4.4001653292457688E-003
         402  -2.0060360421973997        1.7115128187603242E-002   3.3063782411718642E-003
         403  -2.0993866538468877        1.6226611100800623E-002   3.3973952730368849E-005
         404  -2.1927810591239307        1.3682214977158517E-002   3.2690846699916145E-003
         405  -2.2862612160464266        1.5110264566362934E-002  -4.6241502954338628E-003
         406  -2.3797308799532773        1.5243175522111871E-002   4.3028474415020140E-003
         407  -2.4732388710975335        1.4506527476987701E-002  -4.3898537571899453E-003
         408  -2.5667828097599217        1.7150661064109809E-002   1.5576099601829147E-003
         409  -2.6604157973335703        1.6380550049219067E-002  -2.9770271854105005E-003
         410  -2.7539844935416564        1.8305954530855168E-002   2.7779893037752136E-003
         411  -2.8476511066254231        1.4982493932286517E-002  -9.6146480478233667E-004
         412  -2.8284464857269938        1.5090200825988512E-002   2.0244902974738735E-003
         413  -2.7329541051529684        1.8598532639599263E-002  -9.4204182140823550E-005
         414  -2.6373429400504786        1.5941541821245221E-002  -6.5086984919664648E-004
         415  -2.5418662314409386        1.7232689884669600E-002  -1.0741790698283460E-003
         416  -2.4463224834823785        1.3659261572846363E-002  -1.4938503069607091E-003
         417  -2.3507095841783272        1.6266655557550500E-002   2.1556979627523941E-003
         418  -2.2551309583446137        1.3716090170858019E-002  -3.5797737409630423E-003
         419  -2.1595331244272820        1.4989206819287285E-002   3.8763786535456891E-003
         420  -2.0639179322991823        1.6129334747268347E-002  -5.7992773566543975E-005
         421  -1.9682375061259374        1.8333095214621946E-002   2.2833003764452693E-003
         422  -1.8802236284813052        1.5899467087662666E-002  -6.2706845728043884E-003
         423  -1.7700371927895675        1.4849434662133195E-002   4.3288214168163627E-003
         424  -1.6716902434580305        1.5103234362731892E-002  -4.5126546643148016E-003
         425  -1.5762344715796022        1.3605941710873690E-002   3.7123541596793459E-003
         426  -1.4807112603810144        1.7272992409683188E-002   4.7060492662067175E-004
         427  -1.3852604475340120        1.6077704176849849E-002   7.8989320595845890E-005
         428  -1.2897871131198344        1.8208225025499979E-002   2.0405867685133914E-003
         429  -1.1941571594527329        1.6891003198465624E-002  -4.4093701937897847E-003
         430  -1.0985527422863628        1.2863795140503460E-002  -1.8294193334274602E-003
         431  -1.0029724310058226        1.5033462072672204E-002   5.0983678320368174E-003
         432 -0.90737100198886178        1.7826514422596137E-002  -1.2151933337495905E-003
         433 -0.81174796201800492        1.4416837323962721E-002  -3.0882111987504714E-003
         434 -0.71610439005292237        1.4401746010179926E-002   2.0581832288368782E-003
         435 -0.62044053217642015        1.5278628215126207E-002  -7.3153998466288456E-004
         436 -0.52471284779692584        1.4749670969667252E-002   4.6463070910458164E-004
         437 -0.42904778858586029        1.4769679622935105E-002  -1.7639741681240821E-003
         438 -0.33323925541982080        1.2296438889548395E-002  -8.8538560759062021E-004
         439 -0.23749163059102915        1.5418804116084412E-002   5.5051217290558209E-003
         440 -0.14133393818625375        1.7047532508462058E-002  -3.4617516572915006E-003
         441  -4.0186761834454625E-002   1.3038328536001540E-002  -3.7922621850249093E-004
         442   5.5432885262008437E-002   1.6469512250188438E-002   4.0041608145697143E-003
         443  0.15111439629183906        1.5585022744382615E-002  -4.6598589405404079E-003
         444  0.24678178742146667        1.4229219475872192E-002   3.3375658302380496E-003
         445  0.34247428307693228        1.6568625706638675E-002  -1.7027014644723443E-003
         446  0.43815586244963228        1.4571482469399650E-002   2.0806431561864935E-003
         447  0.53400063186496372        1.9564027658851041E-002   2.6042617232316552E-003
         448  0.62973143505018003        1.5623772521893932E-002  -6.4013451937318215E-003
         449  0.72555331724138150        1.4745359248860980E-002   3.3026229088910660E-003
         450  0.82136628455403526        1.6019730379601291E-002  -7.1392642053796245E-004
         451  0.92114996858893194        1.6714151732086301E-002   1.1848967470831928E-003
         452   1.0168237947036374        1.4761536843753540E-002  -3.8535461332669433E-003
         453   1.1126146396426897        1.4764356489883878E-002   3.5413221212165181E-003
         454   1.2083732028231762        1.5500064440333654E-002  -3.0422401372742647E-003
         455   1.3041874053979114        1.4148247714129012E-002   2.2681367462040599E-003
         456   1.4000006347224272        1.6278426685419775E-002  -3.6111380573337166E-004
         457   1.4958669582312483        1.4569738396339666E-002  -1.4496473523444374E-003
         458   1.5909937067058422        1.3700438085771838E-002  -3.9829532589795284E-004
         459   1.6904048479619322        1.5946246709076239E-002   4.7251972196988949E-003
         460   1.7862183244039422        1.8292285500804160E-002  -1.5284849009365214E-003
         461   1.8820605607007990        1.5814827339412901E-002  -1.5245522201543641E-003
         462   1.9778954436790392        1.4789190528825179E-002  -1.2891927825496338E-003
         463   2.0737809742231192        1.5327847583332502E-002   3.0913745195771825E-003
         464   2.1718750371308051        1.7181346859485344E-002  -1.2003618506539731E-003
         465   2.2677053611976166        1.6263171705551190E-002   1.7102600934569864E-003
         466   2.3635816297595449        1.8464098983959648E-002   1.3703855101992134E-004
         467   2.4594796777732517        1.7266553903417019E-002  -1.3090704649681016E-004
         468   2.5571341541464627        1.8460600857228424E-002   4.7313821597253284E-004
         469   2.6529960944433642        1.7234659792111973E-002  -1.9960554100145033E-003
         470   2.7488990986574326        1.4976911758326160E-002  -2.5999830275182795E-003
         471   2.8448354769378978        1.4898269898860289E-002   3.3943624618715555E-003
         472   2.7590143726438452        1.4717727518049950E-002  -2.4076169706233673E-003
         473   2.6624488180178170        1.7042255711971509E-002  -2.0019238347595636E-003
         474   2.5658656657757017        1.8483570268924738E-002   4.2006536080424440E-005
         475   2.4692649159175106        1.7281465738164484E-002   4.2611013196354930E-004
         476   2.3726465684432374        1.8446969468851673E-002  -4.9807491194070420E-004
         477   2.2760106233528776        1.6431080175782035E-002   2.2442080143948587E-003
         478   2.1793570806464406        1.7074407299177322E-002  -1.5894092029962782E-003
         479   2.0826859403239171        1.5619942384956217E-002   3.3243207639215198E-003
         480   1.9859972023853176        1.4685064316346459E-002  -1.2211337441009247E-003
         481   1.8892908668306363        1.5711637138132353E-002  -1.2838053539042809E-003
         482   1.7925669336598684        1.8178460546422127E-002  -1.9811661694868555E-003
         483   1.6958254028730242        1.6208406391534605E-002   4.7608905114387024E-003
         484   1.5990662744700928        1.3677736097548894E-002  -1.4162102725308128E-004
         485   1.5022895484510854        1.4479551844891534E-002  -1.3097318904220366E-003
         486   1.4054952248159960        1.6247823635284042E-002  -7.2780588743368089E-004
         487   1.3086833035648195        1.4258726259249897E-002   2.5499824934995799E-003
         488   1.2118537846975674        1.5389765654870876E-002  -3.1743364456930613E-003
         489   1.1150066682142281        1.4850939443076630E-002   3.5630478885311226E-003
         490   1.0181419541148122        1.4710095635453018E-002  -3.8097514618010129E-003
         491  0.92125964239931513        1.6715473355219113E-002   1.1799836751373465E-003
         492  0.82435973306773103        1.5998055796975108E-002  -7.0489379521388915E-004
         493  0.72744222612007037        1.4809058989706350E-002   3.3167424511009506E-003
         494  0.63050712155632305        1.5573426159170674E-002  -6.3438344735068583E-003
         495  0.53355441937649950        1.9552031633151279E-002   2.6764229400509203E-003
         496  0.43658411958058890        1.4539975106413475E-002   1.8551400188264277E-003
         497  0.33959622216860191        1.6614271802553020E-002  -1.4092201131332921E-003
         498  0.24259072714053356        1.4093482888649381E-002   3.0142521848681480E-003
         499  0.14556763449637808        1.5846112538673542E-002  -4.5669908214696145E-003
         500   4.8526944236141061E-002   1.6171044495240795E-002   4.4619872824032472E-003
         501  -4.8531343640172218E-002   1.3113108838577294E-002  -1.3749592641312011E-003
         502 -0.14560722913256707        1.7189558803205572E-002  -3.0587117854395099E-003
         503 -0.24270071224104361        1.5124783674404512E-002   5.5656807293305351E-003
         504 -0.33981179296560171        1.2374046911939385E-002  -1.4239230271101012E-003
         505 -0.43694047130625208        1.4894994659496529E-002  -1.3519310208458001E-003
         506 -0.53408674726297356        1.4715475056367406E-002   2.4396530615690003E-004
         507 -0.63125062083577643        1.5343465274468089E-002  -4.3067301383858405E-004
         508 -0.72843209202466086        1.4151960567098623E-002   1.8844335494490323E-003
         509 -0.82563116082962695        1.4907193166003392E-002  -3.8054324767155365E-003
         510 -0.92284782725068548        1.7898440882791217E-002   3.1930791256253531E-004
         511  -1.0200820912878146        1.4179574301681082E-002   4.6062584628617960E-003
         512  -1.1173339529410260        1.3355818883272313E-002  -3.2581105762013061E-003
         513  -1.2146034122103182        1.7711517872994478E-002  -3.3923574639173597E-003
         514  -1.3118904690956925        1.7638706718040537E-002   2.8907914840888582E-003
         515  -1.4091951235971589        1.6252582861462736E-002  -1.4247434317385978E-003
         516  -1.5065173757146966        1.6814372263143237E-002   3.0144247955576371E-003
         517  -1.6038572254483150        1.2995228636548412E-002   4.3818003544494498E-004
         518  -1.7012146727980160        1.6158935635043708E-002  -2.0893384044113599E-003
         519  -1.7985897177637977        1.3759520530020058E-002   2.6613114394492482E-003
         520  -1.8959823603456727        1.6886758920815186E-002  -5.8674389770149785E-003
         521  -1.9933926005436180        1.7555435025719292E-002   3.4552845459751686E-003
         522  -2.0908204383576452        1.6215058347731647E-002  -2.7075458286796202E-004
         523  -2.1882658737877532        1.3839353739419457E-002   3.5540564305123336E-003
         524  -2.2857289068339437        1.5085154113764829E-002  -4.6370863788229039E-003
         525  -2.3832095374962257        1.5089674900991929E-002   4.3530990258290221E-003
         526  -2.4807077657745800        1.4857604186990666E-002  -4.8050999245168851E-003
         527  -2.5782235916690142        1.6922776107287010E-002   2.2849734093019569E-003
         528  -2.6757570151795314        1.6926810636382645E-002  -3.8933242310719581E-003
         529  -2.7733080363061293        1.7552206713755028E-002   4.6931390060317027E-003
         530  -2.8295667869414878        1.5068031599058566E-002   1.8605648495479245E-003
         531  -2.7325774981224495        1.8598071163439419E-002  -1.4637172867642585E-004
         532  -2.6355862860043522        1.5931618832284507E-002  -4.5837826752897094E-004
         533  -2.5374918616088187        1.7173159638234726E-002  -1.5976768253257458E-003
         534  -2.4437416077901348        1.3624586391015919E-002  -1.1431612149079293E-003
         535  -2.3469033819142409        1.6341437363254423E-002   1.6975276961390528E-003
         536  -2.2500363393946947        1.3542386228047950E-002  -3.1037292527945673E-003
         537  -2.1531990256401481        1.5231724138205109E-002   3.6249663746996176E-003
         538  -2.0590130337288106        1.6131708944367322E-002   1.6082316968943239E-004
         539  -1.9623319522835279        1.8454378870436744E-002   1.7338064224598267E-003
         540  -1.8656616048830323        1.4997033494562093E-002  -5.7565363084409078E-003
         541  -1.7690022149464908        1.4895082219713715E-002   4.3298738065241345E-003
         542  -1.6723533055948594        1.5133632138597220E-002  -4.4885961050879783E-003
         543  -1.5791116221858952        1.3501155516667123E-002   3.4353323226828819E-003
         544  -1.4826458757350323        1.7261900174663659E-002   6.5566865016624331E-004
         545  -1.3861680400825087        1.6077272506006247E-002   1.4433080618245046E-005
         546  -1.2897561968134037        1.8208866957139323E-002   2.0388924857801076E-003
         547  -1.1933333672199842        1.6853868675853253E-002  -4.4401170827441166E-003
         548  -1.0968665701742217        1.2833602664936753E-002  -1.6859592648938867E-003
         549  -1.0005299857471208        1.5160614745561175E-002   5.1210773570232113E-003
         550 -0.89034661284551231        1.7483504744937844E-002  -2.6867686142550153E-003
         551 -0.81258433458813506        1.4443356276216538E-002  -3.1380728044403537E-003
         552 -0.71635948257021120        1.4396401075354209E-002   2.0567579384008858E-003
         553 -0.62024974324459592        1.5277202077304120E-002  -7.3598549026173765E-004
         554 -0.52409107800913868        1.4752654041827917E-002   4.7748906745804587E-004
         555 -0.42798421971365763        1.4750273715792786E-002  -1.8184581054340387E-003
         556 -0.33193053006645334        1.2285390572756655E-002  -7.7189986980380097E-004
         557 -0.23582338535317773        1.5512070126550460E-002   5.4709561454644928E-003
         558 -0.13977037086286317        1.6991284874622401E-002  -3.6009392536489751E-003
         559  -4.3697433705911545E-002   1.3059459010962478E-002  -8.0197157672009037E-004
         560   5.2320233226265549E-002   1.6338981086433162E-002   4.2253001309957260E-003
         561  0.15372555289768994        1.5460885751445332E-002  -4.6702102583700278E-003
         562  0.23713006680819004        1.3938953461712643E-002   2.5312343599147016E-003
         563  0.33285893021921042        1.6686241487564007E-002  -6.7979255636009712E-004
         564  0.42856593216531219        1.4435448063753414E-002   7.0752151811703562E-004
         565  0.52429260340352446        1.9232034810941798E-002   4.0722706811077806E-003
         566  0.61999910075333797        1.6287703753195028E-002  -6.9330766990167028E-003
         567  0.71568399911072977        1.4423443452880413E-002   3.0516098526674660E-003
         568  0.81126302595434352        1.6089783945349410E-002  -6.1358229779645101E-004
         569  0.90686328532306704        1.6505636231286421E-002   1.6081271760693648E-003
         570   1.0024412200731418        1.5344712135460424E-002  -4.0092548897843125E-003
         571   1.0979973180294480        1.4266984413432514E-002   3.0352890499517017E-003
         572   1.1936210632900295        1.5896044017285327E-002  -2.1423644715417769E-003
         573   1.2890451272903505        1.3886776966961497E-002   1.0661067396632513E-003
         574   1.3846269292603333        1.6247966296630313E-002   7.6613816638981965E-004
         575   1.4801431080002971        1.4831353427377274E-002  -1.8174727213608134E-003
         576   1.5755457730448470        1.3789792143854654E-002  -6.9913300529741268E-004
         577   1.6813676281143199        1.5519074640196006E-002   4.5283670621802698E-003
         578   1.8023160481703981        1.7952510398301254E-002  -2.5406290504024162E-003
         579   1.8501140993283116        1.6509928419589960E-002  -2.7278061276121541E-003
         580   1.9451768693140483        1.5188038473206740E-002  -1.0070434246850235E-003
         581   2.0402136791471150        1.4554863401807080E-002   1.2537632733534178E-003
         582   2.1353213599023624        1.7143558151168362E-002   1.5074890357232276E-003
         583   2.2302597032889238        1.6145631832489935E-002  -1.0468143479265670E-003
         584   2.3252682970970793        1.7881140824945050E-002   2.6618875627177812E-003
         585   2.4201063894046557        1.7716840856441624E-002  -1.8401998623239534E-003
         586   2.5150650094945712        1.7908044287786848E-002   1.7881388337679296E-003
         587   2.6099495314650918        1.8071277939294028E-002  -1.6623899899394924E-003
         588   2.7049072325865846        1.6125407789014560E-002  -2.3360466556789292E-003
         589   2.7996911914042975        1.4110118461824203E-002  -1.4694361989938103E-004
         590   2.8644146050353365        1.5657813113218844E-002   4.0753583165920107E-003
         591   2.7827503607801818        1.4244916969366112E-002  -1.3622598739679501E-003
         592   2.6897689693498412        1.6470539640383881E-002  -2.1494768357652825E-003
         593   2.5967831551611011        1.8271662993966341E-002  -1.3007355948259087E-003
         594   2.5038398432730480        1.7704723907848257E-002   1.7341624901271295E-003
         595   2.4110417474821362        1.7891356521156726E-002  -1.9134573243132693E-003
         596   2.3181838545042952        1.7678959104249742E-002   2.9252257855268710E-003
         597   2.2253872288762677        1.6204791022367323E-002  -1.3308904954722556E-003
         598   2.1327181372245176        1.7101012206620043E-002   1.7006651516517889E-003
         599   2.0400994085860846        1.4553409022437132E-002   1.2462814233877783E-003
         600   1.9385702624794487        1.5252797832700622E-002  -9.1958324388840542E-004
         601   1.8383526921039752        1.6856226356999467E-002  -3.0266585265950070E-003
         602   1.7455917962791503        1.8174313970913684E-002   2.2053708347494951E-003
         603   1.6526746208990941        1.4388021573362551E-002   3.0385361857227875E-003
         604   1.5599448413584669        1.3911986307948727E-002  -8.1607117129505152E-004
         605   1.4670896786367333        1.5091351075380070E-002  -2.0793116653129973E-003
         606   1.3744947841717936        1.6129824573063303E-002   1.5174769143183988E-003
         607   1.2677520239198736        1.3871150159743110E-002  -9.3402867477607469E-004
         608   1.1410521365702480        1.5724429529130085E-002   2.6997417165301580E-003
         609   1.0280886663073519        1.4346349060203276E-002  -3.3265918944207864E-003
         610  0.94067169047217480        1.6839759220065361E-002  -2.5466453302538765E-005
         611  0.88968223669810864        1.6220889713264665E-002   1.5473440072394807E-003
         612  0.84264116775961651        1.5895235245629087E-002  -3.0984774139598912E-004
         613  0.74005862292065261        1.5229421972747036E-002   3.1538244324304165E-003
         614  0.64433200504249455        1.4767966939151217E-002  -5.0027728321840803E-003
         615  0.54555859081828717        1.9756078612855044E-002   6.3025254232546013E-004
         616  0.45340640345844713        1.5059644322329055E-002   4.1576625789959852E-003
         617  0.36110087945334096        1.6092375200496934E-002  -3.1758329006853726E-003
         618  0.26905081509861595        1.5113888401922182E-002   4.2094030892537854E-003
         619  0.17682765961340793        1.4427210481124901E-002  -3.8491571217453310E-003
         620   8.4843869226063989E-002   1.7253874034336272E-002   1.0088804232318725E-003
         621  -7.2049767279896782E-003   1.3558722453211053E-002   3.3143828098760129E-003
         622  -9.9268025408532842E-002   1.5034567298294504E-002  -5.1803008404904998E-003
         623 -0.19110500180556300        1.7414046389688798E-002   2.1993187874368085E-003
         624 -0.28301259553719971        1.3067923670818061E-002   3.8652824238800151E-003
         625 -0.37494901158504806        1.3252582261001950E-002  -3.1195095440472928E-003
         626 -0.46673116226440536        1.5079453956605513E-002   6.0523771450881085E-005
         627 -0.55849223742891496        1.4738513063370125E-002  -4.3347058864006999E-004
         628 -0.65026797148002058        1.5361140979937309E-002   2.7681007416557998E-004
         629 -0.74192449979538400        1.3919991061757614E-002   1.4496331449084879E-003
         630 -0.84519566026059079        1.5726876139605332E-002  -4.3089088004420210E-003
         631 -0.94121992347755412        1.7666090710551766E-002   2.1422416299494507E-003
         632  -1.0343073907554008        1.3566607280137985E-002   3.8010587884272024E-003
         633  -1.1367365242456915        1.4112321886784043E-002  -4.3183168908123917E-003
         634  -1.2286135345615528        1.8130895697309229E-002  -2.4586520844749830E-003
         635  -1.3205322522455816        1.7378519839207698E-002   2.9981678679000950E-003
         636  -1.4123550734835966        1.6300851799791929E-002  -1.5716629561246568E-003
         637  -1.5041135637135166        1.6885399478633874E-002   2.7864155849405899E-003
         638  -1.5958609779208828        1.3074049602662603E-002   1.4906562702847194E-003
         639  -1.6876505122576948        1.5767073997082819E-002  -3.5126932064687929E-003
         640  -1.7793509266363847        1.4445693311529766E-002   4.1244822836192076E-003
         641  -1.8709804856390877        1.5317132487058375E-002  -6.0419897545247250E-003
         642  -1.9624876764699160        1.8451615040909891E-002   1.7494592307033211E-003
         643  -2.0539873302037996        1.6146648740359034E-002   4.2972936339258350E-004
         644  -2.1455574969252442        1.5498243227436271E-002   3.2042440767117999E-003
         645  -2.2371464326454960        1.3226790330898498E-002  -1.6559450101881262E-003
         646  -2.3285254340283870        1.6434394057268938E-002  -7.3690363009512616E-004
         647  -2.4199523864032120        1.3742531804007006E-002   2.0492547345578264E-003
         648  -2.5112840672585546        1.6362522201111600E-002  -4.2690090624624985E-003
         649  -2.6024886223226531        1.6309768411323703E-002   2.3211939324461238E-003
         650  -2.6939445886419433        1.7668159849589308E-002  -3.8973397856325240E-003
         651  -2.7851583486387876        1.6949219222813089E-002   5.1993020681011751E-003
         652  -2.8723715706028061        1.5672361392352976E-002  -4.2713032067513996E-003
         653  -2.9040405790116193        1.7308177113046178E-002  -5.0562191308956362E-003
         654  -2.8507188544029303        1.5020025037432721E-002  -1.4391955144806515E-003
         655  -2.7604165294614935        1.8098581633549680E-002   3.5362409067878982E-003
         656  -2.6793538994199850        1.7071449695753849E-002  -3.9944912916039027E-003
         657  -2.5901783708002180        1.6622010692110872E-002   2.5690971559916278E-003
         658  -2.4773905502807581        1.4697811857324812E-002  -4.6462729657410981E-003
         659  -2.3890755552119276        1.4829705843916819E-002   4.3250776744081822E-003
         660  -2.3007933016885604        1.5747785999060116E-002  -3.8613282473310079E-003
         661  -2.2126721854583717        1.3195787293520261E-002   1.3800221395196977E-003
         662  -2.1246139664704242        1.6024410252256566E-002   1.6761624917310217E-003
         663  -2.0365523003400177        1.6322012046023307E-002   1.5836596266062147E-003
         664  -1.9486040784634653        1.8590510061442037E-002   1.5247783906499222E-004
         665  -1.8606260283574223        1.4710810090502959E-002  -5.3886260387071977E-003
         666  -1.7727648923127641        1.4729422902619901E-002   4.3052508118750004E-003
         667  -1.6849218846723877        1.5666203409830982E-002  -3.7421209302826337E-003
         668  -1.5972582529037223        1.3054117102710762E-002   1.3099954064841306E-003
         669  -1.5095072559133194        1.6718356830834401E-002   3.2892774575385081E-003
         670  -1.4231739083168069        1.6496236975166008E-002  -1.9364282100216431E-003
         671  -1.3382685512508496        1.6847313015516608E-002   2.7860347361034201E-003
         672  -1.2626017916933410        1.8530519144079150E-002   1.8347932359217412E-004
         673  -1.2075219529003733        1.7451935602179246E-002  -3.7967627531867308E-003
         674  -1.1287581127356077        1.3776173244353807E-002  -3.9401932867525634E-003
         675  -1.0421064234381683        1.3286580617652541E-002   3.2364013322216927E-003
         676 -0.95211596612764704        1.7373300507200401E-002   3.1132895141207078E-003
         677 -0.85163463537808681        1.6010278090940709E-002  -4.3193894323867704E-003
         678 -0.75012757194630597        1.3814221736476236E-002   1.0682200772742494E-003
         679 -0.64798085817531115        1.5366503864053286E-002   1.8381683617710364E-004
         680 -0.54571601600870745        1.4705181514232810E-002  -7.5315929463072107E-005
         681 -0.44372571853400489        1.4976130011366761E-002  -9.9696252810639293E-004
         682 -0.34219187969887999        1.2410773461017521E-002  -1.6046720504088944E-003
         683 -0.24165203604401420        1.5184209583173099E-002   5.5591076414708241E-003
         684 -0.14220252748902890        1.7077806470874562E-002  -3.3824654051193329E-003
         685  -4.4146010420759073E-002   1.3063246790910012E-002  -8.5568282516444065E-004
         686   5.2313298207563724E-002   1.6338690942541367E-002   4.2257532246008289E-003
         687  0.14697424589356789        1.5780435780312890E-002  -4.5995991698515757E-003
         688  0.25656740487336238        1.4592554433357774E-002   3.9073233034866324E-003
         689  0.35707082669464768        1.6217925759660919E-002  -2.9330974897484284E-003
         690  0.44396706447874462        1.4719105530536231E-002   2.9034134852781507E-003
         691  0.52243529205526451        1.9152596376517669E-002   4.3246008288298395E-003
         692  0.60117488126262997        1.7633546244009875E-002  -6.8506943600039998E-003
         693  0.68274254906985499        1.3805276945759459E-002   1.5125561905734476E-004
         694  0.76355978963153992        1.5858160648961204E-002   1.9549029217329271E-003
         695  0.83976061531434487        1.5905761165756045E-002  -4.0585353074917526E-004
         696  0.90495557852744191        1.6474148512227574E-002   1.6313653326214812E-003
         697  0.95032444507413305        1.6799570026122243E-002  -8.0421750697500091E-004
         698   1.0116438296375074        1.4968486378488842E-002  -3.9778973977481879E-003
         699   1.0734459603815547        1.3736901722794653E-002   1.0097665966568037E-003
         700   1.1322567672657551        1.5458506682080245E-002   3.2043112608132500E-003
         701   1.1876589002888880        1.6011456359142310E-002  -1.6481211634943630E-003
         702   1.2397704462457264        1.4461439295869502E-002  -2.9854647090867903E-003
         703   1.2886911287355329        1.3882990808443024E-002   1.0344419665614766E-003
         704   1.3564873332407952        1.5741913735607373E-002   2.6477729711077772E-003
         705   1.4405726255567157        1.5680815540461249E-002  -2.1487748248369752E-003
         706   1.5246156091337972        1.4225641979958474E-002  -9.6514131273007261E-004
         707   1.6084068159778626        1.3682017661653646E-002   2.4818621752284464E-004
         708   1.6921913447196331        1.6032408795924612E-002   4.7440443103569548E-003
         709   1.7760784817267357        1.8407825788681581E-002  -6.8747270524957202E-004
         710   1.8597246491062249        1.6258981567166569E-002  -2.3890750132364706E-003
         711   1.9433717879698198        1.5206321061395474E-002  -9.8211733779198060E-004
         712   2.0269139128095528        1.4443443501433773E-002   4.0044459279582373E-004
         713   2.1104079364275927        1.6552041551830252E-002   3.0073628788101184E-003
         714   2.1938990175906925        1.6801106261770015E-002  -2.0244503774487599E-003
         715   2.2772852027664352        1.6460691809956948E-002   2.3175246036648825E-003
         716   2.3605301917322259        1.8456360286999745E-002   3.6146334089908193E-004
         717   2.4436961744554928        1.7359230026479322E-002  -1.0028278253563084E-003
         718   2.5269269002110999        1.8116592834633079E-002   1.6285335016010601E-003
         719   2.6100533494658604        1.8069513801077738E-002  -1.6646462098996321E-003
         720   2.6931189571558423        1.6396587626822799E-002  -2.1856340757390839E-003
         721   2.7762122710222186        1.4348370795841388E-002  -1.7343916355256213E-003
         722   2.8586882464307775        1.5422772740994515E-002   3.9696723714267423E-003
         723   2.9226540400156620        1.7414471763225674E-002   6.3853756390758209E-004
         724   2.9586018825882845        1.6957629428708692E-002  -2.9480683407755530E-003
         725   2.9672347619555022        1.6671367021375613E-002  -3.5362551504128249E-003
         726   2.9493777215976098        1.7198721872771338E-002  -2.1591255927063948E-003
         727   2.9034075642714865        1.7096605453894714E-002   2.5318470986908344E-003
         728   2.8246492473355014        1.4339016707073368E-002   1.9569343471984094E-003
         729   2.7359109848789758        1.5326941684433609E-002  -2.6607722559044587E-003
         730   2.6482354037511326        1.7331405012048686E-002  -1.9941512792247488E-003
         731   2.5646781921359070        1.8482705766889762E-002   1.0093839518435157E-004
         732   2.4871911915569882        1.7442577357187860E-002   1.2886134171900536E-003
         733   2.4183079982618909        1.7750807468857363E-002  -1.8673059566159545E-003
         734   2.3602151084565031        1.8455163235738974E-002   3.8479473446847285E-004
         735   2.3153341997094690        1.7592889456058310E-002   3.0024251273130659E-003
         736   2.2858996368837272        1.6683553888874332E-002   2.7399194547224216E-003
         737   2.2432803041271638        1.6064929783023259E-002  -1.4110253380603338E-004
         738   2.1668974460352719        1.7234517304079405E-002  -8.9102031495516304E-004
         739   2.0904261277007179        1.5885810795809335E-002   3.3993139030637260E-003
         740   2.0141508156248462        1.4439562400588406E-002  -3.1654304293341493E-004
         741   1.9380055811643422        1.5258068026363925E-002  -9.1273184825013936E-004
         742   1.8618356450392850        1.6208486155565516E-002  -2.3079811824295565E-003
         743   1.7858452555130153        1.8298038733883065E-002  -1.4999460686976845E-003
         744   1.7098991644315551        1.6880846208821847E-002   4.5455823132836025E-003
         745   1.6341072207101111        1.3933539419079993E-002   1.7640828736817933E-003
         746   1.5582589968289111        1.3926053188318787E-002  -8.2197365862142133E-004
         747   1.4825767940478756        1.4786994724131020E-002  -1.7613773061124157E-003
         748   1.4070967187478343        1.6235122198339735E-002  -8.2908308535044654E-004
         749   1.3315436123817557        1.4960961035367547E-002   3.2725966232332328E-003
         750   1.2558573215197744        1.4048425980980253E-002  -1.9651953318191558E-003
         751   1.1655494400237765        1.6143804138643265E-002   5.2368933668602425E-004
         752   1.0802622073729438        1.3830664683682541E-002   1.6813645150419508E-003
         753  0.98791021330933892        1.5913709625029290E-002  -3.5885801228164415E-003
         754  0.90192728831753777        1.6423455683216574E-002   1.6522566797112824E-003
         755  0.82130255061608171        1.6020193361233892E-002  -7.1392939795088836E-004
         756  0.74397866553503433        1.5352820178251816E-002   3.0213630241157203E-003
         757  0.66827509284922704        1.3925025856338034E-002  -1.8099091192406340E-003
         758  0.59270837755994454        1.8203515281695358E-002  -6.3169560891519552E-003
         759  0.51520320507254769        1.8800649511536694E-002   5.2012527001834416E-003
         760  0.43475927523790131        1.4507927711645335E-002   1.5928142134913950E-003
         761  0.34912502168769666        1.6431752120435978E-002  -2.3237421972146189E-003
         762  0.26044686661865080        1.4750019061858802E-002   4.0544474106589809E-003
         763  0.19112756343984100        1.3950198028209749E-002  -2.6253800005467537E-003
         764  0.12042827063655111        1.6855759291505186E-002  -3.0378692524629805E-003
         765   4.7998980459604323E-002   1.6146963710801248E-002   4.4919796335004154E-003
         766  -2.6664626016734146E-002   1.3098516232299540E-002   1.2451382354801528E-003
         767 -0.10350238516938953        1.5259041300688102E-002  -5.2203257672869116E-003
         768 -0.18302167781795670        1.7556932544641239E-002   1.2624941639447038E-003
         769 -0.26549422769958292        1.3870068551518441E-002   5.0334621189918475E-003
         770 -0.35097046904344026        1.2581636724406334E-002  -2.1965418565989417E-003
         771 -0.44000709268665794        1.4934703998873172E-002  -1.1908000958276010E-003
         772 -0.53248204997608251        1.4719797899660426E-002   2.8483513195483594E-004
         773 -0.62881718248182150        1.5331844262548768E-002  -5.0632423880370386E-004
         774 -0.72926865961263354        1.4135984187499345E-002   1.8648300850092070E-003
         775 -0.84450387226407242        1.5696537056054411E-002  -4.3029663913722455E-003
         776 -0.94498249125274536        1.7577258664922955E-002   2.4912267018868482E-003
         777  -1.0326098467073934        1.3633312703500251E-002   3.9134361426047337E-003
         778  -1.1207250241214644        1.3472179422007902E-002  -3.4769880623865316E-003
         779  -1.2083169488280145        1.7482503935683985E-002  -3.7539424776004329E-003
         780  -1.2948711263354220        1.8095633190114313E-002   2.3020388720999788E-003
         781  -1.3796110363351757        1.6093879267746095E-002   4.8360173281838476E-004
         782  -1.4617807014032775        1.7205047474600409E-002  -1.0843427580002410E-003
         783  -1.5408511968122660        1.5314997554090527E-002   5.1146504542495339E-003
         784  -1.6163526990332842        1.3045400853851708E-002  -1.2161670321582682E-003
         785  -1.6874532564776035        1.5759998203992414E-002  -3.5300094758363345E-003
         786  -1.7535928886317964        1.5548715799270139E-002   3.8461586451592122E-003
         787  -1.8144075158194177        1.3485236467131328E-002   6.5468154801937180E-004
         788  -1.8692536640795800        1.5211554495731895E-002  -5.9613243301501724E-003
         789  -1.9175445705463823        1.7986639425518459E-002  -3.9236721634328727E-003
         790  -1.9590817146912061        1.8506222418186526E-002   1.3940511582473064E-003
         791  -1.9929535993816534        1.7570879129764481E-002   3.4519806433523067E-003
         792  -2.0188553247331344        1.6716177236556544E-002   2.7466873088725779E-003
         793  -2.0391259295037014        1.6282877492401430E-002   1.4021664644523176E-003
         794  -2.1055935130371362        1.6214781966059390E-002   3.5272349938383798E-004
         795  -2.1859504561384551        1.3924645692948186E-002   3.6760934387278415E-003
         796  -2.2627539575905020        1.4017494606543378E-002  -4.1537089647185211E-003
         797  -2.3369615987257286        1.6448727076497957E-002   4.0356896936779435E-004
         798  -2.4092234826371017        1.4031914867931610E-002   3.1961894593756533E-003
         799  -2.4805628882246324        1.4850519518357506E-002  -4.7990411060362791E-003
         800  -2.5518407485093966        1.7282010803362578E-002   9.0535298005346324E-005
         801  -2.6236216894900060        1.5953477614294911E-002   7.9256256955233641E-004
         802  -2.6970788867241624        1.7790625996537166E-002  -3.7681925896251300E-003
         803  -2.7728921548822862        1.7572028364848807E-002   4.6649253070746213E-003
         804  -2.8515699006601984        1.5033068602027381E-002  -1.5699324318753402E-003
         805  -2.9256753950183336        1.8209869233378570E-002  -2.7789555524442584E-003
         806  -2.9880992806920488        1.6385763079601028E-002   8.0644903807009175E-003
         807  -3.0372957059442256        1.1971771915686288E-002   7.6172057876742897E-003
         808  -3.0710593742148520        1.0203577546532814E-002   2.3891158932114916E-003
         809  -3.0870250875477305        1.0025950013180534E-002  -1.4381927952666212E-004
         810  -3.0851653184621641        1.0025806051689581E-002   1.2982963823632765E-004
         811  -3.0731743847402160        1.0155922183054372E-002   2.0355373577134839E-003
         812  -3.0518113098292505        1.0988885107825501E-002   5.5864455944553632E-003
         813  -3.0213274757978419        1.3339156144823247E-002   9.0216036738555386E-003
         814  -2.9818243496698744        1.6877427533339939E-002   7.2928865797501101E-003
         815  -2.9337127046933920        1.8384984039417906E-002  -1.4661980900700024E-003
         816  -2.8770311387525682        1.5885203848689577E-002  -4.6828646345816495E-003
         817  -2.8130811516057728        1.5567026024338260E-002   3.9577908868057106E-003
         818  -2.7481376900568382        1.8449017367667134E-002   2.0171840535345075E-003
         819  -2.6834211284103162        1.7238314265550909E-002  -4.0505389657070024E-003
         820  -2.6187916822157122        1.6003657099537275E-002   1.2398177976806074E-003
         821  -2.5541971753377526        1.7276701814597964E-002   3.5048058913163027E-004
         822  -2.4897992876488271        1.5315095957121546E-002  -5.0210611707606611E-003
         823  -2.4254573588790374        1.3646711024157624E-002   1.3593799338304754E-003
         824  -2.3611905488751366        1.5975820149175979E-002   3.2451822364519480E-003
         825  -2.2971126596702804        1.5597910635652646E-002  -4.1263358776387300E-003
         826  -2.2329399650750701        1.3166951936338963E-002  -1.1347663122471994E-003
         827  -2.1690171528821356        1.4604197555146982E-002   4.0515046723787482E-003
         828  -2.1052548367353321        1.6215965369195704E-002   3.3345254038189627E-004
         829  -2.0414960320204663        1.6251033105972978E-002   1.2363101195192860E-003
         830  -1.9778793033701423        1.8072987415532073E-002   2.9671681993102056E-003
         831  -1.9143082587905604        1.7851112353903763E-002  -4.2952158063283025E-003
         832  -1.8509579258572395        1.4224287492408390E-002  -4.4433591279929305E-003
         833  -1.7876210891181261        1.4116129939228606E-002   3.6565734552156002E-003
         834  -1.7243575494046832        1.6304396247372680E-002   8.9246439644772506E-004
         835  -1.6612693030516490        1.4611987935478981E-002  -4.6752258260521068E-003
         836  -1.5981769312500258        1.3042418484202024E-002   1.1902734136356276E-003
         837  -1.5353363906376394        1.5598829483674512E-002   4.9756039040690370E-003
         838  -1.4724921927615235        1.7280792698427729E-002  -2.7063092940322029E-004
         839  -1.4098501897513096        1.6262197833323205E-002  -1.4565457823389983E-003
         840  -1.3472254222144773        1.6606674649054388E-002   2.4670373965540652E-003
         841  -1.2846540253768786        1.8307277203395988E-002   1.7429665526936947E-003
         842  -1.2222808561711940        1.7957901112174279E-002  -2.9002813404733121E-003
         843  -1.1600469389694801        1.5224096330781875E-002  -4.9180139236295337E-003
         844  -1.0978112370952502        1.2850214379190268E-002  -1.7665884140592534E-003
         845  -1.0357381112963964        1.3511926780539080E-002   3.7032790050614038E-003
         846 -0.97368653558048734        1.6517170194236840E-002   4.5540884814627459E-003
         847 -0.91178081338003236        1.7871584264280333E-002  -7.8938888503579446E-004
         848 -0.85001611666167665        1.5939014974082896E-002  -4.3244440891163040E-003
         849 -0.78831211412405944        1.3865538860231549E-002  -1.4770963384195409E-003
         850 -0.72680978278762964        1.4183397199524524E-002   1.9196179869856451E-003
         851 -0.66524628898337146        1.5271499883833981E-002   8.9824365635610593E-004
         852 -0.60396122894148807        1.5130498170405573E-002  -9.9012530665921724E-004
         853 -0.54642592758979347        1.4705799161637357E-002  -9.5526967114563203E-005
         854 -0.48097163566642914        1.5036589974731602E-002   4.9560981296630283E-004
         855 -0.41727922801719552        1.4523146448327480E-002  -2.3366677319330538E-003
         856 -0.35507735210278979        1.2678497150549611E-002  -2.4294908182026947E-003
         857 -0.29379623012534445        1.2694211720985825E-002   2.9173841818112452E-003
         858 -0.23146821572274937        1.5752223561548370E-002   5.3481855745830705E-003
         859 -0.16969292818201931        1.7619217667600544E-002  -3.5015198910839050E-004
         860 -0.10852516736212159        1.5525969501075983E-002  -5.2027836122394491E-003
         861  -4.8110619475522427E-002   1.3107321608361241E-002  -1.3256649832906911E-003
         862   1.1677916192903625E-002   1.4338088010828807E-002   4.6509139539633428E-003
         863   7.0525293609780007E-002   1.6985557345310771E-002   2.6341288147338064E-003
         864  0.12855361298487736        1.6575390530541006E-002  -3.7122597531524405E-003
         865  0.18561999069634988        1.4112452868028688E-002  -3.1494260390051757E-003
         866  0.24139214283520991        1.4057285521069192E-002   2.9139122862136364E-003
         867  0.29609796513722347        1.6180759082146081E-002   3.1649511125674528E-003
         868  0.34936885358337960        1.6425955290251225E-002  -2.3447583602137505E-003
         869  0.40118686048982194        1.4728377404000148E-002  -2.5505917501500944E-003
         870  0.45114919298620332        1.4967332853264702E-002   3.8708713720684244E-003
         871  0.49927147479168593        1.7842715417678602E-002   6.4321195709095219E-003
         872  0.54519028533256275        1.9753593302685429E-002   6.9528669135014351E-004
         873  0.58872840335433330        1.8452668082724874E-002  -5.9647112523455335E-003
         874  0.62950944852313007        1.5638271321981034E-002  -6.4174232220268095E-003
         875  0.66861980677116439        1.3918752316037723E-002  -1.7613682797247166E-003
         876  0.73876161887344238        1.5187516989106446E-002   3.1897900621969378E-003
         877  0.80966295460794635        1.6099510626257838E-002  -5.7901738380447358E-004
         878  0.88134711912558772        1.6098219275967517E-002   1.3247143874212841E-003
         879  0.95960442029096771        1.6686389299404646E-002  -1.5916217628522220E-003
         880   1.0404386248114434        1.3983128488325997E-002  -2.3933967715397174E-003
         881   1.1214131191532197        1.5083205164090214E-002   3.5342596929804826E-003
         882   1.2023575032386002        1.5677636942374798E-002  -2.7381041597074034E-003
         883   1.2833277607815197        1.3839833937243765E-002   5.4191962196197419E-004
         884   1.3642795306740303        1.5935181783406541E-002   2.2070947544621708E-003
         885   1.4452172766756344        1.5577826020920836E-002  -2.1998809076767163E-003
         886   1.5260939845859982        1.4211215246072635E-002  -9.5137339982354009E-004
         887   1.6067108295354389        1.3678410022804786E-002   1.7006866846683245E-004
         888   1.6785301258161411        1.5389518047153990E-002   4.4338028293231732E-003
         889   1.7329129162657158        1.7818169042615913E-002   3.2776897937721403E-003
         890   1.7857688067979747        1.8299209405060558E-002  -1.4940468937484665E-003
         891   1.8370617533294800        1.6896172899566433E-002  -3.0488031323104969E-003
         892   1.8868845149801259        1.5744030161482840E-002  -1.3598350077631723E-003
         893   1.9353955197845014        1.5281932130265099E-002  -8.8285972374857642E-004
         894   1.9823551937512687        1.4731167500494309E-002  -1.2615776983032319E-003
         895   2.0279630994618341        1.4448068994202513E-002   4.6515314390678931E-004
         896   2.0720067919854230        1.5272551785904550E-002   3.0278380762225510E-003
         897   2.1147967349809513        1.6682269927699649E-002   2.8128518529158724E-003
         898   2.1562061298069128        1.7290917415522144E-002  -1.2581386562076133E-004
         899   2.1960872302850327        1.6755688971799746E-002  -2.0489492856263503E-003
         900   2.2346873542275199        1.6104811863357004E-002  -7.5925675724748090E-004
         901   2.2718927813858243        1.6342174377082210E-002   1.9907699080711689E-003
         902   2.3076764177134934        1.7353177063696740E-002   3.1220563386124495E-003
         903   2.3421102762062689        1.8261076168313316E-002   1.7006588149379208E-003
         904   2.3752499663082682        1.8431500870753830E-002  -6.6729243816421226E-004
         905   2.4070263989156833        1.7969331924627775E-002  -1.8940027991675159E-003
         906   2.4375327630029990        1.7431558676267587E-002  -1.2947577930060819E-003
         907   2.4665656793979776        1.7271817209342809E-002   2.7525465765127188E-004
         908   2.4942563699556155        1.7544337987705796E-002   1.5279433732877695E-003
         909   2.5206967784074323        1.8009447716085224E-002   1.7389349097704653E-003
         910   2.5457137980035474        1.8374265442425576E-002   9.9994509614003465E-004
         911   2.5695265715075450        1.8481759735124986E-002  -1.3882049910513396E-004
         912   2.5918705876013863        1.8332507101513729E-002  -1.1277314133269303E-003
         913   2.6130060575936529        1.8018526749477886E-002  -1.7247666450592668E-003
         914   2.6327323889432632        1.7644235705695920E-002  -1.9554373717003319E-003
         915   2.6574588482902510        1.7143885315281542E-002  -1.9977232147802399E-003
         916   2.7069424965343702        1.6076692294447154E-002  -2.3642078388699680E-003
         917   2.7562446905624403        1.4786615149121036E-002  -2.4745015547031836E-003
         918   2.8054163532352163        1.4115167712615619E-002   3.2355164354817942E-004
         919   2.8545821916890488        1.5259232148904359E-002   3.8439568487382112E-003
         920   2.9016348792798992        1.7049550403911283E-002   2.6796049401594433E-003
         921   2.9458151308721097        1.7270937784294858E-002  -1.8184303448847727E-003
         922   2.9870225952892362        1.5872926723821849E-002  -4.2280678339923598E-003
         923   3.0254833446240346        1.4333307355917861E-002  -3.2357209529385142E-003
         924   3.0609934732656225        1.3465926878663423E-002  -1.7196891612184448E-003
         925   3.0938706825798108        1.2913743880965169E-002  -1.8911271752444067E-003
         926   3.1239535790110362        1.2145866146826971E-002  -3.1729057464500304E-003
         927   3.1513617838104899        1.1148156516382658E-002  -3.7334184633329658E-003
         928   3.1761192924785662        1.0317678225401175E-002  -2.5253507147685373E-003
         929   3.1983283462149998        1.0026286645236911E-002   1.7593516522026727E-004
         930   3.2179375685961289        1.0374028855378130E-002   3.3708092587397217E-003
         931   3.2350862257137787        1.1210981098659870E-002   6.1554514471155054E-003
         932   3.2496739532153076        1.2273776170237002E-002   8.0423166913481704E-003
         933   3.2618298734778501        1.3336598655532217E-002   9.0201133211704719E-003
         934   3.2715757832783785        1.4250380790555378E-002   9.3130898722958017E-003
         935   3.2791400202020284        1.4965940942196288E-002   9.2124622936962958E-003
         936   3.2846887595460519        1.5480041165921943E-002   8.9539514471517791E-003
         937   3.2881668712338530        1.5793206834922524E-002   8.7137060114615764E-003
         938   3.2895904339636619        1.5918761559230526E-002   8.5984132096590012E-003
         939   3.2889564224788979        1.5863026888873605E-002   8.6509825355322000E-003
         940   3.2862608448774795        1.5622636299993824E-002   8.8527130566394309E-003
         941   3.2815259392108107        1.5188808989266975E-002   9.1203036385216554E-003
         942   3.2747782885311505        1.4554230922896360E-002   9.3060367790065539E-003
         943   3.2660249597348132        1.3726260166142507E-002   9.2031988211115634E-003
         944   3.2553094112321426        1.2751236257997388E-002   8.5738443740701453E-003
         945   3.2426540310273029        1.1727245025227654E-002   7.2149057409844897E-003
         946   3.2280977364356147        1.0811110897685904E-002   5.0639472737404063E-003
         947   3.2116760889237757        1.0192802530340760E-002   2.3136528145910576E-003
         948   3.1934340196174955        1.0035362820961609E-002  -5.3124380659663002E-004
         949   3.1734647822223367        1.0389050044927664E-002  -2.7500863785570274E-003
         950   3.1517224022115111        1.1134434443647746E-002  -3.7295055247974530E-003
         951   3.1283123035664571        1.2001054970604259E-002  -3.3469855880016073E-003
         952   3.1032758836339327        1.2716389785827762E-002  -2.2447040640339098E-003
         953   3.0767246405078494        1.3208602360584354E-002  -1.5655585401907848E-003
         954   3.0485792645345660        1.3706761348732867E-002  -2.1252312730140584E-003
         955   3.0189948294403957        1.4557530679005655E-002  -3.5452314452693147E-003
         956   2.9880648311079647        1.5827984355180780E-002  -4.2381727429493324E-003
         957  -3.6295045336243095        1.7220734983877377E-002  -1.9962643896825802E-003
         958  -3.7524123218532153        1.8178589513252755E-002   1.5331565622200762E-003
         959  -3.8419658275392035        1.7386079828023319E-002  -1.1248945484707170E-003
         960  -3.9167097983291019        1.8465047253120839E-002  -7.1942165972252784E-005
         961  -3.9827395569645896        1.7122833950912117E-002   3.1130327732844234E-003
         962  -4.0427042924482501        1.6071936087266391E-002  -3.4941962103640775E-004
         963  -4.0983114984260016        1.6978662902045447E-002  -1.8080440132512963E-003
         964  -4.1504488273021618        1.7101331841812773E-002   1.6993155825142600E-003
         965  -4.1998181033526221        1.5643053868023338E-002   3.3358593560542243E-003
         966  -4.2469053639035677        1.4509785755944709E-002   9.9640568718191826E-004
         967  -4.2920851604858052        1.4623664289189559E-002  -1.1356670042081012E-003
         968  -4.3356170239849741        1.5163097475192115E-002  -1.0406621047113307E-003
         969  -4.3777386801554217        1.5534753799773053E-002  -9.0774291686727872E-004
         970  -4.4185513661683871        1.6144253534530091E-002  -2.1983862744606054E-003
         971  -4.4582917514618643        1.7281483830756342E-002  -3.1274261008066686E-003
         972  -4.4970913689481380        1.8294217960896197E-002  -1.5189814064991420E-003
         973  -4.5349103237582638        1.8231205470147883E-002   1.9570696611259696E-003
         974  -4.5719511313675092        1.6942362869211702E-002   4.5018954863403036E-003
         975  -4.6082670053146506        1.5228923849624643E-002   4.2928651265898583E-003
         976  -4.6438738667810560        1.4036483042209289E-002   2.1210891934278680E-003
         977  -4.6789020780044579        1.3675531396584133E-002   6.3850981914616517E-005
         978  -4.7133397606419747        1.3832212681473308E-002  -7.5826430335300355E-004
         979  -4.7472225485429176        1.4119257786004227E-002  -8.8520597214323963E-004
         980  -4.7806554953956111        1.4476352647910253E-002  -1.3047678171600218E-003
         981  -4.8136142256264343        1.5039323248971448E-002  -2.0367007501517404E-003
         982  -4.8461147595597405        1.5756462423561185E-002  -2.0892914838095871E-003
         983  -4.8782094790737363        1.6251586024586772E-002  -6.9437624559506091E-004
         984  -4.9099775542359705        1.6109327739529607E-002   1.6094571081850418E-003
         985  -4.9413511901732230        1.5301458934609472E-002   3.1819604081372052E-003
         986  -4.9723943084248168        1.4314748468931026E-002   2.6677244861163700E-003
         987  -5.0030929522328584        1.3826995849322789E-002   2.3642393542190834E-004
         988  -5.0335352799911908        1.4187491635559497E-002  -2.4220903444291727E-003
         989  -5.0636480383905287        1.5133547513053361E-002  -3.3451421819747319E-003
         990  -5.0935259915304556        1.5976103629010627E-002  -1.8207837474848480E-003
         991  -5.1231120445900613        1.6099203624565996E-002   1.0724683687727259E-003
         992  -5.1525106035310149        1.5406307992613945E-002   3.2735587979113310E-003
         993  -5.1816337997726389        1.4380235572283762E-002   3.2152739961208749E-003
         994  -5.2105232785599211        1.3729159705869000E-002   9.2905148656738097E-004
         995  -5.2392549960404056        1.3903596722379532E-002  -2.0752913466268175E-003
         996  -5.2677158223799836        1.4814980422768723E-002  -3.8934453664801151E-003
         997  -5.2960294332248283        1.5941141782060079E-002  -3.5525319880063220E-003
         998  -5.3241375298749487        1.6695283651530730E-002  -1.5444266467498722E-003
         999  -5.3520604932364444        1.6808640699369930E-002   6.4432963641787642E-004
        1000  -5.3798505446828333        1.6447097993768294E-002   1.6449704236319873E-003
