           1  -2.6011014958863616        1.5799283096541973E-002   9.3253198138222321E-003
           2  -2.5958940854841863        1.6278465508432819E-002   8.7388207500732756E-003
           3  -2.5906866750820119        1.6725989426369683E-002   8.1327535881478789E-003
           4  -2.5854792646798366        1.7140981105631045E-002   7.5129917414298291E-003
           5  -2.5802718542776621        1.7522863784685930E-002   6.8853026723778550E-003
           6  -2.5750644438754873        1.7871365680540055E-002   6.2552552899518511E-003
           7  -2.5698570334733124        1.8186501153680267E-002   5.6281665939516765E-003
           8  -2.5646496230711375        1.8468566535634636E-002   5.0090222651974475E-003
           9  -2.5594422126689627        1.8718105128449986E-002   4.4024618109840307E-003
          10  -2.5542348022667873        1.8935898470106960E-002   3.8127158139387328E-003
          11  -2.5490273918646125        1.9122939547685212E-002   3.2435854062713098E-003
          12  -2.5438199814624376        1.9280415571072924E-002   2.6983998148157181E-003
          13  -2.5386125710602627        1.9409673289148024E-002   2.1800338684978466E-003
          14  -2.5334051606580879        1.9512200898941078E-002   1.6908827402097211E-003
          15  -2.5281977502559130        1.9589600536002748E-002   1.2328747910627111E-003
          16  -2.5229903398537381        1.9643566124434218E-002   8.0746667178909013E-004
          17  -2.5177829294515632        1.9675855306196522E-002   4.1568624295447595E-004
          18  -2.5125755190493888        1.9688269644079166E-002   5.8140068139442984E-005
          19  -2.5073681086472135        1.9682632580168839E-002  -2.6495018108134855E-004
          20  -2.5021606982450386        1.9660769380089337E-002  -5.5372549630885223E-004
          21  -2.4969532878428642        1.9624489639468546E-002  -8.0863546572592184E-004
          22  -2.4917458774406884        1.9575571404830069E-002  -1.0304115001733957E-003
          23  -2.4865384670385140        1.9515747992744810E-002  -1.2200224797664068E-003
          24  -2.4813310566363387        1.9446694116148855E-002  -1.3786415164445752E-003
          25  -2.4761236462341638        1.9370019600731456E-002  -1.5075968800278372E-003
          26  -2.4709162358319889        1.9287259799142281E-002  -1.6083419861600485E-003
          27  -2.4657088254298141        1.9199871274772143E-002  -1.6824183974527690E-003
          28  -2.4605014150276392        1.9109224760760261E-002  -1.7314267909924945E-003
          29  -2.4552940046254648        1.9016607610066724E-002  -1.7569951895540937E-003
          30  -2.4500865942232899        1.8923219766294859E-002  -1.7607580900035980E-003
          31  -2.4448791838211146        1.8830175596493203E-002  -1.7443364292691256E-003
          32  -2.4396717734189401        1.8738501699175920E-002  -1.7093216982999484E-003
          33  -2.4344643630167653        1.8649143774840563E-002  -1.6572660701116438E-003
          34  -2.4292569526145895        1.8562965564099792E-002  -1.5896753567277797E-003
          35  -2.4240495422124151        1.8480752951452035E-002  -1.5080071151120709E-003
          36  -2.4188421318102398        1.8403213640760283E-002  -1.4136683060108938E-003
          37  -2.4136347214080649        1.8330984076280022E-002  -1.3080234196882477E-003
          38  -2.4084273110058905        1.8264628656945180E-002  -1.1923977620913878E-003
          39  -2.4032199006037156        1.8204642843429066E-002  -1.0680871780020377E-003
          40  -2.3980124902015407        1.8151452446114911E-002  -9.3636252539628794E-004
          41  -2.3928050797993659        1.8105417760718424E-002  -7.9848587618928154E-004
          42  -2.3875976693971910        1.8066831743362644E-002  -6.5571537764577833E-004
          43  -2.3823902589950161        1.8035920744533026E-002  -5.0931607906985277E-004
          44  -2.3771828485928412        1.8012842978418302E-002  -3.6056161118145936E-004
          45  -2.3719754381906664        1.7997689383851805E-002  -2.1074711479807836E-004
          46  -2.3667680277884910        1.7990481458433565E-002  -6.1187943898015164E-005
          47  -2.3615606173863162        1.7991170304826262E-002   8.6784555346413049E-005
          48  -2.3563532069841409        1.7999636026072831E-002   2.3181809935168037E-004
          49  -2.3511457965819664        1.8015686473664898E-002   3.7254988260613034E-004
          50  -2.3459383861797916        1.8039057665990132E-002   5.0761965066809889E-004
          51  -2.3407309757776167        1.8069413170201640E-002   6.3567451311981251E-004
          52  -2.3355235653754418        1.8106345599163569E-002   7.5538928129700595E-004
          53  -2.3303161549732669        1.8149378361233131E-002   8.6548287404214096E-004
          54  -2.3251087445710921        1.8197968515086860E-002   9.6473804371675161E-004
          55  -2.3199013341689172        1.8251510713417136E-002   1.0520226129797411E-003
          56  -2.3146939237667423        1.8309341225962852E-002   1.1263104122712720E-003
          57  -2.3094865133645670        1.8370748460432348E-002   1.1867088009275357E-003
          58  -2.3042791029623921        1.8434974166857746E-002   1.2324726083823099E-003
          59  -2.2990716925602173        1.8501226135102227E-002   1.2630305695367037E-003
          60  -2.2938642821580424        1.8568686852095256E-002   1.2780028596832129E-003
          61  -2.2886568717558675        1.8636524105442056E-002   1.2772175530919542E-003
          62  -2.2834494613536926        1.8703902378636453E-002   1.2607239105579511E-003
          63  -2.2782420509515178        1.8769994854090477E-002   1.2288019203689441E-003
          64  -2.2730346405493433        1.8833994684548591E-002   1.1819685709793691E-003
          65  -2.2678272301471685        1.8895132118458158E-002   1.1209748744123625E-003
          66  -2.2626198197449932        1.8952680038877907E-002   1.0468066838764233E-003
          67  -2.2574124093428187        1.9005970724641941E-002   9.6067224431309751E-004
          68  -2.2522049989406434        1.9054406151606886E-002   8.6398845329646546E-004
          69  -2.2469975885384681        1.9097468565757260E-002   7.5836140275264963E-004
          70  -2.2417901781362937        1.9134729896322349E-002   6.4556215003984136E-004
          71  -2.2365827677341183        1.9165859765126751E-002   5.2749808951893995E-004
          72  -2.2313753573319435        1.9190631484097252E-002   4.0618261990595935E-004
          73  -2.2261679469297690        1.9208928290727300E-002   2.8369053452066960E-004
          74  -2.2209605365275942        1.9220743270177577E-002   1.6213277333882115E-004
          75  -2.2157531261254193        1.9226181765573957E-002   4.3607553013212471E-005
          76  -2.2105457157232444        1.9225459227614167E-002  -6.9838532247445530E-005
          77  -2.2053383053210696        1.9218897385936899E-002  -1.7625154467301141E-004
          78  -2.2001308949188942        1.9206918265434938E-002  -2.7381026833791898E-004
          79  -2.1949234845167198        1.9190036124057983E-002  -3.6086435855816533E-004
          80  -2.1897160741145449        1.9168847854206732E-002  -4.3596841428238597E-004
          81  -2.1845086637123696        1.9144019586489796E-002  -4.9791875103520579E-004
          82  -2.1793012533101948        1.9116275642885500E-002  -5.4577231802943583E-004
          83  -2.1740938429080199        1.9086382427876580E-002  -5.7887413942718481E-004
          84  -2.1688864325058450        1.9055133120362402E-002  -5.9687178182956811E-004
          85  -2.1636790221036701        1.9023331343132055E-002  -5.9972493106804118E-004
          86  -2.1584716117014953        1.8991774500758403E-002  -5.8770827300824648E-004
          87  -2.1532642012993208        1.8961237682242865E-002  -5.6140808379075895E-004
          88  -2.1480567908971455        1.8932455244992156E-002  -5.2170915129603080E-004
          89  -2.1428493804949706        1.8906108652915903E-002  -4.6977992721441563E-004
          90  -2.1376419700927958        1.8882809882829574E-002  -4.0704667880065950E-004
          91  -2.1324345596906209        1.8863089067752074E-002  -3.3516360251895408E-004
          92  -2.1272271492884456        1.8847383330335043E-002  -2.5597716181011907E-004
          93  -2.1220197388862707        1.8836027635743987E-002  -1.7148573919284517E-004
          94  -2.1168123284840958        1.8829247890064387E-002  -8.3795468703436163E-005
          95  -2.1116049180819210        1.8827156456839172E-002   4.9251904917791452E-006
          96  -2.1063975076797465        1.8829750160019428E-002   9.2500676478991922E-005
          97  -2.1011900972775712        1.8836911189812313E-002   1.7678820131233436E-004
          98  -2.0959826868753968        1.8848410166070789E-002   2.5573321617204209E-004
          99  -2.0907752764732219        1.8863912082468664E-002   3.2741528094020638E-004
         100  -2.0855678660710470        1.8882984621054314E-002   3.9009280834323700E-004
         101  -2.0803604556688717        1.8905108744201080E-002   4.4224401735069846E-004
         102  -2.0751530452666969        1.8929691336056792E-002   4.8260309906803032E-004
         103  -2.0699456348645220        1.8956079128738156E-002   5.1019032256350043E-004
         104  -2.0647382244623471        1.8983576496578978E-002   5.2433781432840629E-004
         105  -2.0595308140601718        1.9011459540929015E-002   5.2470350651129499E-004
         106  -2.0543234036579969        1.9038995620188636E-002   5.1128275818331252E-004
         107  -2.0491159932558225        1.9065460830945461E-002   4.8440928365467873E-004
         108  -2.0439085828536476        1.9090157820078741E-002   4.4474873301614308E-004
         109  -2.0387011724514728        1.9112433046444482E-002   3.9328438567568088E-004
         110  -2.0334937620492979        1.9131693079905011E-002   3.3129521827557492E-004
         111  -2.0282863516471226        1.9147419295949424E-002   2.6032813783149404E-004
         112  -2.0230789412449477        1.9159182164823593E-002   1.8215703320995303E-004
         113  -2.0178715308427728        1.9166650715345811E-002   9.8749022353761677E-005
         114  -2.0126641204405979        1.9169602579530313E-002   1.2213161461947150E-005
         115  -2.0074567100384231        1.9167929954135434E-002  -7.5248475994628758E-005
         116  -2.0022492996362482        1.9161643143848741E-002  -1.6139357850883420E-004
         117  -1.9970418892340736        1.9150871261357422E-002  -2.4399381023287509E-004
         118  -1.9918344788318987        1.9135860041741417E-002  -3.2088918991950361E-004
         119  -1.9866270684297240        1.9116967168476474E-002  -3.9004018769037087E-004
         120  -1.9814196580275489        1.9094653029240512E-002  -4.4958343045563124E-004
         121  -1.9762122476253738        1.9069472346038764E-002  -4.9787144231202673E-004
         122  -1.9710048372231987        1.9042060072471265E-002  -5.3352028076827300E-004
         123  -1.9657974268210241        1.9013116791033759E-002  -5.5544488122065839E-004
         124  -1.9605900164188492        1.8983392034711714E-002  -5.6288897898476326E-004
         125  -1.9553826060166741        1.8953666217636521E-002  -5.5544751860079819E-004
         126  -1.9501751956144995        1.8924732098417378E-002  -5.3308148407863452E-004
         127  -1.9449677852123242        1.8897373132834652E-002  -4.9612178267859639E-004
         128  -1.9397603748101493        1.8872346963757350E-002  -4.4526868556457724E-004
         129  -1.9345529644079746        1.8850364047362608E-002  -3.8157874256007716E-004
         130  -1.9293455540057998        1.8832069772271167E-002  -3.0644473833655288E-004
         131  -1.9241381436036251        1.8818027345367222E-002  -2.2156720532682094E-004
         132  -1.9189307332014498        1.8808702392825366E-002  -1.2891835180987301E-004
         133  -1.9137233227992749        1.8804449658938703E-002  -3.0699178032148531E-005
         134  -1.9085159123971003        1.8805502072429741E-002   7.0707443741345480E-005
         135  -1.9033085019949252        1.8811962770847068E-002   1.7279767440897079E-004
         136  -1.8981010915927505        1.8823799782726160E-002   2.7299283075249512E-004
         137  -1.8928936811905752        1.8840843893863632E-002   3.6870609007387116E-004
         138  -1.8876862707884003        1.8862789748629354E-002   4.5740103157439655E-004
         139  -1.8824788603862257        1.8889200116547170E-002   5.3665151243888415E-004
         140  -1.8772714499840508        1.8919513291634774E-002   6.0419968426583457E-004
         141  -1.8720640395818757        1.8953053489596420E-002   6.5801079063571033E-004
         142  -1.8668566291797011        1.8989043373390597E-002   6.9632291145996662E-004
         143  -1.8616492187775262        1.9026622399546427E-002   7.1769401357998225E-004
         144  -1.8564418083753516        1.9064860811332175E-002   7.2103556721964395E-004
         145  -1.8512343979731762        1.9102781903077119E-002   7.0564569495083350E-004
         146  -1.8460269875710011        1.9139382469646124E-002   6.7122995994701952E-004
         147  -1.8408195771688263        1.9173654793107110E-002   6.1791396763948893E-004
         148  -1.8356121667666516        1.9204609050291286E-002   5.4624659254000655E-004
         149  -1.8304047563644767        1.9231295639280600E-002   4.5719368915786120E-004
         150  -1.8251973459623014        1.9252826585348923E-002   3.5212438757476481E-004
         151  -1.8199899355601268        1.9268397661265292E-002   2.3277836819063101E-004
         152  -1.8147825251579519        1.9277305154849399E-002   1.0124373565264029E-004
         153  -1.8095751147557773        1.9278964649166789E-002  -4.0091719971944665E-005
         154  -1.8043677043536026        1.9272925318622035E-002  -1.8858724931713734E-004
         155  -1.7991602939514273        1.9258881926166916E-002  -3.4140360031787467E-004
         156  -1.7939528835492520        1.9236683799587481E-002  -4.9556225747757687E-004
         157  -1.7887454731470773        1.9206340567532731E-002  -6.4800815221898865E-004
         158  -1.7835380627449027        1.9168025266683257E-002  -7.9567185543813371E-004
         159  -1.7783306523427278        1.9122070328667567E-002  -9.3554553515110429E-004
         160  -1.7731232419405527        1.9068967157204544E-002  -1.0647315254384625E-003
         161  -1.7679158315383774        1.9009355574187294E-002  -1.1805153935587694E-003
         162  -1.7627084211362027        1.8944013288341180E-002  -1.2804218470556720E-003
         163  -1.7575010107340279        1.8873841763880243E-002  -1.3622683472892937E-003
         164  -1.7522936003318532        1.8799849404923318E-002  -1.4242125169955438E-003
         165  -1.7470861899296783        1.8723133810708417E-002  -1.4647917461726822E-003
         166  -1.7418787795275033        1.8644855147649957E-002  -1.4829576896373765E-003
         167  -1.7366713691253286        1.8566221936904943E-002  -1.4780949403832774E-003
         168  -1.7314639587231535        1.8488462065518525E-002  -1.4500380409571199E-003
         169  -1.7262565483209789        1.8412800178425372E-002  -1.3990745435051618E-003
         170  -1.7210491379188038        1.8340433760181133E-002  -1.3259392213639156E-003
         171  -1.7158417275166289        1.8272509780232874E-002  -1.2317986513500211E-003
         172  -1.7106343171144540        1.8210102403808947E-002  -1.1182265299380511E-003
         173  -1.7054269067122794        1.8154193187069099E-002  -9.8717279662435603E-004
         174  -1.7002194963101045        1.8105648409924260E-002  -8.4091258298328033E-004
         175  -1.6950120859079292        1.8065208749425216E-002  -6.8201213502245444E-004
         176  -1.6898046755057543        1.8033471462417263E-002  -5.1326550620299526E-004
         177  -1.6845972651035797        1.8010880793177482E-002  -3.3763796853872270E-004
         178  -1.6793898547014048        1.7997720527073595E-002  -1.5820390837984697E-004
         179  -1.6741824442992301        1.7994109895287127E-002   2.1917185842900402E-005
         180  -1.6689750338970550        1.8000002893753017E-002   1.9962520572366015E-004
         181  -1.6637676234948797        1.8015190648284260E-002   3.7189990265073511E-004
         182  -1.6585602130927048        1.8039308708415334E-002   5.3587431585599694E-004
         183  -1.6533528026905302        1.8071844579834465E-002   6.8887351036853639E-004
         184  -1.6481453922883551        1.8112150754055267E-002   8.2847954692723757E-004
         185  -1.6429379818861805        1.8159459239860929E-002   9.5257463693348748E-004
         186  -1.6377305714840051        1.8212898557448311E-002   1.0593803620996128E-003
         187  -1.6325231610818305        1.8271512606536679E-002   1.1474889942787959E-003
         188  -1.6273157506796556        1.8334280972091482E-002   1.2158862949739782E-003
         189  -1.6221083402774807        1.8400138998303350E-002   1.2639646962318333E-003
         190  -1.6169009298753059        1.8468004356424116E-002   1.2915311034137999E-003
         191  -1.6116935194731308        1.8536791690187855E-002   1.2987972783426677E-003
         192  -1.6064861090709559        1.8605438626206536E-002   1.2863703255222637E-003
         193  -1.6012786986687810        1.8672924985791092E-002   1.2552298014633818E-003
         194  -1.5960712882666062        1.8738291785680327E-002   1.2066979941917932E-003
         195  -1.5908638778644315        1.8800658470615888E-002   1.1424031207574966E-003
         196  -1.5856564674622564        1.8859238026757544E-002   1.0642363962006006E-003
         197  -1.5804490570600815        1.8913348749987992E-002   9.7430577002500401E-004
         198  -1.5752416466579069        1.8962428102749996E-002   8.7487741693719726E-004
         199  -1.5700342362557318        1.9006034083799070E-002   7.6833109958987121E-004
         200  -1.5648268258535569        1.9043854137616178E-002   6.5709617431610921E-004
         201  -1.5596194154513818        1.9075702347012731E-002   5.4360764602236157E-004
         202  -1.5544120050492072        1.9101523711820449E-002   4.3023369242052828E-004
         203  -1.5492045946470323        1.9121385544492886E-002   3.1923422996050170E-004
         204  -1.5439971842448570        1.9135469267866627E-002   2.1272510052764324E-004
         205  -1.5387897738426821        1.9144065467249557E-002   1.1260765917638298E-004
         206  -1.5335823634405075        1.9147558227731298E-002   2.0562031467109369E-005
         207  -1.5283749530383326        1.9146414314603517E-002  -6.2011861209538321E-005
         208  -1.5231675426361579        1.9141167307938998E-002  -1.3399129074105669E-004
         209  -1.5179601322339829        1.9132401919980287E-002  -1.9456790870049626E-004
         210  -1.5127527218318075        1.9120737119260576E-002  -2.4324471456402323E-004
         211  -1.5075453114296329        1.9106811326555680E-002  -2.7983243071859592E-004
         212  -1.5023379010274580        1.9091262870902338E-002  -3.0445273491743862E-004
         213  -1.4971304906252834        1.9074718095658603E-002  -3.1751236605367787E-004
         214  -1.4919230802231083        1.9057772195885732E-002  -3.1968806465707504E-004
         215  -1.4867156698209334        1.9040980428723871E-002  -3.1189433221261588E-004
         216  -1.4815082594187583        1.9024842094844573E-002  -2.9525126514548164E-004
         217  -1.4763008490165836        1.9009792576778435E-002  -2.7104486258824970E-004
         218  -1.4710934386144088        1.8996197076210596E-002  -2.4068974792904835E-004
         219  -1.4658860282122337        1.8984341425360683E-002  -2.0567908738228956E-004
         220  -1.4606786178100588        1.8974432756196910E-002  -1.6754864232788470E-004
         221  -1.4554712074078839        1.8966595286873215E-002  -1.2782274036294463E-004
         222  -1.4502637970057088        1.8960874627132397E-002  -8.7982158269058841E-005
         223  -1.4450563866035342        1.8957239217706146E-002  -4.9412607907688131E-005
         224  -1.4398489762013593        1.8955587717385203E-002  -1.3379167445771145E-005
         225  -1.4346415657991842        1.8955755477639148E-002   1.9015844969166118E-005
         226  -1.4294341553970094        1.8957524378196849E-002   4.6855186121368762E-005
         227  -1.4242267449948347        1.8960632776075834E-002   6.9425390929740463E-005
         228  -1.4190193345926596        1.8964787449357628E-002   8.6238016315584880E-005
         229  -1.4138119241904847        1.8969674738209576E-002   9.7031191295973690E-005
         230  -1.4086045137883096        1.8974973914191610E-002   1.0177549370991611E-004
         231  -1.4033971033861350        1.8980367930054368E-002   1.0066510780986035E-004
         232  -1.3981896929839601        1.8985556333134382E-002   9.4107212523633036E-005
         233  -1.3929822825817855        1.8990265462059477E-002   8.2702078139549690E-005
         234  -1.3877748721796106        1.8994257637333353E-002   6.7221041959541770E-005
         235  -1.3825674617774353        1.8997340536254535E-002   4.8574278769240398E-005
         236  -1.3773600513752604        1.8999372680668383E-002   2.7782056716167454E-005
         237  -1.3721526409730858        1.9000269065573790E-002   5.9334257802942768E-006
         238  -1.3669452305709109        1.9000003379717786E-002  -1.5846130559240814E-005
         239  -1.3617378201687360        1.8998608996880745E-002  -3.6439875892347246E-005
         240  -1.3565304097665607        1.8996177711431361E-002  -5.4772640239475222E-005
         241  -1.3513229993643858        1.8992856116767390E-002  -6.9853690612426658E-005
         242  -1.3461155889622112        1.8988840309279813E-002  -8.0809205525663713E-005
         243  -1.3409081785600365        1.8984369376588150E-002  -8.6913433404442095E-005
         244  -1.3357007681578614        1.8979715687618321E-002  -8.7618512364393832E-005
         245  -1.3304933577556863        1.8975176143797068E-002  -8.2575162914109111E-005
         246  -1.3252859473535115        1.8971059865947323E-002  -7.1649376024338285E-005
         247  -1.3200785369513366        1.8967677713320967E-002  -5.4934094398859273E-005
         248  -1.3148711265491615        1.8965329113159058E-002  -3.2750496443600987E-005
         249  -1.3096637161469868        1.8964290565606695E-002  -5.6449619223281277E-006
         250  -1.3044563057448120        1.8964803843324468E-002   2.5617314875963904E-005
         251  -1.2992488953426371        1.8967064840942564E-002   6.0076332777058072E-005
         252  -1.2940414849404624        1.8971213427526765E-002   9.6591558860898840E-005
         253  -1.2888340745382871        1.8977325533175170E-002   1.3388047927707288E-004
         254  -1.2836266641361123        1.8985405021459463E-002   1.7054214806105472E-004
         255  -1.2784192537339374        1.8995380044665177E-002   2.0510449037492077E-004
         256  -1.2732118433317627        1.9007099779817925E-002   2.3606112031722325E-004
         257  -1.2680044329295879        1.9020332198850617E-002   2.6191164153288149E-004
         258  -1.2627970225274125        1.9034768811312931E-002   2.8121324375807508E-004
         259  -1.2575896121252379        1.9050024923659880E-002   2.9261758841040347E-004
         260  -1.2523822017230628        1.9065650048703600E-002   2.9491882980689380E-004
         261  -1.2471747913208879        1.9081132114937178E-002   2.8709067393352882E-004
         262  -1.2419673809187133        1.9095912434907963E-002   2.6832333425535506E-004
         263  -1.2367599705165384        1.9109393717609596E-002   2.3805767253600772E-004
         264  -1.2315525601143633        1.9120957757897156E-002   1.9600754349492148E-004
         265  -1.2263451497121882        1.9129978659486263E-002   1.4217959581227233E-004
         266  -1.2211377393100136        1.9135838158309881E-002   7.6893556471268611E-005
         267  -1.2159303289078387        1.9137944057724777E-002   7.7270231503312170E-007
         268  -1.2107229185056638        1.9135745156191333E-002  -8.5240289384456451E-005
         269  -1.2055155081034890        1.9128747914816176E-002  -1.7991585019500788E-004
         270  -1.2003080977013136        1.9116532546068085E-002  -2.8173159088371394E-004
         271  -1.1951006872991390        1.9098765857755478E-002  -3.8892149756516336E-004
         272  -1.1898932768969643        1.9075213722799394E-002  -4.9949975850902527E-004
         273  -1.1846858664947892        1.9045755190520451E-002  -6.1128751523326303E-004
         274  -1.1794784560926146        1.9010384463850019E-002  -7.2198581958375142E-004
         275  -1.1742710456904395        1.8969225289662470E-002  -8.2919343036713059E-004
         276  -1.1690636352882644        1.8922523995058442E-002  -9.3049122168532351E-004
         277  -1.1638562248860895        1.8870661604301387E-002  -1.0234668853913288E-003
         278  -1.1586488144839149        1.8814137832121585E-002  -1.1057996886709052E-003
         279  -1.1534414040817400        1.8753580317955588E-002  -1.1752896861795725E-003
         280  -1.1482339936795649        1.8689722309227733E-002  -1.2299331431086082E-003
         281  -1.1430265832773903        1.8623396946529966E-002  -1.2679619385940943E-003
         282  -1.1378191728752149        1.8555531087522302E-002  -1.2878881723832893E-003
         283  -1.1326117624730401        1.8487112314619487E-002  -1.2885529042584937E-003
         284  -1.1274043520708654        1.8419190122754475E-002  -1.2691548252986131E-003
         285  -1.1221969416686906        1.8352836623103396E-002  -1.2292770365633773E-003
         286  -1.1169895312665157        1.8289144911353920E-002  -1.1689111899219477E-003
         287  -1.1117821208643406        1.8229190497080869E-002  -1.0884589666341630E-003
         288  -1.1065747104621657        1.8174017051124990E-002  -9.8873371419495458E-004
         289  -1.1013673000599908        1.8124619956246778E-002  -8.7096572085128721E-004
         290  -1.0961598896578160        1.8081911854688135E-002  -7.3675761229997244E-004
         291  -1.0909524792556411        1.8046716803036371E-002  -5.8809111870086078E-004
         292  -1.0857450688534660        1.8019739871168290E-002  -4.2725353800557737E-004
         293  -1.0805376584512913        1.8001560974482064E-002  -2.5683714559842768E-004
         294  -1.0753302480491165        1.7992613652570932E-002  -7.9650016988651193E-005
         295  -1.0701228376469416        1.7993178556665514E-002   1.0132327704040737E-004
         296  -1.0649154272447667        1.8003374066416371E-002   2.8296119974295560E-004
         297  -1.0597080168425916        1.8023152733896798E-002   4.6211421636075376E-004
         298  -1.0545006064404168        1.8052297224050044E-002   6.3561832886180726E-004
         299  -1.0492931960382421        1.8090428312267124E-002   8.0041175016729786E-004
         300  -1.0440857856360670        1.8137002369362047E-002   9.5355010365324815E-004
         301  -1.0388783752338921        1.8191331411296328E-002   1.0923154122971337E-003
         302  -1.0336709648317173        1.8252582182089232E-002   1.2142306408329344E-003
         303  -1.0284635544295424        1.8319804446937198E-002   1.3171487430886427E-003
         304  -1.0232561440273673        1.8391944046014738E-002   1.3992810350475849E-003
         305  -1.0180487336251924        1.8467854369113509E-002   1.4592302433780715E-003
         306  -1.0128413232230176        1.8546336892573630E-002   1.4960395947309372E-003
         307  -1.0076339128208427        1.8626142973917435E-002   1.5091969529475477E-003
         308  -1.0024265024186678        1.8706020522199891E-002   1.4986568601983406E-003
         309 -0.99721909201649273        1.8784715899697119E-002   1.4648383192568779E-003
         310 -0.99201168161431807        1.8861018470286865E-002   1.4086157562554075E-003
         311 -0.98680427121214320        1.8933775349551443E-002   1.3312981836994203E-003
         312 -0.98159686080996822        1.9001906463843171E-002   1.2346132813375174E-003
         313 -0.97638945040779346        1.9064443248536830E-002   1.1206494824924729E-003
         314 -0.97118204000561825        1.9120527849508229E-002   9.9183858695739424E-004
         315 -0.96597462960344349        1.9169447036455300E-002   8.5087143323035839E-004
         316 -0.96076721920126873        1.9210629336380604E-002   7.0067660738289085E-004
         317 -0.95555980879909375        1.9243668958279204E-002   5.4431782669453054E-004
         318 -0.95035239839691898        1.9268320550849302E-002   3.8497081784707603E-004
         319 -0.94514498799474378        1.9284511226802165E-002   2.2581694041357738E-004
         320 -0.93993757759256902        1.9292335028172309E-002   6.9992194381245031E-005
         321 -0.93473016719039426        1.9292049260004555E-002  -7.9462655751414275E-005
         322 -0.92952275678821905        1.9284068091739968E-002  -2.1970464380857051E-004
         323 -0.92431534638604429        1.9268951628391488E-002  -3.4810588067687504E-004
         324 -0.91910793598386942        1.9247389734057110E-002  -4.6234778466402787E-004
         325 -0.91390052558169466        1.9220189581431974E-002  -5.6043218549793215E-004
         326 -0.90869311517951978        1.9188251795211587E-002  -6.4075123420834971E-004
         327 -0.90348570477734469        1.9152551111105618E-002  -7.0210356332367995E-004
         328 -0.89827829437516993        1.9114118667429392E-002  -7.4371260189139837E-004
         329 -0.89307088397299494        1.9074009550628015E-002  -7.6525262031696426E-004
         330 -0.88786347357082018        1.9033290044529600E-002  -7.6683920646543672E-004
         331 -0.88265606316864542        1.8993002778235499E-002  -7.4902789947277934E-004
         332 -0.87744865276647022        1.8954155435843816E-002  -7.1279630253331331E-004
         333 -0.87224124236429545        1.8917688932773600E-002  -6.5951466954536754E-004
         334 -0.86703383196212036        1.8884462130778823E-002  -5.9090976152842932E-004
         335 -0.86182642155994560        1.8855237113346256E-002  -5.0903184583097152E-004
         336 -0.85661901115777084        1.8830655728967961E-002  -4.1618633343607549E-004
         337 -0.85141160075559563        1.8811235240721768E-002  -3.1490136921199954E-004
         338 -0.84620419035342098        1.8797351760089107E-002  -2.0784163340889855E-004
         339 -0.84099677995124589        1.8789239451639392E-002  -9.7774177157206090E-005
         340 -0.83578936954907113        1.8786983639378748E-002   1.2526261268285317E-005
         341 -0.83058195914689603        1.8790523607203857E-002   1.2031041849206462E-004
         342 -0.82537454874472127        1.8799655377378814E-002   2.2294511065813996E-004
         343 -0.82016713834254651        1.8814039981020630E-002   3.1796051555019813E-004
         344 -0.81495972794037141        1.8833211211912775E-002   4.0309650385569174E-004
         345 -0.80975231753819665        1.8856592684262190E-002   4.7637590796330108E-004
         346 -0.80454490713602156        1.8883507929670997E-002   5.3612398194496545E-004
         347 -0.79933749673384680        1.8913204642174834E-002   5.8102522733770692E-004
         348 -0.79413008633167204        1.8944866384747985E-002   6.1013406989505927E-004
         349 -0.78892267592949705        1.8977640361797842E-002   6.2290613030638190E-004
         350 -0.78371526552732218        1.9010655691728075E-002   6.1920007973125825E-004
         351 -0.77850785512514709        1.9043041205756273E-002   5.9928047794612983E-004
         352 -0.77330044472297221        1.9073954970767824E-002   5.6380577434071407E-004
         353 -0.76809303432079745        1.9102595636161773E-002   5.1381510604028011E-004
         354 -0.76288562391862247        1.9128230483848763E-002   4.5069074861404360E-004
         355 -0.75767821351644771        1.9150204926987775E-002   3.7613673503570977E-004
         356 -0.75247080311427261        1.9167965311903019E-002   2.9211830102052725E-004
         357 -0.74726339271209785        1.9181065794960463E-002   2.0083419792399839E-004
         358 -0.74205598230992309        1.9189183557505783E-002   1.0464263728319256E-004
         359 -0.73684857190774800        1.9192123512998129E-002   6.0121000635946742E-006
         360 -0.73164116150557323        1.9189823097491863E-002  -9.2527048741584015E-005
         361 -0.72643375110339803        1.9182353650685668E-002  -1.8846811636325167E-004
         362 -0.72122634070122338        1.9169918951116319E-002  -2.7936047028387113E-004
         363 -0.71601893029904862        1.9152847830449935E-002  -3.6289519570616646E-004
         364 -0.71081151989687341        1.9131589402231284E-002  -4.3693460999766646E-004
         365 -0.70560410949469865        1.9106698066394940E-002  -4.9958472800998126E-004
         366 -0.70039669909252367        1.9078821103614398E-002  -5.4922962672624873E-004
         367 -0.69518928869034891        1.9048686376557111E-002  -5.8456649418030596E-004
         368 -0.68998187828817381        1.9017077383154619E-002  -6.0464792615123550E-004
         369 -0.68477446788599905        1.8984822619431685E-002  -6.0889481077635818E-004
         370 -0.67956705748382429        1.8952766464197690E-002  -5.9711621499418594E-004
         371 -0.67435964708164908        1.8921757639766865E-002  -5.6951341777883107E-004
         372 -0.66915223667947432        1.8892620423480125E-002  -5.2667450736824679E-004
         373 -0.66394482627729923        1.8866138137384310E-002  -4.6956039220489909E-004
         374 -0.65873741587512447        1.8843036345140299E-002  -3.9949195915474394E-004
         375 -0.65353000547294970        1.8823958490363037E-002  -3.1810499444990230E-004
         376 -0.64832259507077461        1.8809456200761594E-002  -2.2733305444216210E-004
         377 -0.64311518466859985        1.8799969799769094E-002  -1.2934079184775344E-004
         378 -0.63790777426642487        1.8795820776663110E-002  -2.6500555024703992E-005
         379 -0.63270036386424999        1.8797200213199815E-002   7.8688997696680347E-005
         380 -0.62749295346207523        1.8804163980846628E-002   1.8363054545160562E-004
         381 -0.62228554305990025        1.8816629708171148E-002   2.8571309087576914E-004
         382 -0.61707813265772549        1.8834377760564767E-002   3.8235950845423214E-004
         383 -0.61187072225555039        1.8857051821152139E-002   4.7107521742461184E-004
         384 -0.60666331185337563        1.8884170228851558E-002   5.4952838716570041E-004
         385 -0.60145590145120087        1.8915128899700005E-002   6.1557813802408585E-004
         386 -0.59624849104902566        1.8949221106079071E-002   6.6734562719167236E-004
         387 -0.59104108064685101        1.8985643218397272E-002   7.0323871078069138E-004
         388 -0.58583367024467581        1.9023519661992359E-002   7.2200309617540058E-004
         389 -0.58062625984250105        1.9061917899235746E-002   7.2274362296842519E-004
         390 -0.57541884944032640        1.9099863845986345E-002   7.0494867370047122E-004
         391 -0.57021143903815108        1.9136372207772371E-002   6.6850211748556237E-004
         392 -0.56500402863597643        1.9170456937945540E-002   6.1369325089023644E-004
         393 -0.55979661823380134        1.9201162809247663E-002   5.4120249333874189E-004
         394 -0.55458920783162646        1.9227576569400568E-002   4.5210461886751571E-004
         395 -0.54938179742945181        1.9248855543302492E-002   3.4782741201495014E-004
         396 -0.54417438702727672        1.9264238792219650E-002   2.3014862213364731E-004
         397 -0.53896697662510196        1.9273069831343984E-002   1.0113552074796226E-004
         398 -0.53375956622292686        1.9274808137362404E-002  -3.6887551759798123E-005
         399 -0.52855215582075210        1.9269042505150876E-002  -1.8136975050785618E-004
         400 -0.52334474541857734        1.9255500677190056E-002  -3.2962064162506496E-004
         401 -0.51813733501640225        1.9234058079115414E-002  -4.7882396673626463E-004
         402 -0.51292992461422748        1.9204737964034331E-002  -6.2613675486128471E-004
         403 -0.50772251421205239        1.9167718589988284E-002  -7.6870465416624954E-004
         404 -0.50251510380987763        1.9123324492008740E-002  -9.0375654170701694E-004
         405 -0.49730769340770253        1.9072023403719610E-002  -1.0286432354311172E-003
         406 -0.49210028300552783        1.9014425031049859E-002  -1.1408783090699568E-003
         407 -0.48689287260335307        1.8951256924161771E-002  -1.2382176285146685E-003
         408 -0.48168546220117797        1.8883367769689668E-002  -1.3186718765218486E-003
         409 -0.47647805179900315        1.8811693996173117E-002  -1.3805729579166020E-003
         410 -0.47127064139682812        1.8737261895688740E-002  -1.4225834192075745E-003
         411 -0.46606323099465330        1.8661151151658058E-002  -1.4437388813688084E-003
         412 -0.46085582059247848        1.8584482382414322E-002  -1.4434557214622478E-003
         413 -0.45564841019030339        1.8508405029331165E-002  -1.4215443800428059E-003
         414 -0.45044099978812863        1.8434057157073264E-002  -1.3782093731303248E-003
         415 -0.44523358938595359        1.8362566281908372E-002  -1.3140496872100695E-003
         416 -0.44002617898377877        1.8295007822185096E-002  -1.2300328729019335E-003
         417 -0.43481876858160401        1.8232406047677327E-002  -1.1274924984615254E-003
         418 -0.42961135817942897        1.8175696667856702E-002  -1.0080765714172695E-003
         419 -0.42440394777725415        1.8125728167418090E-002  -8.7374298208081939E-004
         420 -0.41919653737507906        1.8083232442125213E-002  -7.2669180219917320E-004
         421 -0.41398912697290435        1.8048819743706479E-002  -5.6933243121104265E-004
         422 -0.40878171657072959        1.8022971228705185E-002  -4.0425534708457507E-004
         423 -0.40357430616855450        1.8006023682608459E-002  -2.3414198338493408E-004
         424 -0.39836689576637974        1.7998172210412691E-002  -6.1760352010036982E-005
         425 -0.39315948536420464        1.7999463450348224E-002   1.1013535219191764E-004
         426 -0.38795207496202982        1.8009798625440641E-002   2.7880700913837420E-004
         427 -0.38274466455985506        1.8028936545920755E-002   4.4162568547351103E-004
         428 -0.37753725415767997        1.8056500958959200E-002   5.9609947978430538E-004
         429 -0.37232984375550521        1.8091984651582880E-002   7.3990172931253208E-004
         430 -0.36712243335333017        1.8134767802538917E-002   8.7094864481210104E-004
         431 -0.36191502295115535        1.8184120575305846E-002   9.8739310476381442E-004
         432 -0.35670761254898026        1.8239229703430650E-002   1.0876913524263683E-003
         433 -0.35150020214680555        1.8299200226964383E-002   1.1705930883513386E-003
         434 -0.34629279174463073        1.8363088065118934E-002   1.2351871292091956E-003
         435 -0.34108538134245564        1.8429900521575060E-002   1.2808882034267258E-003
         436 -0.33587797094028088        1.8498629984082859E-002   1.3074587187118850E-003
         437 -0.33067056053810578        1.8568265354995499E-002   1.3149960734112247E-003
         438 -0.32546315013593097        1.8637801932274004E-002   1.3039259384204920E-003
         439 -0.32025573973375626        1.8706275983311347E-002   1.2749874906537785E-003
         440 -0.31504832933158117        1.8772761020659078E-002   1.2292158426980573E-003
         441 -0.30984091892940641        1.8836402231370179E-002   1.1679081731448421E-003
         442 -0.30463350852723137        1.8896410894925674E-002   1.0926064851855043E-003
         443 -0.29942609812505655        1.8952092337611311E-002   1.0050495947508456E-003
         444 -0.29421868772288179        1.9002848179733998E-002   9.0714074643349039E-004
         445 -0.28901127732070675        1.9048179337417953E-002   8.0092087006670293E-004
         446 -0.28380386691853188        1.9087703968570274E-002   6.8850248994215370E-004
         447 -0.27859645651635684        1.9121147971615408E-002   5.7205856314918784E-004
         448 -0.27338904611418202        1.9148357591946535E-002   4.5374931553251010E-004
         449 -0.26818163571200726        1.9169288946560854E-002   3.3571515123414987E-004
         450 -0.26297422530983222        1.9184012452471175E-002   2.2000855199876679E-004
         451 -0.25776681490765746        1.9192703937334677E-002   1.0857109351070732E-004
         452 -0.25255940450548237        1.9195637909184701E-002   3.2120051268454588E-006
         453 -0.24735199410330758        1.9193180781949992E-002  -9.4448833263386582E-005
         454 -0.24214458370113282        1.9185780055334337E-002  -1.8297631276612155E-004
         455 -0.23693717329895775        1.9173952533495395E-002  -2.6116897776711217E-004
         456 -0.23172976289678293        1.9158274227002101E-002  -3.2805007280277599E-004
         457 -0.22652235249460786        1.9139364170236997E-002  -3.8290128215475166E-004
         458 -0.22131494209243308        1.9117875478670467E-002  -4.2525002736926832E-004
         459 -0.21610753169025831        1.9094477328491417E-002  -4.5488576232163792E-004
         460 -0.21090012128808325        1.9069843185255536E-002  -4.7184855858197053E-004
         461 -0.20569271088590849        1.9044640576161582E-002  -4.7642117672470305E-004
         462 -0.20048530048373342        1.9019512201576445E-002  -4.6911967851840828E-004
         463 -0.19527789008155863        1.8995071209821742E-002  -4.5067538836285977E-004
         464 -0.19007047967938384        1.8971883184719616E-002  -4.2201262056436838E-004
         465 -0.18486306927720877        1.8950463358759797E-002  -3.8423035018140080E-004
         466 -0.17965565887503399        1.8931262270009793E-002  -3.3856976981145280E-004
         467 -0.17444824847285892        1.8914661660901302E-002  -2.8638784897965050E-004
         468 -0.16924083807068413        1.8900970497039166E-002  -2.2913443239349439E-004
         469 -0.16403342766850906        1.8890417240452838E-002  -1.6830792434151086E-004
         470 -0.15882601726633427        1.8883151584936909E-002  -1.0544040649959357E-004
         471 -0.15361860686415948        1.8879240926466961E-002  -4.2049526130899247E-005
         472 -0.14841119646198445        1.8878673541854574E-002   2.0373744034066650E-005
         473 -0.14320378605980968        1.8881360123641184E-002   8.0411826089226782E-005
         474 -0.13799637565763459        1.8887138097408548E-002   1.3672971049802027E-004
         475 -0.13278896525545980        1.8895777515384255E-002   1.8811485331794085E-004
         476 -0.12758155485328501        1.8906987967802470E-002   2.3349179490494650E-004
         477 -0.12237414445110996        1.8920424735424983E-002   2.7193688634881939E-004
         478 -0.11716673404893516        1.8935700537127901E-002   3.0270457077766726E-004
         479 -0.11195932364676009        1.8952391190133602E-002   3.2522835560099320E-004
         480 -0.10675191324458531        1.8970049927483679E-002   3.3913774109831237E-004
         481 -0.10154450284241054        1.8988212997524921E-002   3.4425614892343964E-004
         482  -9.6337092440235458E-002   1.9006414471212072E-002   3.4060567596599879E-004
         483  -9.1129682038060697E-002   1.9024194722685354E-002   3.2840087096346472E-004
         484  -8.5922271635885630E-002   1.9041108609288301E-002   3.0804444859350034E-004
         485  -8.0714861233710841E-002   1.9056739503698118E-002   2.8011295955341552E-004
         486  -7.5507450831536066E-002   1.9070703488513745E-002   2.4534870391756426E-004
         487  -7.0300040429360985E-002   1.9082661963277615E-002   2.0463495330191110E-004
         488  -6.5092630027186210E-002   1.9092324891156542E-002   1.5898624712883214E-004
         489  -5.9885219625011143E-002   1.9099460088262993E-002   1.0951681060739884E-004
         490  -5.4677809222836354E-002   1.9103896421096490E-002   5.7420554513756692E-005
         491  -4.9470398820661572E-002   1.9105527325910743E-002   3.9520668746720484E-006
         492  -4.4262988418486506E-002   1.9104313900963163E-002  -4.9612850832752491E-005
         493  -3.9055578016311723E-002   1.9100285259858438E-002  -1.0198878489089402E-004
         494  -3.3848167614136650E-002   1.9093537580334972E-002  -1.5192270863063841E-004
         495  -2.8640757211961871E-002   1.9084233228116143E-002  -1.9820547832018128E-004
         496  -2.3433346809786804E-002   1.9072595448739592E-002  -2.3971141653614334E-004
         497  -1.8225936407612022E-002   1.9058906299293420E-002  -2.7540920866089385E-004
         498  -1.3018526005437242E-002   1.9043497993543070E-002  -3.0439493822887896E-004
         499  -7.8111156032621707E-003   1.9026746828395547E-002  -3.2590645055300641E-004
         500  -2.6037052010871018E-003   1.9009067226084343E-002  -3.3933939537106653E-004
         501   2.6037052010876791E-003   1.8990899217751329E-002  -3.4426620886069293E-004
         502   7.8111156032624604E-003   1.8972700618388329E-002  -3.4044346955060619E-004
         503   1.3018526005437242E-002   1.8954938395201223E-002  -3.2782061201927590E-004
         504   1.8225936407612022E-002   1.8938076322331472E-002  -3.0654419043076042E-004
         505   2.3433346809787384E-002   1.8922566227554980E-002  -2.7696003038840244E-004
         506   2.8640757211962159E-002   1.8908833264981339E-002  -2.3960032507953704E-004
         507   3.3848167614136941E-002   1.8897272598467699E-002  -1.9518884572639503E-004
         508   3.9055578016311723E-002   1.8888235804540836E-002  -1.4462545906466471E-004
         509   4.4262988418486506E-002   1.8882020769515832E-002  -8.8957982897984529E-005
         510   4.9470398820661864E-002   1.8878867653676867E-002  -2.9385764588733673E-005
         511   5.4677809222836639E-002   1.8878949171481467E-002   3.2775964712663965E-005
         512   5.9885219625011435E-002   1.8882365271926875E-002   9.6112323634984172E-005
         513   6.5092630027186210E-002   1.8889140016492691E-002   1.5915369189404424E-004
         514   7.0300040429360985E-002   1.8899217222426514E-002   2.2037671360318072E-004
         515   7.5507450831536344E-002   1.8912458804505598E-002   2.7824845927309366E-004
         516   8.0714861233711133E-002   1.8928648971807800E-002   3.3126910976512757E-004
         517   8.5922271635885922E-002   1.8947490412333980E-002   3.7797792487939984E-004
         518   9.1129682038060697E-002   1.8968611457038799E-002   4.1700110104448415E-004
         519   9.6337092440235458E-002   1.8991568717236181E-002   4.4707563764891464E-004
         520  0.10154450284241083        1.9015860568029438E-002   4.6708588080438045E-004
         521  0.10675191324458561        1.9040925386417964E-002   4.7607692065869042E-004
         522  0.11195932364676038        1.9066155796626245E-002   4.7328853519285828E-004
         523  0.11716673404893516        1.9090915085706161E-002   4.5817183321579156E-004
         524  0.12237414445110996        1.9114537982744526E-002   4.3040760149347981E-004
         525  0.12758155485328532        1.9136350501931444E-002   3.8991959504835550E-004
         526  0.13278896525546008        1.9155679970772506E-002   3.3688737771187628E-004
         527  0.13799637565763487        1.9171873893609536E-002   2.7173430189432907E-004
         528  0.14320378605980968        1.9184305105670540E-002   1.9514973515145494E-004
         529  0.14841119646198445        1.9192390553785438E-002   1.0807561420878459E-004
         530  0.15361860686415979        1.9195604789445174E-002   1.1673302676157129E-005
         531  0.15882601726633455        1.9193488688352304E-002  -9.2654307879182053E-005
         532  0.16403342766850934        1.9185663447757614E-002  -2.0330753175525968E-004
         533  0.16924083807068413        1.9171841168988596E-002  -3.1850041892924762E-004
         534  0.17444824847285892        1.9151829130878123E-002  -4.3632319473305901E-004
         535  0.17965565887503426        1.9125542783088013E-002  -5.5472494107160588E-004
         536  0.18486306927720905        1.9093010018934705E-002  -6.7157398190637095E-004
         537  0.19007047967938384        1.9054365406778167E-002  -7.8472148278895318E-004
         538  0.19527789008155863        1.9009865437531182E-002  -8.9199081511384096E-004
         539  0.20048530048373342        1.8959878647519135E-002  -9.9125256135032059E-004
         540  0.20569271088590876        1.8904888703780397E-002  -1.0804514151513708E-003
         541  0.21090012128808355        1.8845472874224677E-002  -1.1576720152564886E-003
         542  0.21610753169025831        1.8782318346353855E-002  -1.2211397935419633E-003
         543  0.22131494209243308        1.8716197204109906E-002  -1.2692849368269022E-003
         544  0.22652235249460786        1.8647963742018429E-002  -1.3007684259417080E-003
         545  0.23172976289678321        1.8578521505894976E-002  -1.3145206901129861E-003
         546  0.23693717329895803        1.8508838153144719E-002  -1.3097543218618432E-003
         547  0.24214458370113282        1.8439914851986365E-002  -1.2859982492921182E-003
         548  0.24735199410330758        1.8372754390679431E-002  -1.2431025198021172E-003
         549  0.25255940450548298        1.8308373398744610E-002  -1.1812584317818882E-003
         550  0.25776681490765774        1.8247764389512297E-002  -1.1009966830598952E-003
         551  0.26297422530983250        1.8191886574759324E-002  -1.0031931041029798E-003
         552  0.26818163571200726        1.8141632443351687E-002  -8.8902970631877523E-004
         553  0.27338904611418202        1.8097834973107685E-002  -7.6002095086799039E-004
         554  0.27859645651635739        1.8061237517062671E-002  -6.1797500436483607E-004
         555  0.28380386691853221        1.8032473363925477E-002  -4.6492985813668936E-004
         556  0.28901127732070697        1.8012068634120852E-002  -3.0318080938356707E-004
         557  0.29421868772288179        1.8000420149487734E-002  -1.3520132671621078E-004
         558  0.29942609812505655        1.7997789357394364E-002   3.6378138929348511E-005
         559  0.30463350852723192        1.8004295788975017E-002   2.0886670034951006E-004
         560  0.30984091892940668        1.8019914329859776E-002   3.7948822969917221E-004
         561  0.31504832933158150        1.8044470515856989E-002   5.4547020250870506E-004
         562  0.32025573973375626        1.8077650305479726E-002   7.0413081257912733E-004
         563  0.32546315013593097        1.8118993736157052E-002   8.5285861118333253E-004
         564  0.33067056053810640        1.8167908355339189E-002   9.8921098183618475E-004
         565  0.33587797094028110        1.8223673125336463E-002   1.1109415460782729E-003
         566  0.34108538134245597        1.8285467008741892E-002   1.2160784240720190E-003
         567  0.34629279174463073        1.8352359085073423E-002   1.3029113760716503E-003
         568  0.35150020214680555        1.8423335189509758E-002   1.3700585819967968E-003
         569  0.35670761254898087        1.8497332798029172E-002   1.4165038134896593E-003
         570  0.36191502295115568        1.8573229553466818E-002   1.4415892232245888E-003
         571  0.36712243335333039        1.8649883719335979E-002   1.4450508228281448E-003
         572  0.37232984375550521        1.8726144583598472E-002   1.4270220096073980E-003
         573  0.37753725415767997        1.8800895364327691E-002   1.3880259736003520E-003
         574  0.38274466455985534        1.8873040905758670E-002   1.3289747753859416E-003
         575  0.38795207496203010        1.8941545023244789E-002   1.2511553288173207E-003
         576  0.39315948536420497        1.9005463417085804E-002   1.1561820070695311E-003
         577  0.39836689576637974        1.9063931507540398E-002   1.0459991176382675E-003
         578  0.40357430616855450        1.9116200152733371E-002   9.2282191081821208E-004
         579  0.40878171657072987        1.9161641068692902E-002   7.8910779971277218E-004
         580  0.41398912697290458        1.9199770459236820E-002   6.4746848578363467E-004
         581  0.41919653737507939        1.9230237713935141E-002   5.0067536066732219E-004
         582  0.42440394777725415        1.9252844508724647E-002   3.5156609462717403E-004
         583  0.42961135817942897        1.9267543005394055E-002   2.0300725745400701E-004
         584  0.43481876858160429        1.9274438940661623E-002   5.7793786200970856E-005
         585  0.44002617898377910        1.9273781678502619E-002  -8.1343740155521518E-005
         586  0.44523358938595387        1.9265963211508846E-002  -2.1182836099069670E-004
         587  0.45044099978812863        1.9251504585846669E-002  -3.3131512109059214E-004
         588  0.45564841019030339        1.9231047213042116E-002  -4.3768249557344459E-004
         589  0.46085582059247870        1.9205336568276513E-002  -5.2911349902985759E-004
         590  0.46606323099465352        1.9175208168746627E-002  -6.0411772973619513E-004
         591  0.47127064139682845        1.9141560182538576E-002  -6.6158129298492696E-004
         592  0.47647805179900315        1.9105346770994923E-002  -7.0075616036262701E-004
         593  0.48168546220117797        1.9067551716905138E-002  -7.2129589334882867E-004
         594  0.48689287260335334        1.9029158243721381E-002  -7.2325933002675492E-004
         595  0.49210028300552805        1.8991144189619332E-002  -7.0709820026034224E-004
         596  0.49730769340770287        1.8954450338247289E-002  -6.7365224041373260E-004
         597  0.50251510380987763        1.8919965513930680E-002  -6.2413061348837813E-004
         598  0.50772251421205239        1.8888498157797740E-002  -5.6006797245688317E-004
         599  0.51292992461422782        1.8860774351669173E-002  -4.8331013609963810E-004
         600  0.51813733501640258        1.8837414311736415E-002  -3.9596503714726998E-004
         601  0.52334474541857734        1.8818916093287095E-002  -3.0033166590963525E-004
         602  0.52855215582075210        1.8805655947951291E-002  -1.9888526264453461E-004
         603  0.53375956622292686        1.8797874358929184E-002  -9.4196554235037426E-005
         604  0.53896697662510218        1.8795674005578685E-002   1.1113211985806935E-005
         605  0.54417438702727694        1.8799018831391699E-002   1.1446197981667312E-004
         606  0.54938179742945181        1.8807737424560964E-002   2.1332008280179282E-004
         607  0.55458920783162646        1.8821526335556373E-002   3.0529158646494542E-004
         608  0.55979661823380189        1.8839963257258490E-002   3.8818683454407772E-004
         609  0.56500402863597665        1.8862512271034124E-002   4.6003240163294156E-004
         610  0.57021143903815152        1.8888541228774015E-002   5.1914271443614685E-004
         611  0.57541884944032640        1.8917334729667484E-002   5.6414849836748692E-004
         612  0.58062625984250105        1.8948120384268713E-002   5.9403942895402528E-004
         613  0.58583367024467647        1.8980075493489987E-002   6.0816728600668942E-004
         614  0.59104108064685124        1.9012353049718843E-002   6.0627483770244611E-004
         615  0.59624849104902600        1.9044109754932047E-002   5.8849554755186298E-004
         616  0.60145590145120087        1.9074512713423451E-002   5.5535051631230186E-004
         617  0.60666331185337563        1.9102769033718135E-002   5.0773619754562434E-004
         618  0.61187072225555095        1.9128141154163537E-002   4.4690712877733203E-004
         619  0.61707813265772571        1.9149971919098247E-002   3.7442753237724286E-004
         620  0.62228554305990047        1.9167689746332085E-002   2.9216021073471009E-004
         621  0.62749295346207523        1.9180830207409610E-002   2.0220558327236872E-004
         622  0.63270036386424999        1.9189045190070791E-002   1.0686252855934757E-004
         623  0.63790777426642531        1.9192113626831625E-002   8.5458318110332916E-006
         624  0.64311518466860007        1.9189943651733640E-002  -9.0230491847155989E-005
         625  0.64832259507077494        1.9182578640489042E-002  -1.8693375098154607E-004
         626  0.65353000547294970        1.9170193309409243E-002  -2.7909438138021568E-004
         627  0.65873741587512447        1.9153093072759482E-002  -3.6432399480925011E-004
         628  0.66394482627729989        1.9131705314799234E-002  -4.4040146317614456E-004
         629  0.66915223667947465        1.9106571702833718E-002  -5.0531603582150094E-004
         630  0.67435964708164942        1.9078327952184709E-002  -5.5733483431171578E-004
         631  0.67956705748382429        1.9047699540546231E-002  -5.9501830184672004E-004
         632  0.68477446788599905        1.9015479717343436E-002  -6.1727545750209711E-004
         633  0.68998187828817448        1.8982502715183258E-002  -6.2339283332822583E-004
         634  0.69518928869034924        1.8949637373181168E-002  -6.1304492939545597E-004
         635  0.70039669909252400        1.8917756713774055E-002  -5.8631282024363361E-004
         636  0.70560410949469865        1.8887720751223157E-002  -5.4368719362455828E-004
         637  0.71081151989687341        1.8860346608825362E-002  -4.8604698332476565E-004
         638  0.71601893029904884        1.8836400873948982E-002  -4.1466054022284570E-004
         639  0.72122634070122360        1.8816572481039132E-002  -3.3115449526005552E-004
         640  0.72643375110339847        1.8801451628101287E-002  -2.3745648856350005E-004
         641  0.73164116150557323        1.8791522544960221E-002  -1.3578885329932269E-004
         642  0.73684857190774800        1.8787144027182904E-002  -2.8595969983956115E-005
         643  0.74205598230992331        1.8788540069226908E-002   8.1497212544056285E-005
         644  0.74726339271209807        1.8795793092073493E-002   1.9177656687311778E-004
         645  0.75247080311427283        1.8808838997399994E-002   2.9945355022807706E-004
         646  0.75767821351644771        1.8827464624601189E-002   4.0175403645533727E-004
         647  0.76288562391862247        1.8851316067457623E-002   4.9600398936609845E-004
         648  0.76809303432079767        1.8879896425696697E-002   5.7964819578037194E-004
         649  0.77330044472297255        1.8912579897480256E-002   6.5034075146904108E-004
         650  0.77850785512514731        1.8948620158684943E-002   7.0599036479224923E-004
         651  0.78371526552732218        1.8987176049739141E-002   7.4482614707768974E-004
         652  0.78892267592949705        1.9027313519696470E-002   7.6541762204171762E-004
         653  0.79413008633167226        1.9068032629168601E-002   7.6672913297838184E-004
         654  0.79933749673384702        1.9108298288903740E-002   7.4814223210910964E-004
         655  0.80454490713602189        1.9147045265478991E-002   7.0947378972490230E-004
         656  0.80975231753819665        1.9183213368332428E-002   6.5098686728858805E-004
         657  0.81495972794037141        1.9215765987647262E-002   5.7339524335905002E-004
         658  0.82016713834254684        1.9243722539376545E-002   4.7782878442373850E-004
         659  0.82537454874472160        1.9266166802724197E-002   3.6584637922367099E-004
         660  0.83058195914689625        1.9282277776061861E-002   2.3938489691804928E-004
         661  0.83578936954907113        1.9291346128627596E-002   1.0073571939772390E-004
         662  0.84099677995124589        1.9292793355878340E-002  -4.7542650382621077E-005
         663  0.84620419035342120        1.9286182198476987E-002  -2.0261789663658365E-004
         664  0.85141160075559608        1.9271232598153259E-002  -3.6147069463600547E-004
         665  0.85661901115777084        1.9247824028938085E-002  -5.2099458481059079E-004
         666  0.86182642155994560        1.9216006638655695E-002  -6.7799343841218275E-004
         667  0.86703383196212036        1.9175998704191417E-002  -8.2929495354017375E-004
         668  0.87224124236429579        1.9128188647923077E-002  -9.7179721943534028E-004
         669  0.87744865276647055        1.9073114685795797E-002  -1.1025752849736219E-003
         670  0.88265606316864542        1.9011476060174205E-002  -1.2188824712647470E-003
         671  0.88786347357082018        1.8944112143269378E-002  -1.3182444408527492E-003
         672  0.89307088397299494        1.8871970133221217E-002  -1.3985288766284118E-003
         673  0.89827829437517026        1.8796115942176131E-002  -1.4579483351792883E-003
         674  0.90348570477734502        1.8717694637046669E-002  -1.4951282563528318E-003
         675  0.90869311517951978        1.8637918542767175E-002  -1.5091282413269350E-003
         676  0.91390052558169466        1.8558020572339330E-002  -1.4994641937397563E-003
         677  0.91910793598386986        1.8479264392238987E-002  -1.4661121805361211E-003
         678  0.92431534638604462        1.8402902185372955E-002  -1.4095189958267811E-003
         679  0.92952275678821950        1.8330134157848017E-002  -1.3305722430194879E-003
         680  0.93473016719039426        1.8262118030465197E-002  -1.2306050274913578E-003
         681  0.93993757759256902        1.8199924501597478E-002  -1.1113522041413851E-003
         682  0.94514498799474445        1.8144526039677089E-002  -9.7492632903101509E-004
         683  0.95035239839691921        1.8096763117206156E-002  -8.2373177346168431E-004
         684  0.95555980879909386        1.8057352483310640E-002  -6.6047185655038437E-004
         685  0.96076721920126873        1.8026859704932379E-002  -4.8806584848373795E-004
         686  0.96597462960344349        1.8005685623730647E-002  -3.0954630457669482E-004
         687  0.97118204000561892        1.7994073249919015E-002  -1.2806947353652913E-004
         688  0.97638945040779368        1.7992095450492022E-002   5.3199499454170544E-005
         689  0.98159686080996844        1.7999657212027016E-002   2.3112727874176993E-004
         690  0.98680427121214320        1.8016502570449493E-002   4.0272708369866754E-004
         691  0.99201168161431807        1.8042218684670711E-002   5.6514229018443565E-004
         692  0.99721909201649328        1.8076245083821635E-002   7.1574409254421397E-004
         693   1.0024265024186680        1.8117897183856674E-002   8.5221176322568585E-004
         694   1.0076339128208429        1.8166367365121346E-002   9.7251144998928435E-004
         695   1.0128413232230176        1.8220752189734905E-002   1.0749770076947448E-003
         696   1.0180487336251924        1.8280065516817608E-002   1.1583215484958890E-003
         697   1.0232561440273678        1.8343276883627180E-002   1.2216792956242627E-003
         698   1.0284635544295426        1.8409307524038201E-002   1.2645796029008560E-003
         699   1.0336709648317173        1.8477069177916004E-002   1.2869731946349168E-003
         700   1.0388783752338921        1.8545476886004313E-002   1.2892176384903763E-003
         701   1.0440857856360670        1.8613489859699510E-002   1.2720592841412358E-003
         702   1.0492931960382423        1.8680101841510619E-002   1.2366068212561752E-003
         703   1.0545006064404172        1.8744374744465084E-002   1.1843044933052282E-003
         704   1.0597080168425921        1.8805468563270665E-002   1.1168750373152831E-003
         705   1.0649154272447667        1.8862627766942364E-002   1.0362968624259147E-003
         706   1.0701228376469416        1.8915211710117962E-002   9.4473996439565892E-004
         707   1.0753302480491169        1.8962695620124898E-002   8.4452315131809241E-004
         708   1.0805376584512916        1.9004689923887905E-002   7.3802916244072934E-004
         709   1.0857450688534664        1.9040922787200043E-002   6.2769213390550008E-004
         710   1.0909524792556411        1.9071252325805019E-002   5.1592187246358274E-004
         711   1.0961598896578160        1.9095668520458752E-002   4.0502513164198062E-004
         712   1.1013673000599913        1.9114274600693485E-002   2.9720395096929350E-004
         713   1.1065747104621662        1.9127288125907714E-002   1.9447761786852430E-004
         714   1.1117821208643410        1.9135027848325447E-002   9.8656875454685157E-005
         715   1.1169895312665157        1.9137903203951340E-002   1.1282680106575610E-005
         716   1.1221969416686906        1.9136397039162065E-002  -6.6359495619759202E-005
         717   1.1274043520708656        1.9131053469272796E-002  -1.3328319966473675E-004
         718   1.1326117624730405        1.9122459248077438E-002  -1.8882425030549381E-004
         719   1.1378191728752152        1.9111229648852372E-002  -2.3261577655382692E-004
         720   1.1430265832773903        1.9097990664243589E-002  -2.6460443006771505E-004
         721   1.1482339936795649        1.9083364264840159E-002  -2.8503261330906765E-004
         722   1.1534414040817402        1.9067948806293238E-002  -2.9442483927662232E-004
         723   1.1586488144839149        1.9052311294030719E-002  -2.9355376020017890E-004
         724   1.1638562248860898        1.9036971686368559E-002  -2.8341689755572255E-004
         725   1.1690636352882644        1.9022388667809195E-002  -2.6519531906991792E-004
         726   1.1742710456904395        1.9008957484050727E-002  -2.4021847291028311E-004
         727   1.1794784560926148        1.8996998812751319E-002  -2.0991945304878906E-004
         728   1.1846858664947895        1.8986756196011537E-002  -1.7579400879480704E-004
         729   1.1898932768969643        1.8978391207727895E-002  -1.3934610554024079E-004
         730   1.1951006872991390        1.8971988214956756E-002  -1.0205929513675161E-004
         731   1.2003080977013136        1.8967554124975975E-002  -6.5348067726606168E-005
         732   1.2055155081034892        1.8965022770380702E-002  -3.0511124366663414E-005
         733   1.2107229185056640        1.8964263470676736E-002   1.2871483272078979E-006
         734   1.2159303289078387        1.8965087977018263E-002   2.9057012027385696E-005
         735   1.2211377393100136        1.8967260447604741E-002   5.2003227513748445E-005
         736   1.2263451497121887        1.8970509068907251E-002   6.9549093532695621E-005
         737   1.2315525601143638        1.8974536752508826E-002   8.1337663421975149E-005
         738   1.2367599705165384        1.8979033761268610E-002   8.7243103541328646E-005
         739   1.2419673809187133        1.8983689390426814E-002   8.7366534827558817E-005
         740   1.2471747913208879        1.8988205133286959E-002   8.2026395011953448E-005
         741   1.2523822017230635        1.8992303789661932E-002   7.1742778687662655E-005
         742   1.2575896121252381        1.8995740763023034E-002   5.7217506723425987E-005
         743   1.2627970225274132        1.8998313545668690E-002   3.9302621544344392E-005
         744   1.2680044329295879        1.8999867546966562E-002   1.8975506300293351E-005
         745   1.2732118433317627        1.9000302727224395E-002  -2.6998370519334653E-006
         746   1.2784192537339378        1.8999577079386001E-002  -2.4607647628505596E-005
         747   1.2836266641361127        1.8997707972103293E-002  -4.5625517841085223E-005
         748   1.2888340745382874        1.8994772031991090E-002  -6.4653945662275828E-005
         749   1.2940414849404624        1.8990902834682376E-002  -8.0660053778895457E-005
         750   1.2992488953426371        1.8986285247776638E-002  -9.2716887678948344E-005
         751   1.3044563057448124        1.8981150776064826E-002  -1.0002996933345621E-004
         752   1.3096637161469873        1.8975768476631395E-002  -1.0197186843127041E-004
         753   1.3148711265491619        1.8970436103248559E-002  -9.8106322151808118E-005
         754   1.3200785369513366        1.8965467917690295E-002  -8.8206083321542214E-005
         755   1.3252859473535115        1.8961185502992733E-002  -7.2267839594992655E-005
         756   1.3304933577556870        1.8957904338162773E-002  -5.0520043948230835E-005
         757   1.3357007681578617        1.8955921080912371E-002  -2.3416216547046778E-005
         758   1.3409081785600365        1.8955502970727112E-002   8.3625749439221890E-006
         759   1.3461155889622112        1.8956875290742994E-002   4.3927309318321724E-005
         760   1.3513229993643858        1.8960210735470030E-002   8.2197042223338079E-005
         761   1.3565304097665614        1.8965621153041980E-002   1.2193635706068319E-004
         762   1.3617378201687362        1.8973148294741660E-002   1.6177031929694310E-004
         763   1.3669452305709109        1.8982757835519840E-002   2.0022890761743471E-004
         764   1.3721526409730858        1.8994338126500001E-002   2.3579520946021674E-004
         765   1.3773600513752604        1.9007694227000365E-002   2.6693119434266168E-004
         766   1.3825674617774357        1.9022551018133847E-002   2.9213308883603795E-004
         767   1.3877748721796106        1.9038554250559267E-002   3.0997203389164816E-004
         768   1.3929822825817855        1.9055280429975847E-002   3.1914237792440999E-004
         769   1.3981896929839601        1.9072237325306097E-002   3.1849554281803365E-004
         770   1.4033971033861350        1.9088876945869634E-002   3.0708561726407922E-004
         771   1.4086045137883103        1.9104610735122974E-002   2.8419812508844388E-004
         772   1.4138119241904850        1.9118815551693175E-002   2.4938408228984053E-004
         773   1.4190193345926596        1.9130853145422611E-002   2.0248072609748037E-004
         774   1.4242267449948347        1.9140084065281684E-002   1.4363298908704410E-004
         775   1.4294341553970094        1.9145886467653823E-002   7.3284758889038631E-005
         776   1.4346415657991847        1.9147668690910759E-002  -7.7943186294284451E-006
         777   1.4398489762013595        1.9144888655290425E-002  -9.8531474057840979E-005
         778   1.4450563866035342        1.9137069776389844E-002  -1.9755406419232183E-004
         779   1.4502637970057088        1.9123813314854507E-002  -3.0324082036525590E-004
         780   1.4554712074078839        1.9104815298191091E-002  -4.1370836797266904E-004
         781   1.4606786178100595        1.9079878530538410E-002  -5.2686719947029985E-004
         782   1.4658860282122341        1.9048915133462865E-002  -6.4048970565484342E-004
         783   1.4710934386144088        1.9011964697884992E-002  -7.5220822471811334E-004
         784   1.4763008490165836        1.8969192340437570E-002  -8.5959868897302223E-004
         785   1.4815082594187583        1.8920895944158564E-002  -9.6021954126814240E-004
         786   1.4867156698209338        1.8867490947930346E-002  -1.0516957047397261E-003
         787   1.4919230802231087        1.8809527370276184E-002  -1.1317306444428360E-003
         788   1.4971304906252834        1.8747674056439720E-002  -1.1981864354517968E-003
         789   1.5023379010274580        1.8682694228794722E-002  -1.2491466942515931E-003
         790   1.5075453114296329        1.8615459940608148E-002  -1.2829363107835457E-003
         791   1.5127527218318084        1.8546919725323213E-002  -1.2981854630994786E-003
         792   1.5179601322339831        1.8478090906232768E-002  -1.2938631285350929E-003
         793   1.5231675426361579        1.8410020993712528E-002  -1.2693052407495905E-003
         794   1.5283749530383326        1.8343797304060425E-002  -1.2242395284256663E-003
         795   1.5335823634405075        1.8280510313367023E-002  -1.1588058095814452E-003
         796   1.5387897738426826        1.8221218860604047E-002  -1.0735410287667755E-003
         797   1.5439971842448577        1.8166955768371639E-002  -9.6940418762167838E-004
         798   1.5492045946470323        1.8118687950127464E-002  -8.4774643497082360E-004
         799   1.5544120050492072        1.8077303309489558E-002  -7.1030394172283710E-004
         800   1.5596194154513818        1.8043580215865319E-002  -5.5912708058249356E-004
         801   1.5648268258535571        1.8018188151457618E-002  -3.9660185450557655E-004
         802   1.5700342362557318        1.8001661018766369E-002  -2.2537856636655360E-004
         803   1.5752416466579069        1.7994383754493398E-002  -4.8279637671351753E-005
         804   1.5804490570600815        1.7996589876850426E-002   1.3168294248283973E-004
         805   1.5856564674622569        1.8008349546538373E-002   3.1141714836899404E-004
         806   1.5908638778644317        1.8029566004359631E-002   4.8778964663308944E-004
         807   1.5960712882666064        1.8059982544376470E-002   6.5774076377121606E-004
         808   1.6012786986687810        1.8099176925730452E-002   8.1827221736655356E-004
         809   1.6064861090709559        1.8146570083872295E-002   9.6655067791611739E-004
         810   1.6116935194731314        1.8201449380835500E-002   1.0999960942029024E-003
         811   1.6169009298753061        1.8262961310941208E-002   1.2162723427484939E-003
         812   1.6221083402774810        1.8330140601690560E-002   1.3133802146747609E-003
         813   1.6273157506796556        1.8401920228228098E-002   1.3896839645393079E-003
         814   1.6325231610818305        1.8477172894227307E-002   1.4439663586121297E-003
         815   1.6377305714840058        1.8554702026204812E-002   1.4754216190103122E-003
         816   1.6429379818861807        1.8633285415597799E-002   1.4836958040661656E-003
         817   1.6481453922883553        1.8711688474934610E-002   1.4688896593302418E-003
         818   1.6533528026905302        1.8788710787606772E-002   1.4315501222300965E-003
         819   1.6585602130927048        1.8863175742702260E-002   1.3726645010173264E-003
         820   1.6637676234948806        1.8933970968042550E-002   1.2936424912074111E-003
         821   1.6689750338970553        1.9000084085026039E-002   1.1962614919848592E-003
         822   1.6741824442992301        1.9060591499025701E-002   1.0826619113171903E-003
         823   1.6793898547014048        1.9114696303086511E-002   9.5527934347599923E-004
         824   1.6845972651035797        1.9161734473395833E-002   8.1680705964589197E-004
         825   1.6898046755057547        1.9201199497377086E-002   6.7009736714978110E-004
         826   1.6950120859079296        1.9232730441005819E-002   5.1815983052222404E-004
         827   1.7002194963101045        1.9256129719251648E-002   3.6406874614786300E-004
         828   1.7054269067122794        1.9271367213078004E-002   2.1086282478355927E-004
         829   1.7106343171144540        1.9278568326051453E-002   6.1547044114233641E-005
         830   1.7158417275166293        1.9278016065649009E-002  -8.1014893996666633E-005
         831   1.7210491379188040        1.9270141370930211E-002  -2.1414018599449959E-004
         832   1.7262565483209789        1.9255508737176793E-002  -3.3541980579278552E-004
         833   1.7314639587231535        1.9234805324375794E-002  -4.4271022233909686E-004
         834   1.7366713691253286        1.9208824420148856E-002  -5.3420915299671882E-004
         835   1.7418787795275037        1.9178439032943428E-002  -6.0850553198345855E-004
         836   1.7470861899296783        1.9144592733366540E-002  -6.6456605130660730E-004
         837   1.7522936003318532        1.9108270874094186E-002  -7.0177985464654194E-004
         838   1.7575010107340279        1.9070482751118657E-002  -7.1995843154729045E-004
         839   1.7627084211362027        1.9032228186378571E-002  -7.1933762428809964E-004
         840   1.7679158315383783        1.8994491862523232E-002  -7.0055856795347743E-004
         841   1.7731232419405532        1.8958213765566514E-002  -6.6465712940292525E-004
         842   1.7783306523427278        1.8924261588477986E-002  -6.1302144097267466E-004
         843   1.7835380627449027        1.8893428290026180E-002  -5.4737083287198062E-004
         844   1.7887454731470773        1.8866405420709637E-002  -4.6970299264962180E-004
         845   1.7939528835492531        1.8843773673197076E-002  -3.8225300915693740E-004
         846   1.7991602939514277        1.8825985864543936E-002  -2.8741325691670149E-004
         847   1.8043677043536026        1.8813368900988312E-002  -1.8771376390392094E-004
         848   1.8095751147557773        1.8806112500710792E-002  -8.5745221783040080E-005
         849   1.8147825251579519        1.8804267746458679E-002   1.5924944064928343E-005
         850   1.8199899355601270        1.8807751868400523E-002   1.1476793572443285E-004
         851   1.8251973459623021        1.8816350520277497E-002   2.0838052729127494E-004
         852   1.8304047563644767        1.8829725100520309E-002   2.9452606042474494E-004
         853   1.8356121667666516        1.8847427437734331E-002   3.7120823955514963E-004
         854   1.8408195771688263        1.8868906934044964E-002   4.3667755250194893E-004
         855   1.8460269875710018        1.8893529216557105E-002   4.8949389980624386E-004
         856   1.8512343979731765        1.8920590215149663E-002   5.2854745824578212E-004
         857   1.8564418083753516        1.8949342382836156E-002   5.5309046383403802E-004
         858   1.8616492187775262        1.8979002103120500E-002   5.6273329803814770E-004
         859   1.8668566291797011        1.9008774860341918E-002   5.5746197645835513E-004
         860   1.8720640395818762        1.9037881574534492E-002   5.3762773442363838E-004
         861   1.8772714499840508        1.9065564821478233E-002   5.0393627688737595E-004
         862   1.8824788603862257        1.9091115697414604E-002   4.5742607136420440E-004
         863   1.8876862707884003        1.9113887057862003E-002   3.9944387428383568E-004
         864   1.8928936811905761        1.9133315063870719E-002   3.3159146444599404E-004
         865   1.8981010915927508        1.9148922428384389E-002   2.5570914683085001E-004
         866   1.9033085019949256        1.9160335343309926E-002   1.7381920527480816E-004
         867   1.9085159123971003        1.9167292922799190E-002   8.8055240085671704E-005
         868   1.9137233227992749        1.9169647710490491E-002   6.4474936226803983E-007
         869   1.9189307332014502        1.9167371901693549E-002  -8.6168471498101825E-005
         870   1.9241381436036251        1.9160556740328360E-002  -1.7016706584132356E-004
         871   1.9293455540057998        1.9149407093327676E-002  -2.4923717188423512E-004
         872   1.9345529644079746        1.9134238528928829E-002  -3.2138253344565987E-004
         873   1.9397603748101493        1.9115468661699563E-002  -3.8479178989510895E-004
         874   1.9449677852123251        1.9093600965662861E-002  -4.3789216506614180E-004
         875   1.9501751956144997        1.9069219988567608E-002  -4.7935851318232242E-004
         876   1.9553826060166746        1.9042971459679640E-002  -5.0816245700565157E-004
         877   1.9605900164188492        1.9015549387956361E-002  -5.2358989802449058E-004
         878   1.9657974268210241        1.8987670931890185E-002  -5.2525993130360794E-004
         879   1.9710048372231992        1.8960070552700107E-002  -5.1312573557111250E-004
         880   1.9762122476253738        1.8933476059647330E-002  -4.8748196555217820E-004
         881   1.9814196580275492        1.8908585242189760E-002  -4.4894653244996290E-004
         882   1.9866270684297240        1.8886060342977396E-002  -3.9845587948502998E-004
         883   1.9918344788318987        1.8866504227951900E-002  -3.3723551700304283E-004
         884   1.9970418892340738        1.8850448713088074E-002  -2.6677716555201583E-004
         885   2.0022492996362486        1.8838337274542566E-002  -1.8878240435495227E-004
         886   2.0074567100384235        1.8830521115889055E-002  -1.0515294988740122E-004
         887   2.0126641204405979        1.8827245661686986E-002  -1.7933012622151113E-005
         888   2.0178715308427728        1.8828644998220890E-002   7.0758463831717367E-005
         889   2.0230789412449486        1.8834739619806178E-002   1.5873883056898971E-004
         890   2.0282863516471235        1.8845434076521304E-002   2.4383625930086346E-004
         891   2.0334937620492979        1.8860517690602534E-002   3.2392703563644020E-004
         892   2.0387011724514728        1.8879673331528360E-002   3.9700561250774632E-004
         893   2.0439085828536476        1.8902477427899567E-002   4.6119448222108295E-004
         894   2.0491159932558225        1.8928412843350603E-002   5.1480872243719238E-004
         895   2.0543234036579974        1.8956876710409677E-002   5.5638390880103348E-004
         896   2.0595308140601722        1.8987201491394972E-002   5.8471828702095412E-004
         897   2.0647382244623471        1.9018656794167366E-002   5.9887982075627129E-004
         898   2.0699456348645220        1.9050470485517463E-002   5.9823840772942104E-004
         899   2.0751530452666973        1.9081852064724934E-002   5.8247311554920293E-004
         900   2.0803604556688722        1.9111995447292602E-002   5.5157744962325435E-004
         901   2.0855678660710470        1.9140104839309464E-002   5.0585839899033251E-004
         902   2.0907752764732219        1.9165407154760908E-002   4.4593213477114039E-004
         903   2.0959826868753968        1.9187174873641338E-002   3.7269070043459261E-004
         904   2.1011900972775717        1.9204729860931472E-002   2.8730699895557964E-004
         905   2.1063975076797465        1.9217463741860417E-002   1.9119944887739472E-004
         906   2.1116049180819210        1.9224851328302862E-002   8.5976372390610405E-005
         907   2.1168123284840958        1.9226455355115715E-002  -2.6557171649113766E-005
         908   2.1220197388862707        1.9221938897628972E-002  -1.4446418340483347E-004
         909   2.1272271492884465        1.9211071585177139E-002  -2.6570023425870023E-004
         910   2.1324345596906209        1.9193730162791380E-002  -3.8818956625001296E-004
         911   2.1376419700927958        1.9169905135563974E-002  -5.0981366298045343E-004
         912   2.1428493804949706        1.9139700315475402E-002  -6.2847803392301210E-004
         913   2.1480567908971455        1.9103321919162516E-002  -7.4217624387433608E-004
         914   2.1532642012993208        1.9061087336704568E-002  -8.4897473373135763E-004
         915   2.1584716117014953        1.9013410759031041E-002  -9.4708040287242237E-004
         916   2.1636790221036701        1.8960801286023128E-002  -1.0348552770397606E-003
         917   2.1688864325058450        1.8903838203461906E-002  -1.1108659297338998E-003
         918   2.1740938429080199        1.8843183330080553E-002  -1.1738656274608023E-003
         919   2.1793012533101952        1.8779559498314880E-002  -1.2228326544385551E-003
         920   2.1845086637123701        1.8713723609026071E-002  -1.2569867767215654E-003
         921   2.1897160741145449        1.8646481741303001E-002  -1.2757730220394024E-003
         922   2.1949234845167198        1.8578658438493191E-002  -1.2788768971032469E-003
         923   2.2001308949188942        1.8511093577842159E-002  -1.2662171842173686E-003
         924   2.2053383053210700        1.8444610865441514E-002  -1.2379322064937936E-003
         925   2.2105457157232449        1.8380035585187110E-002  -1.1943725347370469E-003
         926   2.2157531261254193        1.8318168675316781E-002  -1.1360871509525723E-003
         927   2.2209605365275942        1.8259764187588654E-002  -1.0637872869733659E-003
         928   2.2261679469297690        1.8205547303926217E-002  -9.7835104258155777E-004
         929   2.2313753573319439        1.8156188643774725E-002  -8.8078576612665303E-004
         930   2.2365827677341188        1.8112305308705588E-002  -7.7221750663943663E-004
         931   2.2417901781362937        1.8074443377046737E-002  -6.5383673712615849E-004
         932   2.2469975885384681        1.8043092790282451E-002  -5.2692392428434849E-004
         933   2.2522049989406443        1.8018671275442637E-002  -3.9279900463251084E-004
         934   2.2574124093428187        1.8001526669655651E-002  -2.5282103411867124E-004
         935   2.2626198197449936        1.7991931405306850E-002  -1.0833186812705857E-004
         936   2.2678272301471685        1.7990089588344353E-002   3.9296138408859939E-005
         937   2.2730346405493433        1.7996131049521198E-002   1.8869916784476461E-004
         938   2.2782420509515182        1.8010115843698601E-002   3.3856191843109710E-004
         939   2.2834494613536931        1.8032032615743123E-002   4.8755658221140782E-004
         940   2.2886568717558680        1.8061800839621459E-002   6.3438638381210571E-004
         941   2.2938642821580424        1.8099268732966894E-002   7.7776250221325209E-004
         942   2.2990716925602173        1.8144225442284331E-002   9.1644039817562390E-004
         943   2.3042791029623930        1.8196385392825490E-002   1.0491510856081314E-003
         944   2.3094865133645679        1.8255394190220500E-002   1.1746257569019427E-003
         945   2.3146939237667428        1.8320843355346898E-002   1.2916117438438897E-003
         946   2.3199013341689172        1.8392243994913949E-002   1.3988087454081181E-003
         947   2.3251087445710921        1.8469041999148814E-002   1.4948964166466674E-003
         948   2.3303161549732674        1.8550606240593261E-002   1.5785114314478582E-003
         949   2.3355235653754418        1.8636250228778860E-002   1.6482642451622655E-003
         950   2.3407309757776167        1.8725194390750023E-002   1.7026987675851475E-003
         951   2.3459383861797916        1.8816580019597740E-002   1.7403141710887712E-003
         952   2.3511457965819664        1.8909487488891416E-002   1.7595702536213579E-003
         953   2.3563532069841417        1.9002894368665649E-002   1.7588770667579618E-003
         954   2.3615606173863166        1.9095699694375190E-002   1.7366172282979699E-003
         955   2.3667680277884910        1.9186709753093570E-002   1.6911612069351887E-003
         956   2.3719754381906664        1.9274663773055273E-002   1.6208714410543418E-003
         957   2.3771828485928412        1.9358195243173483E-002   1.5241449207029822E-003
         958   2.3823902589950161        1.9435855056062677E-002   1.3994391516638030E-003
         959   2.3875976693971910        1.9506130437506278E-002   1.2452676417734274E-003
         960   2.3928050797993663        1.9567416611168162E-002   1.0602877328309962E-003
         961   2.3980124902015407        1.9618046913337409E-002   8.4330365239983153E-004
         962   2.4032199006037156        1.9656293946945954E-002   5.9333230279517274E-004
         963   2.4084273110058909        1.9680391030876883E-002   3.0956866230941334E-004
         964   2.4136347214080653        1.9688528929136632E-002  -8.4666294955200413E-006
         965   2.4188421318102402        1.9678884786042190E-002  -3.6093122690093250E-004
         966   2.4240495422124151        1.9649632413735796E-002  -7.4771118098598160E-004
         967   2.4292569526145895        1.9598965682148625E-002  -1.1682347641780587E-003
         968   2.4344643630167657        1.9525118308287400E-002  -1.6215413177951021E-003
         969   2.4396717734189401        1.9426394521511445E-002  -2.1061961188747996E-003
         970   2.4448791838211150        1.9301162662166374E-002  -2.6204129658531808E-003
         971   2.4500865942232899        1.9147922222343201E-002  -3.1618324797763825E-003
         972   2.4552940046254648        1.8965302447033372E-002  -3.7276545886144631E-003
         973   2.4605014150276396        1.8752110093456346E-002  -4.3145652228088801E-003
         974   2.4657088254298145        1.8507290612686966E-002  -4.9189186890920330E-003
         975   2.4709162358319894        1.8230043879693195E-002  -5.5365048472102866E-003
         976   2.4761236462341638        1.7919811162319620E-002  -6.1627013707121316E-003
         977   2.4813310566363387        1.7576218383319502E-002  -6.7926519255112026E-003
         978   2.4865384670385140        1.7199228342268655E-002  -7.4210429191825938E-003
         979   2.4917458774406889        1.6789069522869748E-002  -8.0423391531458180E-003
         980   2.4969532878428642        1.6346302696332485E-002  -8.6507591760727198E-003
         981   2.5021606982450386        1.5871700114140318E-002  -9.2405194907826949E-003
         982   2.5073681086472135        1.5366441738300880E-002  -9.8056471042409742E-003
         983   2.5125755190493888        1.4832030529440104E-002  -1.0340199059239483E-002
         984   2.5177829294515632        1.4270163825149692E-002  -1.0838453346462723E-002
         985   2.5229903398537381        1.3682956237164879E-002  -1.1294763001549739E-002
         986   2.5281977502559130        1.3072775418033431E-002  -1.1703798339145650E-002
         987   2.5334051606580879        1.2442308494081303E-002  -1.2060568241591641E-002
         988   2.5386125710602632        1.1794357780313416E-002  -1.2360600883306053E-002
         989   2.5438199814624380        1.1132087528196208E-002  -1.2599866771363351E-002
         990   2.5490273918646125        1.0458862919114553E-002  -1.2774946971812680E-002
         991   2.5542348022667873        9.7780669870397696E-003  -1.2883115612418517E-002
         992   2.5594422126689631        9.0933551175320267E-003  -1.2922319729193978E-002
         993   2.5646496230711375        8.4084227831715489E-003  -1.2891280350017201E-002
         994   2.5698570334733124        7.7270611570698852E-003  -1.2789522334934370E-002
         995   2.5750644438754873        7.0529185214121661E-003  -1.2617363099169944E-002
         996   2.5802718542776621        6.3897510213944842E-003  -1.2375967230426754E-002
         997   2.5854792646798375        5.7412282052464016E-003  -1.2067344633051110E-002
         998   2.5906866750820123        5.1107532040071445E-003  -1.1694246261360716E-002
         999   2.5958940854841868        4.5017006896729871E-003  -1.1260269173932956E-002
        1000   2.6011014958863625        3.9171885241355989E-003  -1.0769731151978207E-002
