           1   0.0000000000000000        0.0000000000000000       -3.0925027728080750     
           2   0.0000000000000000        0.0000000000000000       -2.9943280816078186     
           3   0.0000000000000000        0.0000000000000000       -2.8961533904075623     
           4   0.0000000000000000        0.0000000000000000       -2.7979786992073059     
           5   0.0000000000000000        0.0000000000000000       -2.6998040080070496     
           6   10.000000000000000        1.0000000000000000E-002  -2.6016293168067932     
           7   19.000000000000000        1.9000000000000000E-002  -2.5034546256065369     
           8   19.000000000000000        1.9000000000000000E-002  -2.4052799344062805     
           9   18.000000000000000        1.7999999999999999E-002  -2.3071052432060242     
          10   19.000000000000000        1.9000000000000000E-002  -2.2089305520057678     
          11   19.000000000000000        1.9000000000000000E-002  -2.1107558608055115     
          12   19.000000000000000        1.9000000000000000E-002  -2.0125811696052551     
          13   19.000000000000000        1.9000000000000000E-002  -1.9144064784049988     
          14   19.000000000000000        1.9000000000000000E-002  -1.8162317872047424     
          15   19.000000000000000        1.9000000000000000E-002  -1.7180570960044861     
          16   18.000000000000000        1.7999999999999999E-002  -1.6198824048042297     
          17   19.000000000000000        1.9000000000000000E-002  -1.5217077136039734     
          18   19.000000000000000        1.9000000000000000E-002  -1.4235330224037170     
          19   19.000000000000000        1.9000000000000000E-002  -1.3253583312034607     
          20   19.000000000000000        1.9000000000000000E-002  -1.2271836400032043     
          21   19.000000000000000        1.9000000000000000E-002  -1.1290089488029480     
          22   18.000000000000000        1.7999999999999999E-002  -1.0308342576026917     
          23   19.000000000000000        1.9000000000000000E-002 -0.93265956640243530     
          24   19.000000000000000        1.9000000000000000E-002 -0.83448487520217896     
          25   19.000000000000000        1.9000000000000000E-002 -0.73631018400192261     
          26   19.000000000000000        1.9000000000000000E-002 -0.63813549280166626     
          27   19.000000000000000        1.9000000000000000E-002 -0.53996080160140991     
          28   19.000000000000000        1.9000000000000000E-002 -0.44178611040115356     
          29   18.000000000000000        1.7999999999999999E-002 -0.34361141920089722     
          30   19.000000000000000        1.9000000000000000E-002 -0.24543672800064087     
          31   19.000000000000000        1.9000000000000000E-002 -0.14726203680038452     
          32   19.000000000000000        1.9000000000000000E-002  -4.9087345600128174E-002
          33   19.000000000000000        1.9000000000000000E-002   4.9087345600128174E-002
          34   19.000000000000000        1.9000000000000000E-002  0.14726203680038452     
          35   19.000000000000000        1.9000000000000000E-002  0.24543672800064087     
          36   18.000000000000000        1.7999999999999999E-002  0.34361141920089722     
          37   19.000000000000000        1.9000000000000000E-002  0.44178611040115356     
          38   19.000000000000000        1.9000000000000000E-002  0.53996080160140991     
          39   19.000000000000000        1.9000000000000000E-002  0.63813549280166626     
          40   19.000000000000000        1.9000000000000000E-002  0.73631018400192261     
          41   19.000000000000000        1.9000000000000000E-002  0.83448487520217896     
          42   19.000000000000000        1.9000000000000000E-002  0.93265956640243530     
          43   18.000000000000000        1.7999999999999999E-002   1.0308342576026917     
          44   19.000000000000000        1.9000000000000000E-002   1.1290089488029480     
          45   19.000000000000000        1.9000000000000000E-002   1.2271836400032043     
          46   19.000000000000000        1.9000000000000000E-002   1.3253583312034607     
          47   19.000000000000000        1.9000000000000000E-002   1.4235330224037170     
          48   19.000000000000000        1.9000000000000000E-002   1.5217077136039734     
          49   18.000000000000000        1.7999999999999999E-002   1.6198824048042297     
          50   19.000000000000000        1.9000000000000000E-002   1.7180570960044861     
          51   19.000000000000000        1.9000000000000000E-002   1.8162317872047424     
          52   19.000000000000000        1.9000000000000000E-002   1.9144064784049988     
          53   19.000000000000000        1.9000000000000000E-002   2.0125811696052551     
          54   19.000000000000000        1.9000000000000000E-002   2.1107558608055115     
          55   19.000000000000000        1.9000000000000000E-002   2.2089305520057678     
          56   18.000000000000000        1.7999999999999999E-002   2.3071052432060242     
          57   19.000000000000000        1.9000000000000000E-002   2.4052799344062805     
          58   19.000000000000000        1.9000000000000000E-002   2.5034546256065369     
          59   10.000000000000000        1.0000000000000000E-002   2.6016293168067932     
          60   0.0000000000000000        0.0000000000000000        2.6998040080070496     
          61   0.0000000000000000        0.0000000000000000        2.7979786992073059     
          62   0.0000000000000000        0.0000000000000000        2.8961533904075623     
          63   0.0000000000000000        0.0000000000000000        2.9943280816078186     
          64   0.0000000000000000        0.0000000000000000        3.0925027728080750     
