           1  -385.00000000000000       -25.499999430030584     
           2  -384.22922922922919       -25.448948380120612     
           3  -383.45845845845844       -25.397897330210643     
           4  -382.68768768768763       -25.346846280300667     
           5  -381.91691691691688       -25.295795230390699     
           6  -381.14614614614612       -25.244744180480730     
           7  -380.37537537537537       -25.193693130570757     
           8  -379.60460460460462       -25.142642080660785     
           9  -378.83383383383381       -25.091591030750813     
          10  -378.06306306306305       -25.040539980840844     
          11  -377.29229229229230       -24.989488930930872     
          12  -376.52152152152149       -24.938437881020899     
          13  -375.75075075075074       -24.887386831110931     
          14  -374.97997997997993       -24.836335781200958     
          15  -374.20920920920918       -24.785284731290986     
          16  -373.43843843843842       -24.734233681381017     
          17  -372.66766766766767       -24.683182631471045     
          18  -371.89689689689692       -24.632131581561076     
          19  -371.12612612612611       -24.581080531651104     
          20  -370.35535535535536       -24.530029481741131     
          21  -369.58458458458460       -24.478978431831163     
          22  -368.81381381381379       -24.427927381921190     
          23  -368.04304304304304       -24.376876332011218     
          24  -367.27227227227223       -24.325825282101246     
          25  -366.50150150150148       -24.274774232191277     
          26  -365.73073073073067       -24.223723182281304     
          27  -364.95995995995992       -24.172672132371332     
          28  -364.18918918918916       -24.121621082461363     
          29  -363.41841841841841       -24.070570032551391     
          30  -362.64764764764766       -24.019518982641422     
          31  -361.87687687687685       -23.968467932731446     
          32  -361.10610610610610       -23.917416882821477     
          33  -360.33533533533534       -23.866365832911509     
          34  -359.56456456456453       -23.815314783001536     
          35  -358.79379379379378       -23.764263733091564     
          36  -358.02302302302297       -23.713212683181592     
          37  -357.25225225225222       -23.662161633271623     
          38  -356.48148148148147       -23.611110583361651     
          39  -355.71071071071071       -23.560059533451678     
          40  -354.93993993993996       -23.509008483541709     
          41  -354.16916916916915       -23.457957433631737     
          42  -353.39839839839840       -23.406906383721768     
          43  -352.62762762762759       -23.355855333811792     
          44  -351.85685685685684       -23.304804283901824     
          45  -351.08608608608608       -23.253753233991855     
          46  -350.31531531531527       -23.202702184081883     
          47  -349.54454454454452       -23.151651134171910     
          48  -348.77377377377371       -23.100600084261938     
          49  -348.00300300300296       -23.049549034351969     
          50  -347.23223223223221       -22.998497984441997     
          51  -346.46146146146145       -22.947446934532024     
          52  -345.69069069069070       -22.896395884622056     
          53  -344.91991991991989       -22.845344834712083     
          54  -344.14914914914914       -22.794293784802111     
          55  -343.37837837837839       -22.743242734892142     
          56  -342.60760760760758       -22.692191684982170     
          57  -341.83683683683682       -22.641140635072201     
          58  -341.06606606606601       -22.590089585162229     
          59  -340.29529529529526       -22.539038535252256     
          60  -339.52452452452451       -22.487987485342288     
          61  -338.75375375375370       -22.436936435432315     
          62  -337.98298298298295       -22.385885385522343     
          63  -337.21221221221219       -22.334834335612371     
          64  -336.44144144144144       -22.283783285702402     
          65  -335.67067067067069       -22.232732235792433     
          66  -334.89989989989988       -22.181681185882457     
          67  -334.12912912912913       -22.130630135972488     
          68  -333.35835835835832       -22.079579086062516     
          69  -332.58758758758756       -22.028528036152547     
          70  -331.81681681681681       -21.977476986242575     
          71  -331.04604604604600       -21.926425936332603     
          72  -330.27527527527525       -21.875374886422634     
          73  -329.50450450450450       -21.824323836512662     
          74  -328.73373373373374       -21.773272786602689     
          75  -327.96296296296299       -21.722221736692720     
          76  -327.19219219219218       -21.671170686782748     
          77  -326.42142142142143       -21.620119636872776     
          78  -325.65065065065062       -21.569068586962803     
          79  -324.87987987987987       -21.518017537052835     
          80  -324.10910910910911       -21.466966487142866     
          81  -323.33833833833830       -21.415915437232893     
          82  -322.56756756756755       -21.364864387322921     
          83  -321.79679679679674       -21.313813337412949     
          84  -321.02602602602599       -21.262762287502980     
          85  -320.25525525525524       -21.211711237593008     
          86  -319.48448448448448       -21.160660187683035     
          87  -318.71371371371373       -21.109609137773067     
          88  -317.94294294294292       -21.058558087863094     
          89  -317.17217217217217       -21.007507037953122     
          90  -316.40140140140142       -20.956455988043153     
          91  -315.63063063063061       -20.905404938133181     
          92  -314.85985985985980       -20.854353888223208     
          93  -314.08908908908904       -20.803302838313236     
          94  -313.31831831831829       -20.752251788403267     
          95  -312.54754754754754       -20.701200738493299     
          96  -311.77677677677679       -20.650149688583326     
          97  -311.00600600600598       -20.599098638673354     
          98  -310.23523523523522       -20.548047588763382     
          99  -309.46446446446447       -20.496996538853413     
         100  -308.69369369369372       -20.445945488943440     
         101  -307.92292292292291       -20.394894439033468     
         102  -307.15215215215210       -20.343843389123496     
         103  -306.38138138138135       -20.292792339213527     
         104  -305.61061061061059       -20.241741289303558     
         105  -304.83983983983978       -20.190690239393582     
         106  -304.06906906906903       -20.139639189483614     
         107  -303.29829829829828       -20.088588139573641     
         108  -302.52752752752752       -20.037537089663672     
         109  -301.75675675675677       -19.986486039753700     
         110  -300.98598598598596       -19.935434989843728     
         111  -300.21521521521521       -19.884383939933759     
         112  -299.44444444444440       -19.833332890023787     
         113  -298.67367367367365       -19.782281840113814     
         114  -297.90290290290289       -19.731230790203846     
         115  -297.13213213213209       -19.680179740293873     
         116  -296.36136136136133       -19.629128690383901     
         117  -295.59059059059058       -19.578077640473929     
         118  -294.81981981981983       -19.527026590563960     
         119  -294.04904904904907       -19.475975540653991     
         120  -293.27827827827826       -19.424924490744019     
         121  -292.50750750750751       -19.373873440834046     
         122  -291.73673673673670       -19.322822390924074     
         123  -290.96596596596595       -19.271771341014105     
         124  -290.19519519519520       -19.220720291104133     
         125  -289.42442442442439       -19.169669241194160     
         126  -288.65365365365363       -19.118618191284192     
         127  -287.88288288288283       -19.067567141374219     
         128  -287.11211211211207       -19.016516091464247     
         129  -286.34134134134132       -18.965465041554278     
         130  -285.57057057057057       -18.914413991644306     
         131  -284.79979979979981       -18.863362941734337     
         132  -284.02902902902900       -18.812311891824361     
         133  -283.25825825825825       -18.761260841914392     
         134  -282.48748748748750       -18.710209792004424     
         135  -281.71671671671669       -18.659158742094451     
         136  -280.94594594594594       -18.608107692184479     
         137  -280.17517517517513       -18.557056642274507     
         138  -279.40440440440437       -18.506005592364538     
         139  -278.63363363363362       -18.454954542454566     
         140  -277.86286286286287       -18.403903492544593     
         141  -277.09209209209206       -18.352852442634621     
         142  -276.32132132132131       -18.301801392724652     
         143  -275.55055055055055       -18.250750342814683     
         144  -274.77977977977980       -18.199699292904711     
         145  -274.00900900900899       -18.148648242994739     
         146  -273.23823823823818       -18.097597193084766     
         147  -272.46746746746743       -18.046546143174798     
         148  -271.69669669669668       -17.995495093264825     
         149  -270.92592592592592       -17.944444043354856     
         150  -270.15515515515511       -17.893392993444884     
         151  -269.38438438438436       -17.842341943534912     
         152  -268.61361361361361       -17.791290893624939     
         153  -267.84284284284286       -17.740239843714971     
         154  -267.07207207207210       -17.689188793805002     
         155  -266.30130130130129       -17.638137743895026     
         156  -265.53053053053048       -17.587086693985054     
         157  -264.75975975975973       -17.536035644075085     
         158  -263.98898898898898       -17.484984594165116     
         159  -263.21821821821823       -17.433933544255144     
         160  -262.44744744744742       -17.382882494345171     
         161  -261.67667667667661       -17.331831444435199     
         162  -260.90590590590585       -17.280780394525230     
         163  -260.13513513513510       -17.229729344615258     
         164  -259.36436436436435       -17.178678294705289     
         165  -258.59359359359360       -17.127627244795317     
         166  -257.82282282282279       -17.076576194885345     
         167  -257.05205205205203       -17.025525144975372     
         168  -256.28128128128128       -16.974474095065403     
         169  -255.51051051051053       -16.923423045155435     
         170  -254.73973973973972       -16.872371995245462     
         171  -253.96896896896894       -16.821320945335486     
         172  -253.19819819819818       -16.770269895425518     
         173  -252.42742742742743       -16.719218845515549     
         174  -251.65665665665668       -16.668167795605576     
         175  -250.88588588588587       -16.617116745695604     
         176  -250.11511511511509       -16.566065695785632     
         177  -249.34434434434434       -16.515014645875663     
         178  -248.57357357357358       -16.463963595965691     
         179  -247.80280280280283       -16.412912546055722     
         180  -247.03203203203202       -16.361861496145750     
         181  -246.26126126126121       -16.310810446235777     
         182  -245.49049049049046       -16.259759396325808     
         183  -244.71971971971971       -16.208708346415836     
         184  -243.94894894894892       -16.157657296505864     
         185  -243.17817817817817       -16.106606246595895     
         186  -242.40740740740736       -16.055555196685923     
         187  -241.63663663663661       -16.004504146775950     
         188  -240.86586586586586       -15.953453096865982     
         189  -240.09509509509508       -15.902402046956009     
         190  -239.32432432432432       -15.851350997046039     
         191  -238.55355355355351       -15.800299947136066     
         192  -237.78278278278276       -15.749248897226096     
         193  -237.01201201201201       -15.698197847316125     
         194  -236.24124124124123       -15.647146797406153     
         195  -235.47047047047047       -15.596095747496182     
         196  -234.69969969969966       -15.545044697586210     
         197  -233.92892892892891       -15.493993647676239     
         198  -233.15815815815816       -15.442942597766271     
         199  -232.38738738738738       -15.391891547856297     
         200  -231.61661661661662       -15.340840497946328     
         201  -230.84584584584582       -15.289789448036354     
         202  -230.07507507507506       -15.238738398126385     
         203  -229.30430430430431       -15.187687348216414     
         204  -228.53353353353350       -15.136636298306442     
         205  -227.76276276276272       -15.085585248396468     
         206  -226.99199199199197       -15.034534198486499     
         207  -226.22122122122121       -14.983483148576529     
         208  -225.45045045045046       -14.932432098666558     
         209  -224.67967967967965       -14.881381048756586     
         210  -223.90890890890887       -14.830329998846613     
         211  -223.13813813813812       -14.779278948936643     
         212  -222.36736736736736       -14.728227899026674     
         213  -221.59659659659661       -14.677176849116703     
         214  -220.82582582582580       -14.626125799206731     
         215  -220.05505505505502       -14.575074749296757     
         216  -219.28428428428427       -14.524023699386788     
         217  -218.51351351351352       -14.472972649476818     
         218  -217.74274274274276       -14.421921599566847     
         219  -216.97197197197195       -14.370870549656875     
         220  -216.20120120120117       -14.319819499746902     
         221  -215.43043043043039       -14.268768449836932     
         222  -214.65965965965964       -14.217717399926961     
         223  -213.88888888888889       -14.166666350016992     
         224  -213.11811811811810       -14.115615300107018     
         225  -212.34734734734729       -14.064564250197046     
         226  -211.57657657657654       -14.013513200287075     
         227  -210.80580580580579       -13.962462150377107     
         228  -210.03503503503504       -13.911411100467136     
         229  -209.26426426426426       -13.860360050557164     
         230  -208.49349349349345       -13.809309000647191     
         231  -207.72272272272269       -13.758257950737221     
         232  -206.95195195195194       -13.707206900827250     
         233  -206.18118118118119       -13.656155850917282     
         234  -205.41041041041041       -13.605104801007307     
         235  -204.63963963963960       -13.554053751097335     
         236  -203.86886886886884       -13.503002701187365     
         237  -203.09809809809809       -13.451951651277396     
         238  -202.32732732732734       -13.400900601367425     
         239  -201.55655655655656       -13.349849551457453     
         240  -200.78578578578575       -13.298798501547479     
         241  -200.01501501501500       -13.247747451637510     
         242  -199.24424424424424       -13.196696401727539     
         243  -198.47347347347349       -13.145645351817569     
         244  -197.70270270270268       -13.094594301907597     
         245  -196.93193193193190       -13.043543251997624     
         246  -196.16116116116115       -12.992492202087654     
         247  -195.39039039039039       -12.941441152177683     
         248  -194.61961961961958       -12.890390102267711     
         249  -193.84884884884883       -12.839339052357740     
         250  -193.07807807807805       -12.788288002447768     
         251  -192.30730730730730       -12.737236952537799     
         252  -191.53653653653654       -12.686185902627829     
         253  -190.76576576576574       -12.635134852717856     
         254  -189.99499499499498       -12.584083802807886     
         255  -189.22422422422420       -12.533032752897913     
         256  -188.45345345345345       -12.481981702987943     
         257  -187.68268268268270       -12.430930653077972     
         258  -186.91191191191189       -12.379879603168000     
         259  -186.14114114114113       -12.328828553258029     
         260  -185.37037037037035       -12.277777503348057     
         261  -184.59959959959957       -12.226726453438086     
         262  -183.82882882882882       -12.175675403528118     
         263  -183.05805805805804       -12.124624353618144     
         264  -182.28728728728728       -12.073573303708175     
         265  -181.51651651651648       -12.022522253798201     
         266  -180.74574574574572       -11.971471203888232     
         267  -179.97497497497497       -11.920420153978261     
         268  -179.20420420420419       -11.869369104068289     
         269  -178.43343343343344       -11.818318054158318     
         270  -177.66266266266263       -11.767267004248346     
         271  -176.89189189189187       -11.716215954338375     
         272  -176.12112112112112       -11.665164904428407     
         273  -175.35035035035034       -11.614113854518433     
         274  -174.57957957957959       -11.563062804608464     
         275  -173.80880880880878       -11.512011754698490     
         276  -173.03803803803802       -11.460960704788521     
         277  -172.26726726726724       -11.409909654878547     
         278  -171.49649649649649       -11.358858604968578     
         279  -170.72572572572574       -11.307807555058607     
         280  -169.95495495495493       -11.256756505148635     
         281  -169.18418418418418       -11.205705455238665     
         282  -168.41341341341337       -11.154654405328692     
         283  -167.64264264264261       -11.103603355418722     
         284  -166.87187187187186       -11.052552305508751     
         285  -166.10110110110108       -11.001501255598779     
         286  -165.33033033033033       -10.950450205688808     
         287  -164.55955955955952       -10.899399155778836     
         288  -163.78878878878876       -10.848348105868865     
         289  -163.01801801801801       -10.797297055958897     
         290  -162.24724724724723       -10.746246006048924     
         291  -161.47647647647648       -10.695194956138954     
         292  -160.70570570570567       -10.644143906228981     
         293  -159.93493493493492       -10.593092856319011     
         294  -159.16416416416416       -10.542041806409040     
         295  -158.39339339339338       -10.490990756499068     
         296  -157.62262262262263       -10.439939706589097     
         297  -156.85185185185182       -10.388888656679125     
         298  -156.08108108108107       -10.337837606769154     
         299  -155.31031031031031       -10.286786556859186     
         300  -154.53953953953953       -10.235735506949212     
         301  -153.76876876876875       -10.184684457039243     
         302  -152.99799799799797       -10.133633407129269     
         303  -152.22722722722722       -10.082582357219300     
         304  -151.45645645645641       -10.031531307309326     
         305  -150.68568568568566       -9.9804802573993570     
         306  -149.91491491491490       -9.9294292074893864     
         307  -149.14414414414412       -9.8783781575794141     
         308  -148.37337337337337       -9.8273271076694435     
         309  -147.60260260260256       -9.7762760577594712     
         310  -146.83183183183181       -9.7252250078495006     
         311  -146.06106106106105       -9.6741739579395318     
         312  -145.29029029029027       -9.6231229080295577     
         313  -144.51951951951952       -9.5720718581195889     
         314  -143.74874874874871       -9.5210208082096148     
         315  -142.97797797797796       -9.4699697582996460     
         316  -142.20720720720720       -9.4189187083896755     
         317  -141.43643643643642       -9.3678676584797032     
         318  -140.66566566566567       -9.3168166085697326     
         319  -139.89489489489486       -9.2657655586597603     
         320  -139.12412412412411       -9.2147145087497897     
         321  -138.35335335335336       -9.1636634588398191     
         322  -137.58258258258255       -9.1126124089298468     
         323  -136.81181181181179       -9.0615613590198762     
         324  -136.04104104104101       -9.0105103091099039     
         325  -135.27027027027026       -8.9594592591999334     
         326  -134.49949949949951       -8.9084082092899646     
         327  -133.72872872872870       -8.8573571593799905     
         328  -132.95795795795794       -8.8063061094700217     
         329  -132.18718718718716       -8.7552550595600493     
         330  -131.41641641641641       -8.7042040096500788     
         331  -130.64564564564566       -8.6531529597401082     
         332  -129.87487487487485       -8.6021019098301359     
         333  -129.10410410410410       -8.5510508599201653     
         334  -128.33333333333331       -8.4999998100101930     
         335  -127.56256256256255       -8.4489487601002224     
         336  -126.79179179179179       -8.3978977101902537     
         337  -126.02102102102100       -8.3468466602802796     
         338  -125.25025025025025       -8.2957956103703108     
         339  -124.47947947947945       -8.2447445604603367     
         340  -123.70870870870870       -8.1936935105503679     
         341  -122.93793793793790       -8.1426424606403938     
         342  -122.16716716716715       -8.0915914107304250     
         343  -121.39639639639640       -8.0405403608204544     
         344  -120.62562562562560       -7.9894893109104821     
         345  -119.85485485485485       -7.9384382610005115     
         346  -119.08408408408405       -7.8873872110905392     
         347  -118.31331331331330       -7.8363361611805686     
         348  -117.54254254254255       -7.7852851112705990     
         349  -116.77177177177175       -7.7342340613606257     
         350  -116.00100100100100       -7.6831830114506561     
         351  -115.23023023023019       -7.6321319615406829     
         352  -114.45945945945944       -7.5810809116307132     
         353  -113.68868868868869       -7.5300298617207435     
         354  -112.91791791791789       -7.4789788118107703     
         355  -112.14714714714714       -7.4279277619008006     
         356  -111.37637637637634       -7.3768767119908274     
         357  -110.60560560560559       -7.3258256620808577     
         358  -109.83483483483484       -7.2747746121708881     
         359  -109.06406406406404       -7.2237235622609148     
         360  -108.29329329329329       -7.1726725123509452     
         361  -107.52252252252249       -7.1216214624409719     
         362  -106.75175175175174       -7.0705704125310023     
         363  -105.98098098098099       -7.0195193626210317     
         364  -105.21021021021019       -6.9684683127110594     
         365  -104.43943943943944       -6.9174172628010888     
         366  -103.66866866866864       -6.8663662128911165     
         367  -102.89789789789789       -6.8153151629811468     
         368  -102.12712712712710       -6.7642641130711736     
         369  -101.35635635635634       -6.7132130631612039     
         370  -100.58558558558559       -6.6621620132512334     
         371  -99.814814814814781       -6.6111109633412610     
         372  -99.044044044044028       -6.5600599134312905     
         373  -98.273273273273233       -6.5090088635213181     
         374  -97.502502502502480       -6.4579578136113485     
         375  -96.731731731731728       -6.4069067637013779     
         376  -95.960960960960932       -6.3558557137914056     
         377  -95.190190190190179       -6.3048046638814350     
         378  -94.419419419419384       -6.2537536139714627     
         379  -93.648648648648631       -6.2027025640614921     
         380  -92.877877877877879       -6.1516515141515224     
         381  -92.107107107107083       -6.1006004642415492     
         382  -91.336336336336331       -6.0495494143315796     
         383  -90.565565565565535       -5.9984983644216072     
         384  -89.794794794794782       -5.9474473145116367     
         385  -89.024024024024030       -5.8963962646016670     
         386  -88.253253253253234       -5.8453452146916938     
         387  -87.482482482482482       -5.7942941647817241     
         388  -86.711711711711686       -5.7432431148717509     
         389  -85.940940940940934       -5.6921920649617812     
         390  -85.170170170170181       -5.6411410150518115     
         391  -84.399399399399371       -5.5900899651418383     
         392  -83.628628628628618       -5.5390389152318686     
         393  -82.857857857857823       -5.4879878653218954     
         394  -82.087087087087070       -5.4369368154119257     
         395  -81.316316316316318       -5.3858857655019552     
         396  -80.545545545545522       -5.3348347155919829     
         397  -79.774774774774770       -5.2837836656820132     
         398  -79.004004004003974       -5.2327326157720400     
         399  -78.233233233233221       -5.1816815658620703     
         400  -77.462462462462469       -5.1306305159520997     
         401  -76.691691691691673       -5.0795794660421274     
         402  -75.920920920920921       -5.0285284161321568     
         403  -75.150150150150125       -4.9774773662221845     
         404  -74.379379379379372       -4.9264263163122139     
         405  -73.608608608608577       -4.8753752664022416     
         406  -72.837837837837824       -4.8243242164922719     
         407  -72.067067067067072       -4.7732731665823014     
         408  -71.296296296296276       -4.7222221166723291     
         409  -70.525525525525524       -4.6711710667623585     
         410  -69.754754754754728       -4.6201200168523862     
         411  -68.983983983983961       -4.5690689669424156     
         412  -68.213213213213209       -4.5180179170324459     
         413  -67.442442442442413       -4.4669668671224727     
         414  -66.671671671671660       -4.4159158172125030     
         415  -65.900900900900865       -4.3648647673025307     
         416  -65.130130130130112       -4.3138137173925601     
         417  -64.359359359359360       -4.2627626674825905     
         418  -63.588588588588564       -4.2117116175726173     
         419  -62.817817817817811       -4.1606605676626476     
         420  -62.047047047047016       -4.1096095177526744     
         421  -61.276276276276263       -4.0585584678427047     
         422  -60.505505505505511       -4.0075074179327350     
         423  -59.734734734734715       -3.9564563680227618     
         424  -58.963963963963963       -3.9054053181127921     
         425  -58.193193193193167       -3.8543542682028189     
         426  -57.422422422422407       -3.8033032182928492     
         427  -56.651651651651655       -3.7522521683828791     
         428  -55.880880880880859       -3.7012011184729063     
         429  -55.110110110110107       -3.6501500685629362     
         430  -54.339339339339311       -3.5990990186529634     
         431  -53.568568568568558       -3.5480479687429933     
         432  -52.797797797797763       -3.4969969188330206     
         433  -52.027027027027010       -3.4459458689230509     
         434  -51.256256256256258       -3.3948948190130808     
         435  -50.485485485485462       -3.3438437691031080     
         436  -49.714714714714702       -3.2927927191931379     
         437  -48.943943943943907       -3.2417416692831651     
         438  -48.173173173173154       -3.1906906193731950     
         439  -47.402402402402402       -3.1396395694632253     
         440  -46.631631631631606       -3.0885885195532521     
         441  -45.860860860860853       -3.0375374696432824     
         442  -45.090090090090058       -2.9864864197333096     
         443  -44.319319319319305       -2.9354353698233395     
         444  -43.548548548548553       -2.8843843199133694     
         445  -42.777777777777757       -2.8333332700033966     
         446  -42.007007007006997       -2.7822822200934265     
         447  -41.236236236236202       -2.7312311701834537     
         448  -40.465465465465449       -2.6801801202734841     
         449  -39.694694694694697       -2.6291290703635140     
         450  -38.923923923923901       -2.5780780204535412     
         451  -38.153153153153148       -2.5270269705435711     
         452  -37.382382382382353       -2.4759759206335983     
         453  -36.611611611611600       -2.4249248707236282     
         454  -35.840840840840848       -2.3738738208136585     
         455  -35.070070070070052       -2.3228227709036853     
         456  -34.299299299299292       -2.2717717209937156     
         457  -33.528528528528497       -2.2207206710837428     
         458  -32.757757757757744       -2.1696696211737727     
         459  -31.986986986986992       -2.1186185712638026     
         460  -31.216216216216196       -2.0675675213538298     
         461  -30.445445445445444       -2.0165164714438597     
         462  -29.674674674674648       -1.9654654215338871     
         463  -28.903903903903895       -1.9144143716239170     
         464  -28.133133133133139       -1.8633633217139471     
         465  -27.362362362362344       -1.8123122718039744     
         466  -26.591591591591591       -1.7612612218940042     
         467  -25.820820820820796       -1.7102101719840315     
         468  -25.050050050050039       -1.6591591220740614     
         469  -24.279279279279244       -1.6081080721640886     
         470  -23.508508508508491       -1.5570570222541187     
         471  -22.737737737737739       -1.5060059723441486     
         472  -21.966966966966943       -1.4549549224341758     
         473  -21.196196196196190       -1.4039038725242059     
         474  -20.425425425425392       -1.3528528226142331     
         475  -19.654654654654639       -1.3018017727042630     
         476  -18.883883883883886       -1.2507507227942931     
         477  -18.113113113113091       -1.1996996728843203     
         478  -17.342342342342334       -1.1486486229743502     
         479  -16.571571571571539       -1.0975975730643774     
         480  -15.800800800800786       -1.0465465231544073     
         481  -15.030030030030034      -0.99549547324443743     
         482  -14.259259259259236      -0.94444442333446466     
         483  -13.488488488488484      -0.89339337342449465     
         484  -12.717717717717688      -0.84234232351452176     
         485  -11.946946946946934      -0.79129127360455187     
         486  -11.176176176176181      -0.74024022369458187     
         487  -10.405405405405384      -0.68918917378460898     
         488  -9.6346346346346312      -0.63813812387463897     
         489  -8.8638638638638358      -0.58708707396466620     
         490  -8.0930930930930813      -0.53603602405469619     
         491  -7.3223223223223286      -0.48498497414472624     
         492  -6.5515515515515323      -0.43393392423475341     
         493  -5.7807807807807787      -0.38288287432478341     
         494  -5.0100100100099825      -0.33183182441481057     
         495  -4.2392392392392289      -0.28078077450484062     
         496  -3.4684684684684330      -0.22972972459486779     
         497  -2.6976976976976799      -0.17867867468489779     
         498  -1.9269269269269262      -0.12762762477492781     
         499  -1.1561561561561300       -7.6576574864954977E-002
         500 -0.38538538538533396       -2.5525524954982164E-002
         501  0.38538538538541944        2.5525524954987826E-002
         502   1.1561561561561728        7.6576574864957808E-002
         503   1.9269269269269262       0.12762762477492781     
         504   2.6976976976976799       0.17867867468489779     
         505   3.4684684684685188       0.22972972459487345     
         506   4.2392392392392715       0.28078077450484346     
         507   5.0100100100100251       0.33183182441481340     
         508   5.7807807807807787       0.38288287432478341     
         509   6.5515515515515323       0.43393392423475341     
         510   7.3223223223223712       0.48498497414472908     
         511   8.0930930930931240       0.53603602405469908     
         512   8.8638638638638785       0.58708707396466908     
         513   9.6346346346346312       0.63813812387463897     
         514   10.405405405405384       0.68918917378460898     
         515   11.176176176176224       0.74024022369458464     
         516   11.946946946946976       0.79129127360455465     
         517   12.717717717717731       0.84234232351452465     
         518   13.488488488488484       0.89339337342449465     
         519   14.259259259259236       0.94444442333446466     
         520   15.030030030030076       0.99549547324444032     
         521   15.800800800800829        1.0465465231544102     
         522   16.571571571571582        1.0975975730643803     
         523   17.342342342342334        1.1486486229743502     
         524   18.113113113113091        1.1996996728843203     
         525   18.883883883883929        1.2507507227942958     
         526   19.654654654654681        1.3018017727042659     
         527   20.425425425425434        1.3528528226142358     
         528   21.196196196196190        1.4039038725242059     
         529   21.966966966966943        1.4549549224341758     
         530   22.737737737737781        1.5060059723441515     
         531   23.508508508508534        1.5570570222541216     
         532   24.279279279279287        1.6081080721640915     
         533   25.050050050050039        1.6591591220740614     
         534   25.820820820820796        1.7102101719840315     
         535   26.591591591591634        1.7612612218940071     
         536   27.362362362362386        1.8123122718039770     
         537   28.133133133133139        1.8633633217139471     
         538   28.903903903903895        1.9144143716239170     
         539   29.674674674674648        1.9654654215338871     
         540   30.445445445445486        2.0165164714438628     
         541   31.216216216216239        2.0675675213538325     
         542   31.986986986986992        2.1186185712638026     
         543   32.757757757757744        2.1696696211737727     
         544   33.528528528528497        2.2207206710837428     
         545   34.299299299299335        2.2717717209937183     
         546   35.070070070070095        2.3228227709036884     
         547   35.840840840840848        2.3738738208136585     
         548   36.611611611611600        2.4249248707236282     
         549   37.382382382382438        2.4759759206336041     
         550   38.153153153153191        2.5270269705435737     
         551   38.923923923923944        2.5780780204535438     
         552   39.694694694694697        2.6291290703635140     
         553   40.465465465465449        2.6801801202734841     
         554   41.236236236236287        2.7312311701834595     
         555   42.007007007007040        2.7822822200934296     
         556   42.777777777777800        2.8333332700033993     
         557   43.548548548548553        2.8843843199133694     
         558   44.319319319319305        2.9354353698233395     
         559   45.090090090090143        2.9864864197333150     
         560   45.860860860860896        3.0375374696432851     
         561   46.631631631631649        3.0885885195532552     
         562   47.402402402402402        3.1396395694632253     
         563   48.173173173173154        3.1906906193731950     
         564   48.943943943943992        3.2417416692831709     
         565   49.714714714714745        3.2927927191931405     
         566   50.485485485485505        3.3438437691031107     
         567   51.256256256256258        3.3948948190130808     
         568   52.027027027027010        3.4459458689230509     
         569   52.797797797797848        3.4969969188330263     
         570   53.568568568568601        3.5480479687429964     
         571   54.339339339339354        3.5990990186529666     
         572   55.110110110110107        3.6501500685629362     
         573   55.880880880880859        3.7012011184729063     
         574   56.651651651651697        3.7522521683828818     
         575   57.422422422422450        3.8033032182928519     
         576   58.193193193193210        3.8543542682028220     
         577   58.963963963963963        3.9054053181127921     
         578   59.734734734734715        3.9564563680227618     
         579   60.505505505505553        4.0075074179327377     
         580   61.276276276276306        4.0585584678427074     
         581   62.047047047047059        4.1096095177526779     
         582   62.817817817817811        4.1606605676626476     
         583   63.588588588588564        4.2117116175726173     
         584   64.359359359359402        4.2627626674825931     
         585   65.130130130130155        4.3138137173925628     
         586   65.900900900900908        4.3648647673025334     
         587   66.671671671671660        4.4159158172125030     
         588   67.442442442442413        4.4669668671224727     
         589   68.213213213213251        4.5180179170324486     
         590   68.983983983984004        4.5690689669424192     
         591   69.754754754754771        4.6201200168523888     
         592   70.525525525525524        4.6711710667623585     
         593   71.296296296296276        4.7222221166723291     
         594   72.067067067067114        4.7732731665823041     
         595   72.837837837837867        4.8243242164922746     
         596   73.608608608608620        4.8753752664022443     
         597   74.379379379379372        4.9264263163122139     
         598   75.150150150150125        4.9774773662221845     
         599   75.920920920920963        5.0285284161321604     
         600   76.691691691691716        5.0795794660421301     
         601   77.462462462462469        5.1306305159520997     
         602   78.233233233233221        5.1816815658620703     
         603   79.004004004003974        5.2327326157720400     
         604   79.774774774774812        5.2837836656820159     
         605   80.545545545545565        5.3348347155919855     
         606   81.316316316316318        5.3858857655019552     
         607   82.087087087087070        5.4369368154119257     
         608   82.857857857857908        5.4879878653219016     
         609   83.628628628628661        5.5390389152318713     
         610   84.399399399399414        5.5900899651418410     
         611   85.170170170170181        5.6411410150518115     
         612   85.940940940940934        5.6921920649617812     
         613   86.711711711711771        5.7432431148717571     
         614   87.482482482482524        5.7942941647817268     
         615   88.253253253253277        5.8453452146916964     
         616   89.024024024024030        5.8963962646016670     
         617   89.794794794794782        5.9474473145116367     
         618   90.565565565565620        5.9984983644216125     
         619   91.336336336336373        6.0495494143315822     
         620   92.107107107107126        6.1006004642415528     
         621   92.877877877877879        6.1516515141515224     
         622   93.648648648648631        6.2027025640614921     
         623   94.419419419419469        6.2537536139714680     
         624   95.190190190190222        6.3048046638814377     
         625   95.960960960960975        6.3558557137914082     
         626   96.731731731731728        6.4069067637013779     
         627   97.502502502502480        6.4579578136113485     
         628   98.273273273273318        6.5090088635213235     
         629   99.044044044044071        6.5600599134312940     
         630   99.814814814814824        6.6111109633412637     
         631   100.58558558558559        6.6621620132512334     
         632   101.35635635635634        6.7132130631612039     
         633   102.12712712712718        6.7642641130711789     
         634   102.89789789789793        6.8153151629811495     
         635   103.66866866866869        6.8663662128911191     
         636   104.43943943943944        6.9174172628010888     
         637   105.21021021021019        6.9684683127110594     
         638   105.98098098098103        7.0195193626210353     
         639   106.75175175175178        7.0705704125310049     
         640   107.52252252252254        7.1216214624409746     
         641   108.29329329329329        7.1726725123509452     
         642   109.06406406406404        7.2237235622609148     
         643   109.83483483483488        7.2747746121708907     
         644   110.60560560560563        7.3258256620808604     
         645   111.37637637637638        7.3768767119908301     
         646   112.14714714714714        7.4279277619008006     
         647   112.91791791791789        7.4789788118107703     
         648   113.68868868868873        7.5300298617207462     
         649   114.45945945945948        7.5810809116307158     
         650   115.23023023023023        7.6321319615406864     
         651   116.00100100100100        7.6831830114506561     
         652   116.77177177177175        7.7342340613606257     
         653   117.54254254254259        7.7852851112706016     
         654   118.31331331331334        7.8363361611805713     
         655   119.08408408408410        7.8873872110905419     
         656   119.85485485485485        7.9384382610005115     
         657   120.62562562562560        7.9894893109104821     
         658   121.39639639639644        8.0405403608204580     
         659   122.16716716716719        8.0915914107304268     
         660   122.93793793793795        8.1426424606403973     
         661   123.70870870870870        8.1936935105503679     
         662   124.47947947947945        8.2447445604603367     
         663   125.25025025025029        8.2957956103703125     
         664   126.02102102102104        8.3468466602802831     
         665   126.79179179179179        8.3978977101902537     
         666   127.56256256256255        8.4489487601002224     
         667   128.33333333333331        8.4999998100101930     
         668   129.10410410410415        8.5510508599201689     
         669   129.87487487487491        8.6021019098301377     
         670   130.64564564564566        8.6531529597401082     
         671   131.41641641641641        8.7042040096500788     
         672   132.18718718718716        8.7552550595600493     
         673   132.95795795795800        8.8063061094700235     
         674   133.72872872872875        8.8573571593799940     
         675   134.49949949949951        8.9084082092899646     
         676   135.27027027027026        8.9594592591999334     
         677   136.04104104104110        9.0105103091099092     
         678   136.81181181181185        9.0615613590198798     
         679   137.58258258258260        9.1126124089298504     
         680   138.35335335335336        9.1636634588398191     
         681   139.12412412412411        9.2147145087497897     
         682   139.89489489489495        9.2657655586597656     
         683   140.66566566566570        9.3168166085697361     
         684   141.43643643643645        9.3678676584797049     
         685   142.20720720720720        9.4189187083896755     
         686   142.97797797797796        9.4699697582996460     
         687   143.74874874874880        9.5210208082096202     
         688   144.51951951951955        9.5720718581195907     
         689   145.29029029029030        9.6231229080295613     
         690   146.06106106106105        9.6741739579395318     
         691   146.83183183183181        9.7252250078495006     
         692   147.60260260260264        9.7762760577594765     
         693   148.37337337337340        9.8273271076694471     
         694   149.14414414414415        9.8783781575794158     
         695   149.91491491491490        9.9294292074893864     
         696   150.68568568568566        9.9804802573993570     
         697   151.45645645645649        10.031531307309333     
         698   152.22722722722725        10.082582357219302     
         699   152.99799799799800        10.133633407129272     
         700   153.76876876876875        10.184684457039243     
         701   154.53953953953953        10.235735506949212     
         702   155.31031031031037        10.286786556859187     
         703   156.08108108108112        10.337837606769158     
         704   156.85185185185188        10.388888656679129     
         705   157.62262262262263        10.439939706589097     
         706   158.39339339339338        10.490990756499068     
         707   159.16416416416422        10.542041806409044     
         708   159.93493493493497        10.593092856319013     
         709   160.70570570570572        10.644143906228983     
         710   161.47647647647648        10.695194956138954     
         711   162.24724724724723        10.746246006048924     
         712   163.01801801801807        10.797297055958898     
         713   163.78878878878882        10.848348105868869     
         714   164.55955955955957        10.899399155778839     
         715   165.33033033033033        10.950450205688808     
         716   166.10110110110108        11.001501255598779     
         717   166.87187187187192        11.052552305508755     
         718   167.64264264264267        11.103603355418725     
         719   168.41341341341342        11.154654405328694     
         720   169.18418418418418        11.205705455238665     
         721   169.95495495495493        11.256756505148635     
         722   170.72572572572577        11.307807555058611     
         723   171.49649649649652        11.358858604968580     
         724   172.26726726726727        11.409909654878550     
         725   173.03803803803802        11.460960704788521     
         726   173.80880880880878        11.512011754698490     
         727   174.57957957957962        11.563062804608466     
         728   175.35035035035037        11.614113854518436     
         729   176.12112112112112        11.665164904428407     
         730   176.89189189189187        11.716215954338375     
         731   177.66266266266263        11.767267004248346     
         732   178.43343343343346        11.818318054158322     
         733   179.20420420420422        11.869369104068291     
         734   179.97497497497497        11.920420153978261     
         735   180.74574574574572        11.971471203888232     
         736   181.51651651651656        12.022522253798208     
         737   182.28728728728731        12.073573303708176     
         738   183.05805805805807        12.124624353618147     
         739   183.82882882882882        12.175675403528118     
         740   184.59959959959957        12.226726453438086     
         741   185.37037037037044        12.277777503348062     
         742   186.14114114114119        12.328828553258033     
         743   186.91191191191194        12.379879603168003     
         744   187.68268268268270        12.430930653077972     
         745   188.45345345345345        12.481981702987943     
         746   189.22422422422429        12.533032752897919     
         747   189.99499499499504        12.584083802807887     
         748   190.76576576576579        12.635134852717858     
         749   191.53653653653654        12.686185902627829     
         750   192.30730730730730        12.737236952537799     
         751   193.07807807807814        12.788288002447773     
         752   193.84884884884889        12.839339052357744     
         753   194.61961961961964        12.890390102267714     
         754   195.39039039039039        12.941441152177683     
         755   196.16116116116115        12.992492202087654     
         756   196.93193193193198        13.043543251997630     
         757   197.70270270270274        13.094594301907600     
         758   198.47347347347349        13.145645351817569     
         759   199.24424424424424        13.196696401727539     
         760   200.01501501501500        13.247747451637510     
         761   200.78578578578583        13.298798501547486     
         762   201.55655655655659        13.349849551457455     
         763   202.32732732732734        13.400900601367425     
         764   203.09809809809809        13.451951651277396     
         765   203.86886886886884        13.503002701187365     
         766   204.63963963963968        13.554053751097340     
         767   205.41041041041044        13.605104801007311     
         768   206.18118118118119        13.656155850917282     
         769   206.95195195195194        13.707206900827250     
         770   207.72272272272269        13.758257950737221     
         771   208.49349349349353        13.809309000647197     
         772   209.26426426426428        13.860360050557166     
         773   210.03503503503504        13.911411100467136     
         774   210.80580580580579        13.962462150377107     
         775   211.57657657657654        14.013513200287075     
         776   212.34734734734738        14.064564250197051     
         777   213.11811811811813        14.115615300107022     
         778   213.88888888888889        14.166666350016992     
         779   214.65965965965964        14.217717399926961     
         780   215.43043043043039        14.268768449836932     
         781   216.20120120120126        14.319819499746908     
         782   216.97197197197201        14.370870549656878     
         783   217.74274274274276        14.421921599566847     
         784   218.51351351351352        14.472972649476818     
         785   219.28428428428427        14.524023699386788     
         786   220.05505505505511        14.575074749296762     
         787   220.82582582582586        14.626125799206733     
         788   221.59659659659661        14.677176849116703     
         789   222.36736736736736        14.728227899026674     
         790   223.13813813813812        14.779278948936643     
         791   223.90890890890896        14.830329998846619     
         792   224.67967967967971        14.881381048756589     
         793   225.45045045045046        14.932432098666558     
         794   226.22122122122121        14.983483148576529     
         795   226.99199199199197        15.034534198486499     
         796   227.76276276276280        15.085585248396475     
         797   228.53353353353356        15.136636298306444     
         798   229.30430430430431        15.187687348216414     
         799   230.07507507507506        15.238738398126385     
         800   230.84584584584582        15.289789448036354     
         801   231.61661661661665        15.340840497946330     
         802   232.38738738738741        15.391891547856300     
         803   233.15815815815816        15.442942597766271     
         804   233.92892892892891        15.493993647676239     
         805   234.69969969969975        15.545044697586215     
         806   235.47047047047050        15.596095747496186     
         807   236.24124124124126        15.647146797406156     
         808   237.01201201201201        15.698197847316125     
         809   237.78278278278276        15.749248897226096     
         810   238.55355355355360        15.800299947136072     
         811   239.32432432432435        15.851350997046040     
         812   240.09509509509510        15.902402046956011     
         813   240.86586586586586        15.953453096865982     
         814   241.63663663663661        16.004504146775950     
         815   242.40740740740745        16.055555196685926     
         816   243.17817817817820        16.106606246595899     
         817   243.94894894894895        16.157657296505867     
         818   244.71971971971971        16.208708346415836     
         819   245.49049049049046        16.259759396325808     
         820   246.26126126126132        16.310810446235781     
         821   247.03203203203208        16.361861496145753     
         822   247.80280280280283        16.412912546055722     
         823   248.57357357357358        16.463963595965691     
         824   249.34434434434434        16.515014645875663     
         825   250.11511511511517        16.566065695785639     
         826   250.88588588588593        16.617116745695608     
         827   251.65665665665668        16.668167795605576     
         828   252.42742742742743        16.719218845515549     
         829   253.19819819819818        16.770269895425518     
         830   253.96896896896902        16.821320945335493     
         831   254.73973973973978        16.872371995245462     
         832   255.51051051051053        16.923423045155435     
         833   256.28128128128128        16.974474095065403     
         834   257.05205205205203        17.025525144975372     
         835   257.82282282282284        17.076576194885348     
         836   258.59359359359360        17.127627244795320     
         837   259.36436436436435        17.178678294705289     
         838   260.13513513513510        17.229729344615258     
         839   260.90590590590585        17.280780394525230     
         840   261.67667667667672        17.331831444435206     
         841   262.44744744744747        17.382882494345175     
         842   263.21821821821823        17.433933544255144     
         843   263.98898898898898        17.484984594165116     
         844   264.75975975975973        17.536035644075085     
         845   265.53053053053060        17.587086693985061     
         846   266.30130130130135        17.638137743895030     
         847   267.07207207207210        17.689188793805002     
         848   267.84284284284286        17.740239843714971     
         849   268.61361361361361        17.791290893624939     
         850   269.38438438438442        17.842341943534915     
         851   270.15515515515517        17.893392993444888     
         852   270.92592592592592        17.944444043354856     
         853   271.69669669669668        17.995495093264825     
         854   272.46746746746743        18.046546143174798     
         855   273.23823823823830        18.097597193084773     
         856   274.00900900900905        18.148648242994742     
         857   274.77977977977980        18.199699292904711     
         858   275.55055055055055        18.250750342814683     
         859   276.32132132132131        18.301801392724652     
         860   277.09209209209212        18.352852442634628     
         861   277.86286286286287        18.403903492544597     
         862   278.63363363363362        18.454954542454566     
         863   279.40440440440437        18.506005592364538     
         864   280.17517517517524        18.557056642274514     
         865   280.94594594594599        18.608107692184483     
         866   281.71671671671675        18.659158742094451     
         867   282.48748748748750        18.710209792004424     
         868   283.25825825825825        18.761260841914392     
         869   284.02902902902906        18.812311891824368     
         870   284.79979979979981        18.863362941734337     
         871   285.57057057057057        18.914413991644309     
         872   286.34134134134132        18.965465041554278     
         873   287.11211211211207        19.016516091464247     
         874   287.88288288288294        19.067567141374223     
         875   288.65365365365369        19.118618191284195     
         876   289.42442442442444        19.169669241194164     
         877   290.19519519519520        19.220720291104133     
         878   290.96596596596595        19.271771341014105     
         879   291.73673673673676        19.322822390924081     
         880   292.50750750750751        19.373873440834050     
         881   293.27827827827832        19.424924490744019     
         882   294.04904904904907        19.475975540653991     
         883   294.81981981981983        19.527026590563960     
         884   295.59059059059064        19.578077640473936     
         885   296.36136136136139        19.629128690383904     
         886   297.13213213213214        19.680179740293877     
         887   297.90290290290289        19.731230790203846     
         888   298.67367367367365        19.782281840113814     
         889   299.44444444444451        19.833332890023790     
         890   300.21521521521527        19.884383939933763     
         891   300.98598598598602        19.935434989843731     
         892   301.75675675675677        19.986486039753700     
         893   302.52752752752752        20.037537089663672     
         894   303.29829829829833        20.088588139573648     
         895   304.06906906906909        20.139639189483617     
         896   304.83983983983984        20.190690239393586     
         897   305.61061061061059        20.241741289303558     
         898   306.38138138138135        20.292792339213527     
         899   307.15215215215221        20.343843389123503     
         900   307.92292292292296        20.394894439033472     
         901   308.69369369369372        20.445945488943440     
         902   309.46446446446447        20.496996538853413     
         903   310.23523523523522        20.548047588763382     
         904   311.00600600600603        20.599098638673357     
         905   311.77677677677679        20.650149688583326     
         906   312.54754754754754        20.701200738493299     
         907   313.31831831831829        20.752251788403267     
         908   314.08908908908904        20.803302838313236     
         909   314.85985985985991        20.854353888223212     
         910   315.63063063063066        20.905404938133184     
         911   316.40140140140142        20.956455988043153     
         912   317.17217217217217        21.007507037953122     
         913   317.94294294294292        21.058558087863094     
         914   318.71371371371373        21.109609137773070     
         915   319.48448448448448        21.160660187683039     
         916   320.25525525525524        21.211711237593008     
         917   321.02602602602599        21.262762287502980     
         918   321.79679679679674        21.313813337412949     
         919   322.56756756756761        21.364864387322925     
         920   323.33833833833836        21.415915437232893     
         921   324.10910910910911        21.466966487142866     
         922   324.87987987987987        21.518017537052835     
         923   325.65065065065062        21.569068586962803     
         924   326.42142142142148        21.620119636872779     
         925   327.19219219219224        21.671170686782752     
         926   327.96296296296299        21.722221736692720     
         927   328.73373373373374        21.773272786602689     
         928   329.50450450450450        21.824323836512662     
         929   330.27527527527531        21.875374886422637     
         930   331.04604604604606        21.926425936332606     
         931   331.81681681681681        21.977476986242575     
         932   332.58758758758756        22.028528036152547     
         933   333.35835835835843        22.079579086062523     
         934   334.12912912912918        22.130630135972492     
         935   334.89989989989994        22.181681185882461     
         936   335.67067067067069        22.232732235792433     
         937   336.44144144144144        22.283783285702402     
         938   337.21221221221225        22.334834335612378     
         939   337.98298298298300        22.385885385522347     
         940   338.75375375375376        22.436936435432315     
         941   339.52452452452451        22.487987485342288     
         942   340.29529529529526        22.539038535252256     
         943   341.06606606606613        22.590089585162232     
         944   341.83683683683688        22.641140635072201     
         945   342.60760760760763        22.692191684982173     
         946   343.37837837837839        22.743242734892142     
         947   344.14914914914914        22.794293784802111     
         948   344.91991991991995        22.845344834712087     
         949   345.69069069069070        22.896395884622059     
         950   346.46146146146145        22.947446934532028     
         951   347.23223223223221        22.998497984441997     
         952   348.00300300300296        23.049549034351969     
         953   348.77377377377383        23.100600084261945     
         954   349.54454454454458        23.151651134171914     
         955   350.31531531531533        23.202702184081883     
         956   351.08608608608608        23.253753233991855     
         957   351.85685685685684        23.304804283901824     
         958   352.62762762762765        23.355855333811800     
         959   353.39839839839840        23.406906383721768     
         960   354.16916916916921        23.457957433631741     
         961   354.93993993993996        23.509008483541709     
         962   355.71071071071071        23.560059533451678     
         963   356.48148148148152        23.611110583361654     
         964   357.25225225225228        23.662161633271626     
         965   358.02302302302303        23.713212683181595     
         966   358.79379379379378        23.764263733091564     
         967   359.56456456456453        23.815314783001536     
         968   360.33533533533540        23.866365832911512     
         969   361.10610610610615        23.917416882821481     
         970   361.87687687687691        23.968467932731450     
         971   362.64764764764766        24.019518982641422     
         972   363.41841841841841        24.070570032551391     
         973   364.18918918918922        24.121621082461367     
         974   364.95995995995997        24.172672132371336     
         975   365.73073073073073        24.223723182281308     
         976   366.50150150150148        24.274774232191277     
         977   367.27227227227223        24.325825282101246     
         978   368.04304304304310        24.376876332011221     
         979   368.81381381381385        24.427927381921190     
         980   369.58458458458460        24.478978431831163     
         981   370.35535535535536        24.530029481741131     
         982   371.12612612612611        24.581080531651104     
         983   371.89689689689692        24.632131581561076     
         984   372.66766766766767        24.683182631471048     
         985   373.43843843843842        24.734233681381017     
         986   374.20920920920918        24.785284731290986     
         987   374.97997997997993        24.836335781200958     
         988   375.75075075075080        24.887386831110934     
         989   376.52152152152155        24.938437881020903     
         990   377.29229229229230        24.989488930930872     
         991   378.06306306306305        25.040539980840844     
         992   378.83383383383386        25.091591030750820     
         993   379.60460460460462        25.142642080660789     
         994   380.37537537537537        25.193693130570757     
         995   381.14614614614612        25.244744180480730     
         996   381.91691691691688        25.295795230390699     
         997   382.68768768768774        25.346846280300674     
         998   383.45845845845849        25.397897330210643     
         999   384.22922922922925        25.448948380120616     
        1000   385.00000000000011        25.499999430030591     
