           1   3.8179333507260851        1.2091652171117708E-002  -1.8406826066004231E-003
           2   3.8072389007858614        1.2241661344985852E-002  -8.9648629922791539E-004
           3   3.7964947103138504        1.2284801194876323E-002   1.1034838510017486E-004
           4   3.7856987174948862        1.2218112417317089E-002   1.0896885050650884E-003
           5   3.7748392817872825        1.2048263342510428E-002   1.9542300273955805E-003
           6   3.7639219216603812        1.1791522939643728E-002   2.6248787109045542E-003
           7   3.7529320453554500        1.1471735015287785E-002   3.0416551919253648E-003
           8   3.7418668518908893        1.1119005186417522E-002   3.1670880075904849E-003
           9   3.7307198755328974        1.0766575505234129E-002   2.9917708415008221E-003
          10   3.7194818285230458        1.0447752036534808E-002   2.5356303128222062E-003
          11   3.7081425634693410        1.0192791855484362E-002   1.8469361698555304E-003
          12   3.6966907906002122        1.0025782882893439E-002   9.9861149357095944E-004
          13   3.6851158729466653        9.9619929064091728E-003   8.2161494389370454E-005
          14   3.6733965444646151        1.0005895832555043E-002  -8.0172548976210998E-004
          15   3.6615218720150620        1.0150141437800360E-002  -1.5511948459182492E-003
          16   3.6494653089644586        1.0375652251601033E-002  -2.0761484915693611E-003
          17   3.6372029497844207        1.0652796322441992E-002  -2.3075440171604249E-003
          18   3.6246938150525727        1.0943998053123190E-002  -2.2073703432246745E-003
          19   3.6119052809097396        1.1206796542979246E-002  -1.7764168074110469E-003
          20   3.5987697707394526        1.1399019434374914E-002  -1.0586928924507374E-003
          21   3.5852234204315701        1.1483256470013158E-002  -1.4452984722137748E-004
          22   3.5711541813165262        1.1433227354533010E-002   8.3329678378689755E-004
          23   3.5564176295698098        1.1239738033087978E-002   1.7034670820416120E-003
          24   3.5407718057594102        1.0917331933891369E-002   2.2673903989081437E-003
          25   3.5238132598632066        1.0512888740899756E-002   2.3093609942992678E-003
          26   3.5047267135362530        1.0119926904012914E-002   1.6078206655598044E-003
          27   3.4813009210353125        9.9242451531976836E-003  -7.5093190936281144E-005
          28  -1.7203247036124831        1.9762982825899913E-002   4.7181922921141536E-003
          29  -1.7098789261242813        2.0241918475036428E-002   4.2685880523120308E-003
          30  -1.6994102003714702        2.0668936658404514E-002   3.7256640894704567E-003
          31  -1.6889178465220727        2.1034263465374695E-002   3.0981634783888322E-003
          32  -1.6784032231826964        2.1329325081394304E-002   2.4023685775852212E-003
          33  -1.6678626257364064        2.1547726852298138E-002   1.6609076232603200E-003
          34  -1.6572963960791824        2.1685643474271692E-002   9.0188019514618467E-004
          35  -1.6467099315598321        2.1742446220536712E-002   1.5690813942620499E-004
          36  -1.6361005542485372        2.1721055352865809E-002  -5.4232100416817352E-004
          37  -1.6254655831258631        2.1627706981870949E-002  -1.1659816504760254E-003
          38  -1.6148063845823999        2.1471730458333619E-002  -1.6882746722864848E-003
          39  -1.6041263669543233        2.1265069096492423E-002  -2.0896410987420186E-003
          40  -1.5934167702237025        2.1021208613969094E-002  -2.3585106999398490E-003
          41  -1.5826901168092538        2.0755048334074145E-002  -2.4908686715576049E-003
          42  -1.5719356524545405        2.0481009550995449E-002  -2.4910475070779431E-003
          43  -1.5611537449450070        2.0213045193341141E-002  -2.3699230424857128E-003
          44  -1.5503528527452044        1.9963873886643019E-002  -2.1438886116551263E-003
          45  -1.5395273087144907        1.9743958682104042E-002  -1.8324825610080396E-003
          46  -1.5286754789715762        1.9561692150169317E-002  -1.4564849947834649E-003
          47  -1.5177987735897251        1.9423299832860692E-002  -1.0362148926648255E-003
          48  -1.5068995881805163        1.9332873585720396E-002  -5.9001790940379465E-004
          49  -1.4959742876085071        1.9292608053851461E-002  -1.3315874909230780E-004
          50  -1.4850252692542603        1.9303206836267427E-002   3.2187538052564545E-004
          51  -1.4740560246392458        1.9364089584712144E-002   7.6508895567401175E-004
          52  -1.4630587949980591        1.9473734890848388E-002   1.1884061730640992E-003
          53  -1.4520351455063460        1.9629672795681827E-002   1.5835283946349788E-003
          54  -1.4409883894601032        1.9828372852236025E-002   1.9409163618808725E-003
          55  -1.4299179586243107        2.0065133401168490E-002   2.2489013206544893E-003
          56  -1.4188212910546516        2.0333807630894537E-002   2.4930664011391887E-003
          57  -1.4076998424223390        2.0626331074240643E-002   2.6563341702178309E-003
          58  -1.3965540300325545        2.0932558916673484E-002   2.7202308749632981E-003
          59  -1.3853842717412406        2.1240204611409234E-002   2.6668160509626345E-003
          60  -1.3741869872575199        2.1535086884869010E-002   2.4811882526527647E-003
          61  -1.3629666957593358        2.1801352612352384E-002   2.1545996745026296E-003
          62  -1.3517207807433158        2.2022689586934763E-002   1.6871525977078636E-003
          63  -1.3404476757571639        2.2183279274348735E-002   1.0902095741079356E-003
          64  -1.3291509695224004        2.2269174588890914E-002   3.8818011416022436E-004
          65  -1.3178270072459253        2.2269951555234795E-002  -3.8203480631917089E-004
          66  -1.3064822105012943        2.2180100318491630E-002  -1.1714912929731485E-003
          67  -1.2951082250449200        2.2000123249484353E-002  -1.9239613922173928E-003
          68  -1.2837084401690708        2.1737455224203159E-002  -2.5786250994055022E-003
          69  -1.2722822525140147        2.1406552709975268E-002  -3.0768176573772242E-003
          70  -1.2608332901211061        2.1028540184830139E-002  -3.3678851185907788E-003
          71  -1.2493559201070774        2.0629526506533241E-002  -3.4156181069473148E-003
          72  -1.2378548501942479        2.0239291549537162E-002  -3.2030191279299840E-003
          73  -1.2263234002630872        1.9888127750655675E-002  -2.7359108340344646E-003
          74  -1.2147721097594661        1.9604898804082716E-002  -2.0451934820215623E-003
          75  -1.2031895482745194        1.9413089254505932E-002  -1.1839221909016606E-003
          76  -1.1915832181091675        1.9329235028825737E-002  -2.2577494531563234E-004
          77  -1.1799476610328898        1.9360267186057063E-002   7.4323242075726174E-004
          78  -1.1682853525202348        1.9502575233693458E-002   1.6313059180458030E-003
          79  -1.1565989232767799        1.9741674337794876E-002   2.3508663182820809E-003
          80  -1.1448847569671303        2.0053388908696033E-002   2.8283453344293374E-003
          81  -1.1331447548120177        2.0405686689251763E-002   3.0119250840311010E-003
          82  -1.1213760548514928        2.0761922171769181E-002   2.8784797678703261E-003
          83  -1.1095805794152611        2.1084173358711183E-002   2.4371382861834295E-003
          84  -1.0977576073893320        2.1337420772137315E-002   1.7296860168589051E-003
          85  -1.0859049679515009        2.1493265624611162E-002   8.2710271643811665E-004
          86  -1.0740291075238626        2.1533104275011886E-002  -1.7619674892167006E-004
          87  -1.0621246496528980        2.1450626752926388E-002  -1.1735756144075566E-003
          88  -1.0501901683623260        2.1252601467130261E-002  -2.0560926714285575E-003
          89  -1.0382292534498110        2.0958764654785182E-002  -2.7242816058699083E-003
          90  -1.0262397979697195        2.0599822924076902E-002  -3.1001281267561895E-003
          91  -1.0142219725221207        2.0214555348558351E-002  -3.1354506109059596E-003
          92  -1.0021736879399921        1.9845706717985322E-002  -2.8179522500169848E-003
          93 -0.99009876289858989        1.9535666657701945E-002  -2.1734733276218849E-003
          94 -0.97799432073501757        1.9321506804982964E-002  -1.2633796938431919E-003
          95 -0.96586047658559049        1.9231167298309145E-002  -1.7862069308253049E-004
          96 -0.95370173304498873        1.9280124139295939E-002   9.6954159753978499E-004
          97 -0.94150977476888753        1.9469641677782663E-002   2.0631506025223251E-003
          98 -0.92928824201726667        1.9786361521254493E-002   2.9880093240682278E-003
          99 -0.91703687272260148        2.0203593858881857E-002   3.6476412766626438E-003
         100 -0.90475627652431712        2.0683978381155828E-002   3.9732464937721054E-003
         101 -0.89244534764466465        2.1183460841820823E-002   3.9311128268714746E-003
         102 -0.88010471290788472        2.1655778394688161E-002   3.5258132642471303E-003
         103 -0.86773500069139586        2.2057269542494099E-002   2.7993503341494654E-003
         104 -0.85533404704777316        2.2351475374665863E-002   1.8256818606329776E-003
         105 -0.84290055465302194        2.2512538931861878E-002   7.0237713997032159E-004
         106 -0.83043432719625843        2.2527695722902315E-002  -4.6028872525118972E-004
         107 -0.81794124161607518        2.2398378720595212E-002  -1.5509238048145055E-003
         108 -0.80541287038496179        2.2139465796756939E-002  -2.4706106818924178E-003
         109 -0.79285401024980595        2.1777554975040525E-002  -3.1406334468710335E-003
         110 -0.78026366121579704        2.1347645760115507E-002  -3.5114248040145628E-003
         111 -0.76763948679334892        2.0889248709957092E-002  -3.5658566764821282E-003
         112 -0.75498411142897803        2.0442429294204003E-002  -3.3193826419391265E-003
         113 -0.74229573811169458        2.0043490192168934E-002  -2.8167060895237855E-003
         114 -0.72957123225642151        1.9721636562996133E-002  -2.1251547909208052E-003
         115 -0.71681709347155331        1.9496731623665324E-002  -1.3270218024255247E-003
         116 -0.70415252215413526        1.9378071093299809E-002  -5.1673663837689676E-004
         117 -0.69178671090076638        1.9360022478818472E-002   2.1450730220839230E-004
         118 -0.67940361558012874        1.9427082553000522E-002   8.2390260211069274E-004
         119 -0.66700409839115593        1.9560935734935826E-002   1.2645639037219760E-003
         120 -0.65458875783444603        1.9738463039196526E-002   1.5090691331478760E-003
         121 -0.64215819295144239        1.9934269196315812E-002   1.5504856609425705E-003
         122 -0.62971437464104407        2.0123236427955597E-002   1.4014702420074561E-003
         123 -0.61725381443932203        2.0282939618346756E-002   1.0915419943034175E-003
         124 -0.60478068881394531        2.0395414980839115E-002   6.6349329144394626E-004
         125 -0.59228824549459613        2.0448752996352397E-002   1.6832092122713376E-004
         126 -0.57978448215669487        2.0437728970059122E-002  -3.3875706403274115E-004
         127 -0.56726432206779032        2.0364129281244071E-002  -8.0419200794625218E-004
         128 -0.55472920978538165        2.0236284157506605E-002  -1.1797395131857796E-003
         129 -0.54217737670829791        2.0068126026884986E-002  -1.4266205462939354E-003
         130 -0.52961515659419311        1.9877965288010079E-002  -1.5183342929392580E-003
         131 -0.51703373235913042        1.9686415520630021E-002  -1.4429948824505848E-003
         132 -0.50444271928805229        1.9514989885581410E-002  -1.2042429770331505E-003
         133 -0.49183114984033666        1.9383523214181807E-002  -8.2089825739928876E-004
         134 -0.47920863971131544        1.9308796774842880E-002  -3.2654973355478379E-004
         135 -0.46657208975126008        1.9302395113148772E-002   2.3368330828981988E-004
         136 -0.45392248443567812        1.9369566654506662E-002   8.0617401573282704E-004
         137 -0.44125457023167469        1.9508430993244088E-002   1.3337443431563688E-003
         138 -0.42857560134633427        1.9709583816267910E-002   1.7600473524812480E-003
         139 -0.41587894418613452        1.9956917560675493E-002   2.0362672256783888E-003
         140 -0.40317263607785464        2.0228403323350543E-002   2.1256498394639136E-003
         141 -0.39044959231380183        2.0498568946046042E-002   2.0088026766006710E-003
         142 -0.37771194493646160        2.0740437010233672E-002   1.6866095735576952E-003
         143 -0.36496337615308011        2.0928462656416104E-002   1.1820242164273633E-003
         144 -0.35219934954330689        2.1041512185863743E-002   5.3868442531298773E-004
         145 -0.33941920394843705        2.1065173465655469E-002  -1.8204906799653569E-004
         146 -0.32662727927997182        2.0993871831141139E-002  -9.0639944515730892E-004
         147 -0.31382029662439698        2.0831994346363531E-002  -1.5564652596281514E-003
         148 -0.30099934557625796        2.0593986066117710E-002  -2.0580703766263299E-003
         149 -0.28816476485042797        2.0303301155399012E-002  -2.3498166884023345E-003
         150 -0.27531407389992568        1.9990162750034814E-002  -2.3908486010901162E-003
         151 -0.26245273902966842        1.9688764680903973E-002  -2.1666631054792665E-003
         152 -0.24957645031412268        1.9433167646328822E-002  -1.6920628814683656E-003
         153 -0.23668375869987332        1.9253779293385679E-002  -1.0106392462242021E-003
         154 -0.22377731977048446        1.9173721947169733E-002  -1.9125852205244319E-004
         155 -0.21086120209256831        1.9205778233536475E-002   6.7914481961558527E-004
         156 -0.19792565747401608        1.9350764045992560E-002   1.5062355253165657E-003
         157 -0.18497911907277259        1.9596919041242254E-002   2.1970412527498860E-003
         158 -0.17201553806389361        1.9921177037120336E-002   2.6727835018341313E-003
         159 -0.15903759915601443        2.0291201330298120E-002   2.8769725930666516E-003
         160 -0.14604719827044788        2.0668980572108041E-002   2.7829022809883475E-003
         161 -0.13304015733201735        2.1015167643980232E-002   2.3966535328767955E-003
         162 -0.12002060514744260        2.1293044421074887E-002   1.7565994419175147E-003
         163 -0.10698400859458516        2.1472939195137108E-002   9.2834959997131544E-004
         164  -9.3930908412250713E-002   2.1535090792330073E-002  -2.5425268509728322E-006
         165  -8.0865834672879555E-002   2.1471875810846277E-002  -9.4048483736663751E-004
         166  -6.7784308286939834E-002   2.1288371905390385E-002  -1.7918350328214741E-003
         167  -5.4686187778301761E-002   2.1001509239277068E-002  -2.4742761233522838E-003
         168  -4.1574227149579542E-002   2.0638066776521604E-002  -2.9257727664066206E-003
         169  -2.8446163965720084E-002   2.0231400321975242E-002  -3.1105948458478457E-003
         170  -1.5300123908292211E-002   1.9817852821376956E-002  -3.0213140201661155E-003
         171  -2.1385341650589701E-003   1.9433198325382352E-002  -2.6778166706205846E-003
         172   1.1040091106457036E-002   1.9108923464248171E-002  -2.1230188879406203E-003
         173   2.4237212520373030E-002   1.8869716622722216E-002  -1.4162990959540947E-003
         174   3.7448588471972910E-002   1.8731759800268852E-002  -6.2616873440920942E-004
         175   5.0678488944993362E-002   1.8701818622345032E-002   1.7849918391504057E-004
         176   6.3925846288721333E-002   1.8777778265757317E-002   9.3434239120634630E-004
         177   7.7191315911851924E-002   1.8949673299066428E-002   1.5893126732341545E-003
         178   9.0476619054133872E-002   1.9201394590153183E-002   2.1053317593919822E-003
         179  0.10378063900175660        1.9512585580597114E-002   2.4591560679717425E-003
         180  0.11710114826674722        1.9860564969531546E-002   2.6414851614774094E-003
         181  0.13044542860438521        2.0222380266959463E-002   2.6547741846417523E-003
         182  0.14380738327637074        2.0575562814759741E-002   2.5102978680053355E-003
         183  0.15719137910401318        2.0899857526383053E-002   2.2256418182013608E-003
         184  0.17059273258572144        2.1177379884840242E-002   1.8228831584375170E-003
         185  0.18402064253221020        2.1393682436877972E-002   1.3268381564932635E-003
         186  0.19746753415893067        2.1537551807463973E-002   7.6564588802916194E-004
         187  0.21093876009573923        2.1601929550613259E-002   1.6981898434314851E-004
         188  0.22443123237686463        2.1584053770097998E-002  -4.2703552904812191E-004
         189  0.23794880778775249        2.1485929532365253E-002  -9.8928859924674170E-004
         190  0.25149253221222168        2.1314538222027578E-002  -1.4804491281312795E-003
         191  0.26505791409404511        2.1081953912240936E-002  -1.8655991844470749E-003
         192  0.27865279013795630        2.0804606701278140E-002  -2.1153538743958152E-003
         193  0.29227261267967641        2.0502768189543302E-002  -2.2089768880602825E-003
         194  0.30591831836387445        2.0198740079758172E-002  -2.1383939130906102E-003
         195  0.31959354109168930        1.9915033105861027E-002  -1.9103375271716707E-003
         196  0.33329499197851065        1.9672390531177471E-002  -1.5471245936460913E-003
         197  0.34702894726859335        1.9487411569195492E-002  -1.0847292750563592E-003
         198  0.36079682491489762        1.9371121584632164E-002  -5.6926647795478428E-004
         199  0.37459123069184719        1.9327780868260223E-002  -5.1649699436515453E-005
         200  0.38842127085188094        1.9354539018068731E-002   4.2002310240508338E-004
         201  0.40228258507104608        1.9442290752313813E-002   8.0588545160093677E-004
         202  0.41620493227327970        1.9577468398346676E-002   1.0804350473586333E-003
         203  0.43153686472238728        1.9760705851774609E-002   1.2418629302337492E-003
         204  0.44689756698421507        1.9958576017718919E-002   1.2665173026754932E-003
         205  0.46229345118577658        2.0151766745867827E-002   1.1821139307195650E-003
         206  0.47771969335472991        2.0325841867189980E-002   1.0243500203943586E-003
         207  0.49318159929248095        2.0471885196759319E-002   8.2563767598326464E-004
         208  0.50867591347385965        2.0585051046095041E-002   6.0568546512915927E-004
         209  0.52420845153942097        2.0662251029908069E-002   3.6629118105783228E-004
         210  0.53977720076410218        2.0699250514625907E-002   9.2956510031338936E-005
         211  0.55538230344664796        2.0688684230683176E-002  -2.3711100449889239E-004
         212  0.57102391869714308        2.0619690252320234E-002  -6.4197076339143834E-004
         213  0.58670953296874528        2.0479725112788231E-002  -1.1205502029784265E-003
         214  0.60243047794567017        2.0258842249264785E-002  -1.6402479457861552E-003
         215  0.61819376014998895        1.9954922500085171E-002  -2.1332984099634448E-003
         216  0.63400184788231839        1.9579328131651294E-002  -2.5017778428794370E-003
         217  0.64985484960720763        1.9160735235162603E-002  -2.6341398551309497E-003
         218  0.66574905411696983        1.8745699934748457E-002  -2.4305442719293234E-003
         219  0.68169268302828867        1.8394156548774097E-002  -1.8313860231693551E-003
         220  0.69750863006727437        1.8173010254359748E-002  -8.5551433502248028E-004
         221  0.71316934773379426        1.8133755935457335E-002   4.0039541490217816E-004
         222  0.72880607184924184        1.8307494763999010E-002   1.7874668535009918E-003
         223  0.74442123055090259        1.8698726521760568E-002   3.1018258431711170E-003
         224  0.76001531301710568        1.9277895671381912E-002   4.1248559448893666E-003
         225  0.77558323277221852        1.9982169015487050E-002   4.6643406543420401E-003
         226  0.79112795161558191        2.0723719696836656E-002   4.5953371007183110E-003
         227  0.80664965704377212        2.1402588408016728E-002   3.8893446360060307E-003
         228  0.82214564060232898        2.1923273640385332E-002   2.6277709196479157E-003
         229  0.83762246510241167        2.2212037776788714E-002   9.9275998632984371E-004
         230  0.85307165998858547        2.2230140954997375E-002  -7.5907391554145361E-004
         231  0.86849662791369253        2.1982402374565509E-002  -2.3438153740008676E-003
         232  0.88389745335054881        2.1516964815339445E-002  -3.5005385501032100E-003
         233  0.89927560433209186        2.0917480973418962E-002  -4.0405483560395361E-003
         234  0.91463134619581654        2.0288681124580710E-002  -3.8834687839222459E-003
         235  0.92996343660879299        1.9737713141926089E-002  -3.0735346750067239E-003
         236  0.94526972997480840        1.9355024817967453E-002  -1.7719650457418859E-003
         237  0.96055663211742548        1.9198156134022079E-002  -2.2512817117840525E-004
         238  0.97581955825826672        1.9282566419671528E-002   1.2807789139083797E-003
         239  0.99106155522445616        1.9579732645636769E-002   2.4762513266378613E-003
         240   1.0062812485100192        2.0024035971587362E-002   3.1586848876803582E-003
         241   1.0214801350489524        2.0526630188963460E-002   3.2306315016271438E-003
         242   1.0366622065661153        2.0993345517319316E-002   2.7157596474860404E-003
         243   1.0518225426825816        2.1342801756190532E-002   1.7517440372800228E-003
         244   1.0669681877014967        2.1522368937927049E-002   5.5899472328867705E-004
         245   1.0820935525359463        2.1516872958646606E-002  -6.0427398974644843E-004
         246   1.0972058215984266        2.1350331409323211E-002  -1.4972844085945167E-003
         247   1.1123021553654984        2.1079292615854214E-002  -1.9439475973149511E-003
         248   1.1273850464251209        2.0779689724242930E-002  -1.8691451125720320E-003
         249   1.1424563448702933        2.0530030595211950E-002  -1.3121521882737417E-003
         250   1.1575191512469201        2.0394327477250968E-002  -4.1684939337757179E-004
         251   1.1725701817624525        2.0408309028705392E-002   5.9917088902681473E-004
         252   1.1876173549297475        2.0571670784796253E-002   1.4922537797791239E-003
         253   1.2026563832765018        2.0847988883557780E-002   2.0434095653947236E-003
         254   1.2176930436308679        2.1172562915846193E-002   2.1066580479721631E-003
         255   1.2327291265522551        2.1466057855768134E-002   1.6403870239377633E-003
         256   1.2477687501330410        2.1651625776532017E-002   7.1829756667353742E-004
         257   1.2628089442322632        2.1671766708035601E-002  -4.8286062987120098E-004
         258   1.2778541197368658        2.1501805529734241E-002  -1.7187813605353856E-003
         259   1.2929106105227282        2.1156400177433875E-002  -2.7264347491110720E-003
         260   1.3079774669834650        2.0688700611845027E-002  -3.2770976752789375E-003
         261   1.3230598888883369        2.0181015416731139E-002  -3.2253723062461307E-003
         262   1.3381579633627967        1.9729846758256377E-002  -2.5409602062644379E-003
         263   1.3532760073460377        1.9426898893936704E-002  -1.3183289243925804E-003
         264   1.3684188930046748        1.9341036371701741E-002   2.3875854290551641E-004
         265   1.3835876982961608        1.9503944918571554E-002   1.8543127197396599E-003
         266   1.3987876261310677        1.9902699134667114E-002   3.2334755248839206E-003
         267   1.4140218361054213        2.0480956431426767E-002   4.1196995436372291E-003
         268   1.4292964867693632        2.1148677827676175E-002   4.3456565121632465E-003
         269   1.4446117699329946        2.1798141842273019E-002   3.8668581592688767E-003
         270   1.4599735372617633        2.2324398810774505E-002   2.7711753852467116E-003
         271   1.4753875605029627        2.2644590377438614E-002   1.2608779474013445E-003
         272   1.4908546676077172        2.2713132717025825E-002  -3.8813100346956491E-004
         273   1.5063852169295562        2.2529450799362759E-002  -1.8849040312677191E-003
         274   1.5219786976464700        2.2136251934257774E-002  -2.9828729511849911E-003
         275   1.5376436711612165        2.1608558782921044E-002  -3.5341445450922295E-003
         276   1.5533845249702838        2.1035915115794845E-002  -3.5205720090745185E-003
         277   1.5692082363537103        2.0501046111524840E-002  -3.0579775422275263E-003
         278   1.5851168748840330        2.0060089310626358E-002  -2.3700785276664863E-003
         279   1.6010475380198801        1.9729424000276448E-002  -1.7384293894734081E-003
         280   1.6169153592438328        1.9479425209535033E-002  -1.4258142262389951E-003
         281   1.6328068301193894        1.9241417509194381E-002  -1.6054166755627990E-003
         282   1.6487229900933444        1.8929596864729795E-002  -2.3284701467509959E-003
         283   1.6646601104451704        1.8461113859661680E-002  -3.5038899393242677E-003
         284   1.6810015781285885        1.7758863399949896E-002  -4.9499370717411067E-003
         285   1.6989023979808198        1.6715812867542566E-002  -6.4394544601831926E-003
         286   1.7166823376020366        1.5451135515431360E-002  -7.4113246536158372E-003
         287   1.7343426293649069        1.4090738745412543E-002  -7.5611858038444361E-003
         288   1.7518884544852182        1.2795477680318358E-002  -6.7801211958927040E-003
         289   1.7693171456677876        1.1723459527103026E-002  -5.1783992127203962E-003
         290   1.7866357160833910        1.0992508480283087E-002  -3.0506559745084125E-003
         291   1.8038488943259738        1.0656147958915695E-002  -7.9880893338090374E-004
         292   1.8209580499914588        1.0694786869332052E-002   1.1650195646590899E-003
         293   1.8379670507804013        1.1023860073643874E-002   2.5120709637159741E-003
         294   1.8548840465328444        1.1516064383431964E-002   3.0628163184686528E-003
         295   1.8717130449048915        1.2030366922160873E-002   2.8125855925335876E-003
         296   1.8884580959359158        1.2441276006706154E-002   1.9173237321450207E-003
         297   1.9051275134523835        1.2662008171047319E-002   6.4453545987275013E-004
         298   1.9217258276137061        1.2656680599906947E-002  -6.9376633139618389E-004
         299   1.9382586095178664        1.2441026071084776E-002  -1.8111017311904199E-003
         300   1.9547352539607645        1.2072157380264974E-002  -2.5026648442187708E-003
         301   1.9711627324004792        1.1631511434379776E-002  -2.6767799159258211E-003
         302   1.9875488004608461        1.1205031426141081E-002  -2.3592406412346360E-003
         303   2.0038993679401198        1.0865345261148280E-002  -1.6719738778809268E-003
         304   2.0202270626678560        1.0658993827532499E-002  -7.9369794903192661E-004
         305   2.0365342860591773        1.0601352344870581E-002   8.5117167567711610E-005
         306   2.0528345813830335        1.0678328010278994E-002   8.0523963299365523E-004
         307   2.0691333871289839        1.0854284728493400E-002   1.2668309392857686E-003
         308   2.0854418495110689        1.1083112169033066E-002   1.4417414521350248E-003
         309   2.1017670725516955        1.1319603675277299E-002   1.3668705958666634E-003
         310   2.1181205641431426        1.1528692908301320E-002   1.1237039414596309E-003
         311   2.1345090073272770        1.1690415559100806E-002   8.1024223406211818E-004
         312   2.1509411781016761        1.1800433759439231E-002   5.1291850256109442E-004
         313   2.1674268465463156        1.1866300979971158E-002   2.8572636678898805E-004
         314   2.1839744969105164        1.1901203315388850E-002   1.4117483636922484E-004
         315   2.2005904201347661        1.1917224932501922E-002   5.4233240171343527E-005
         316   2.2172845747931063        1.1920123235067437E-002  -2.2857170667479974E-005
         317   2.2340516531062491        1.1907091395204721E-002  -1.3973692621821595E-004
         318   2.2506575736113357        1.1868868519900192E-002  -3.2464237624583992E-004
         319   2.2672867401342094        1.1793234901658720E-002  -5.7794990646549611E-004
         320   2.2839395683686501        1.1670823235858965E-002  -8.6708834499617477E-004
         321   2.3006177803574475        1.1499925265908151E-002  -1.1361487785167780E-003
         322   2.3173201948568938        1.1289234927931402E-002  -1.3216712404002342E-003
         323   2.3340458735600622        1.1057686902456097E-002  -1.3705384107210504E-003
         324   2.3507963258016606        1.0831335806089091E-002  -1.2546329901192963E-003
         325   2.3675714657057569        1.0638474439114885E-002  -9.7812241403084118E-004
         326   2.3850943325705471        1.0499913949254567E-002  -5.5667971311035064E-004
         327   2.4033301542709058        1.0443626868858438E-002  -4.3389539193136118E-005
         328   2.4213986393104423        1.0482672036859415E-002   4.6045229967566571E-004
         329   2.4393165874879346        1.0607065792588332E-002   8.8552255922438243E-004
         330   2.4571015978808726        1.0796768480577658E-002   1.1858840317364951E-003
         331   2.4747728302722054        1.1026286405341002E-002   1.3391754993707233E-003
         332   2.4923481461962695        1.1268379800220879E-002   1.3402021585683312E-003
         333   2.5098452887575964        1.1496271542983395E-002   1.1929532644537901E-003
         334   2.5272824350483791        1.1684648846381774E-002   9.0561200797446850E-004
         335   2.5446747139032730        1.1810148185417611E-002   4.9155053114778244E-004
         336   2.5620375324070257        1.1852720411655176E-002  -2.4079950003866980E-005
         337   2.5793844909919668        1.1798386864037952E-002  -5.9486739969795757E-004
         338   2.5967260030461046        1.1643646870154876E-002  -1.1461523696816504E-003
         339   2.6140712365568111        1.1400538097788298E-002  -1.5760146456017703E-003
         340   2.6314237921175891        1.1100643073653799E-002  -1.7681049508110325E-003
         341   2.6487853610294696        1.0795649299158645E-002  -1.6170975581327831E-003
         342   2.6661521876260874        1.0552585743940825E-002  -1.0622717879967649E-003
         343   2.6835148301381699        1.0442831094979213E-002  -1.2095659817950731E-004
         344   2.7008318836261278        1.0525470434886433E-002   1.0879047605111710E-003
         345   2.7179657412051061        1.0825709154986114E-002   2.3405030893576687E-003
         346   2.7351250129754980        1.1330453978665108E-002   3.3729169542939313E-003
         347   2.7523095810799956        1.1975210800987781E-002   3.8824328182484572E-003
         348   2.7695192513620346        1.2644423032723237E-002   3.6039604542611988E-003
         349   2.7867537588765536        1.3183745684988358E-002   2.3771250719789119E-003
         350   2.8040134620183861        1.3423388047596690E-002   2.0111251647725488E-004
         351   2.8212986120922254        1.3208994630726608E-002  -2.7374832890617448E-003
         352   2.8386090873333769        1.2434500520095348E-002  -6.0750519057499340E-003
         353   2.8555104067640347        1.1110851140632799E-002  -9.2456881557816863E-003
         354   2.8700268833087637        9.5683476269207545E-003  -1.1520943113375742E-002
         355   2.8818114500367149        8.1000637052954759E-003  -1.2854049424098292E-002
         356   2.8907389289119485        6.9001720582623311E-003  -1.3476135503822864E-002
         357   2.8966785317450401        6.0777060588210361E-003  -1.3684001612231565E-002
         358   2.8994942308073286        5.6845659840708360E-003  -1.3722524919868312E-002
         359   2.8990436517924305        5.7475320311446577E-003  -1.3718989285549030E-002
         360   2.8951785116832931        6.2865042734673929E-003  -1.3647601170529482E-002
         361   2.8877437122038159        7.3088150695165884E-003  -1.3307777920293024E-002
         362   2.8765776457290122        8.7718131883839263E-003  -1.2328648966946900E-002
         363   2.8615110528465566        1.0514425520553119E-002  -1.0255790004465321E-002
         364   2.8424284970446374        1.2183682883698310E-002  -6.8172072699822688E-003
         365   2.8219030447863513        1.3191794177795852E-002  -2.8499526368815165E-003
         366   2.8013731910559647        1.3412708720167765E-002   5.8998094342218460E-004
         367   2.7808389358534806        1.3023947501646295E-002   2.9086537941567059E-003
         368   2.7603002791788973        1.2291706329140735E-002   3.8639914926629939E-003
         369   2.7397572210322143        1.1494510693783952E-002   3.5741205193677720E-003
         370   2.7192097614134330        1.0855914851169900E-002   2.4264480540331134E-003
         371   2.6986579003225510        1.0503154569422839E-002   9.2779619796702812E-004
         372   2.6781016377595712        1.0458734578120601E-002  -4.5098081715868785E-004
         373   2.6575409737244922        1.0660821506226128E-002  -1.3889339681695204E-003
         374   2.6369759082173143        1.1000671225977900E-002  -1.7612605674172570E-003
         375   2.6164064412380368        1.1362535436043970E-002  -1.6182915672106678E-003
         376   2.5958325727866605        1.1653954795284013E-002  -1.1197586601271962E-003
         377   2.5752543028631845        1.1820522267867931E-002  -4.5742276107933348E-004
         378   2.5546716314676092        1.1845863382230367E-002   2.0476560470113837E-004
         379   2.5340845585999356        1.1742383194176764E-002   7.5784124720552361E-004
         380   2.5134930842601637        1.1539708321285366E-002   1.1441563251436292E-003
         381   2.4928972084482903        1.1275868041192044E-002   1.3378055019637380E-003
         382   2.4722969311643204        1.0992662898595235E-002   1.3268484902624860E-003
         383   2.4516922524082490        1.0733475706312615E-002   1.1092719343473517E-003
         384   2.4310831721800796        1.0540279918207503E-002   7.0308124189038645E-004
         385   2.4104696904798120        1.0447908801904328E-002   1.6059643010822545E-004
         386   2.3898518073074433        1.0476064667770527E-002  -4.2688479931027995E-004
         387   2.3692295226629771        1.0622249359825404E-002  -9.4320542963310613E-004
         388   2.3486028365464109        1.0859649110283696E-002  -1.2793569860037736E-003
         389   2.3279717489577467        1.1142609933790916E-002  -1.3710302498641607E-003
         390   2.3073362598969829        1.1419067702215017E-002  -1.2242552833154835E-003
         391   2.2866963693641194        1.1645805600485311E-002  -9.1468050777332953E-004
         392   2.2660520773591575        1.1800371927206347E-002  -5.5735814343226735E-004
         393   2.2454033838820955        1.1884429298450979E-002  -2.5806915680637700E-004
         394   2.2247502889329351        1.1916748778061008E-002  -6.7558959672610807E-005
         395   2.2040927925116764        1.1918887216368882E-002   3.8991307298221964E-005
         396   2.1834308946183167        1.1900411392024282E-002   1.4478364661896497E-004
         397   2.1627645952528596        1.1851440504308454E-002   3.4128250009479624E-004
         398   2.1420938944153018        1.1747419707322935E-002   6.6669409000343505E-004
         399   2.1214187921056462        1.1565433526159238E-002   1.0630982034295449E-003
         400   2.1007392883238913        1.1305239500246939E-002   1.3775363229887158E-003
         401   2.0800553830700363        1.1004622226604326E-002   1.4145749863134706E-003
         402   2.0593670763440834        1.0739448545468220E-002   1.0244882816674459E-003
         403   2.0386743681460304        1.0604373516882735E-002   1.9154704700710706E-004
         404   2.0179772584758786        1.0678616809619564E-002  -9.1894892857366365E-004
         405   1.9972757473336282        1.0988901203392347E-002  -1.9843849375712238E-003
         406   1.9765698347192788        1.1485347463861210E-002  -2.6220899432949515E-003
         407   1.9558595206328300        1.2043330864834991E-002  -2.5313670847163391E-003
         408   1.9351448050742812        1.2495604231475247E-002  -1.6281707733367301E-003
         409   1.9144256880436346        1.2686988008675936E-002  -1.1609584458713426E-004
         410   1.8937021695408880        1.2533862823514113E-002   1.5436779660016715E-003
         411   1.8729742495660429        1.2066200329134150E-002   2.7648987443656659E-003
         412   1.8522419281190987        1.1434024816531677E-002   3.0314216963690235E-003
         413   1.8315052052000542        1.0871875017317862E-002   2.0873053828942031E-003
         414   1.8107640808089118        1.0630098918790477E-002   4.9437115432801604E-005
         415   1.7900185549456695        1.0895047149460676E-002  -2.6055197387170083E-003
         416   1.7692686276103295        1.1726028888288144E-002  -5.1837942010194930E-003
         417   1.7485142988028897        1.3032400636031335E-002  -7.0009672290529288E-003
         418   1.7277555685233499        1.4600520130656673E-002  -7.6130697100385515E-003
         419   1.7069924367717120        1.6162597085733400E-002  -6.9671394252094690E-003
         420   1.6862249035479739        1.7483126773323036E-002  -5.4132649576292859E-003
         421   1.6654529688521380        1.8432534422529338E-002  -3.5707373804487416E-003
         422   1.6446766326842033        1.9020670221907336E-002  -2.0958364949344274E-003
         423   1.6238958950441678        1.9378215290395837E-002  -1.4378508576242861E-003
         424   1.6031107559320341        1.9693566074779713E-002  -1.6750992453423005E-003
         425   1.5823212153478006        2.0129356776916924E-002  -2.4949423550661085E-003
         426   1.5615272732914691        2.0751237582660578E-002  -3.3262101373085057E-003
         427   1.5407289297630384        2.1496809061603728E-002  -3.5742283141240788E-003
         428   1.5199261847625076        2.2197433128834172E-002  -2.8678484377235797E-003
         429   1.4991190382898787        2.2644903679169572E-002  -1.2217604315644520E-003
         430   1.4783074903451496        2.2677489965575486E-002   9.5073352626488870E-004
         431   1.4574915409283224        2.2251637728858461E-002   2.9824767869987829E-003
         432   1.4366711900393954        2.1470692217923693E-002   4.2005054930425436E-003
         433   1.4158464376783697        2.0558130579731628E-002   4.1835841279317726E-003
         434   1.3950172838452455        1.9784281531843455E-002   2.9288359688300113E-003
         435   1.3741837285400207        1.9373368493690934E-002   8.6240383249769955E-004
         436   1.3533457717626978        1.9425965833966205E-002  -1.3117351826437444E-003
         437   1.3325034135132752        1.9885993045333925E-002  -2.8679325340976382E-003
         438   1.3116566537917544        2.0564907912571057E-002  -3.3232990983368227E-003
         439   1.2908054925981340        2.1213613242748796E-002  -2.6085369755279855E-003
         440   1.2699499299324140        2.1614832449980369E-002  -1.0815354956765161E-003
         441   1.2490899657945960        2.1660638753257851E-002   6.2074647364550783E-004
         442   1.2282256001846774        2.1386218452253594E-002   1.8333824578100771E-003
         443   1.2073568331026607        2.0947852298746787E-002   2.1198272972853430E-003
         444   1.1864836645485455        2.0554771364435571E-002   1.4344683993566664E-003
         445   1.1656060945223294        2.0382379170048877E-002   1.2951204328966095E-004
         446   1.1447241230240157        2.0501068833230551E-002  -1.1943300529761026E-003
         447   1.1238377500536021        2.0848472342132711E-002  -1.9334360185637150E-003
         448   1.1029469756110899        2.1255741264546844E-002  -1.7262179110050667E-003
         449   1.0820517996964789        2.1517128207464677E-002  -6.0134631577103616E-004
         450   1.0611522223097676        2.1475344818184697E-002   1.0279953950542884E-003
         451   1.0402482434509581        2.1089062045638159E-002   2.5212417676816570E-003
         452   1.0193398631200488        2.0455880748095099E-002   3.2578537288707890E-003
         453  0.99842708131704094        1.9781438361991414E-002   2.8792300827382654E-003
         454  0.97750989804193444        1.9305932024802193E-002   1.4329984812852074E-003
         455  0.95658831329472749        1.9215532249956827E-002  -6.3465915151751586E-004
         456  0.93566232707542296        1.9571724519940242E-002  -2.6348521719190888E-003
         457  0.91473193938401753        2.0284697782758866E-002  -3.8801633174060835E-003
         458  0.89379715022051454        2.1140195478850012E-002  -3.9264544217856396E-003
         459  0.87285795958491252        2.1869681003664081E-002  -2.7245533919135049E-003
         460  0.85191436747721005        2.2238328767310658E-002  -6.3002686537073558E-004
         461  0.83096637389740957        2.2119657116816367E-002   1.7267668491199521E-003
         462  0.81001397884550896        2.1531975547528833E-002   3.6579482218073510E-003
         463  0.78905718232151034        2.0626287006917838E-002   4.6418082284188002E-003
         464  0.76809598432541271        1.9632797851076939E-002   4.4750045538304740E-003
         465  0.74713038485721461        1.8787166252667513E-002   3.3063299949935795E-003
         466  0.72616038391691862        1.8262494140048133E-002   1.5517506480471296E-003
         467  0.70518598150452239        1.8128682807524103E-002  -2.6769428618019284E-004
         468  0.68420717762002825        1.8348902314317260E-002  -1.7003236685247814E-003
         469  0.66322397226343399        1.8808975416055185E-002  -2.4883730989743577E-003
         470  0.64223636543474161        1.9364570182352586E-002  -2.6069756355716223E-003
         471  0.62124435713394999        1.9887308323756240E-002  -2.2176031817690654E-003
         472  0.60024794736105824        2.0294504412180392E-002  -1.5678643623394280E-003
         473  0.57924713611606848        2.0555869652135340E-002  -8.8507191009842986E-004
         474  0.55824192339897860        2.0680790388555664E-002  -3.0530772908700333E-004
         475  0.53723230920979059        2.0696216701581532E-002   1.4084966888232276E-004
         476  0.51621829354850357        2.0627259823854629E-002   4.9237367674373521E-004
         477  0.49519987641511626        2.0488574006448823E-002   7.9793989272820842E-004
         478  0.47417705780963099        2.0288136370181131E-002   1.0651935568670621E-003
         479  0.45314983773204548        2.0038585291225684E-002   1.2434165372824744E-003
         480  0.43211821618236190        1.9768068041391890E-002   1.2451579762195199E-003
         481  0.41108219316057937        1.9523285734353111E-002   9.9350027489210129E-004
         482  0.39004176866669654        1.9361888230027800E-002   4.7025088069335664E-004
         483  0.36899694270071570        1.9336586972231336E-002  -2.5847807682540826E-004
         484  0.34794771526263457        1.9477413027379108E-002  -1.0513844848745698E-003
         485  0.32689408635245565        1.9779398138438712E-002  -1.7315225639491969E-003
         486  0.30583605597017749        2.0200535074585631E-002  -2.1393062535623847E-003
         487  0.28477362411579904        2.0670611651623663E-002  -2.1775754861482052E-003
         488  0.26370679078932263        2.1107407524801110E-002  -1.8329087166000725E-003
         489  0.24263555599074607        2.1434371196508442E-002  -1.1692366076652295E-003
         490  0.22155991972007150        2.1594715114094176E-002  -3.0177394345876063E-004
         491  0.20047988197729777        2.1559030268405083E-002   6.3418894340983110E-004
         492  0.17939544276242386        2.1326909981551786E-002   1.5064418603145599E-003
         493  0.15830660207545191        2.0924975200341041E-002   2.1962831980926237E-003
         494  0.13721335991637973        2.0403737732178850E-002   2.6002984953437322E-003
         495  0.11611571628520964        1.9834091167800921E-002   2.6338811587537044E-003
         496   9.5013671181939194E-002   1.9301995136056932E-002   2.2450228280460720E-003
         497   7.3907224606570870E-002   1.8899000173534068E-002   1.4389731806766829E-003
         498   5.2796376559103415E-002   1.8707027487532436E-002   3.0419027739357602E-004
         499   3.1681127039535670E-002   1.8778868772437660E-002  -9.7675854950609047E-004
         500   1.0561476047868834E-002   1.9119330171898059E-002  -2.1462057034357116E-003
         501  -1.0562576415895955E-002   1.9674247825570281E-002  -2.9251029226852465E-003
         502  -3.1691030351759839E-002   2.0333923678652669E-002  -3.0906224010400765E-003
         503  -5.2823885759722862E-002   2.0953810625695297E-002  -2.5536427033159936E-003
         504  -7.3961142639784955E-002   2.1389163395012598E-002  -1.4063787946895447E-003
         505  -9.5102800991948538E-002   2.1534612215055350E-002   8.2717835842279112E-005
         506 -0.11624886081620887        2.1356276448658357E-002   1.5327317890913767E-003
         507 -0.13739932211256831        2.0905082154243769E-002   2.5568659323629995E-003
         508 -0.15855418488102688        2.0305374635905465E-002   2.8788788158601443E-003
         509 -0.17971344912158452        1.9720913415126013E-002   2.4200954229321430E-003
         510 -0.20087711483424367        1.9308167897525243E-002   1.3263881570310684E-003
         511 -0.22204518201899950        1.9171368315129281E-002  -7.5413900416137244E-005
         512 -0.24321765067585452        1.9333488836557246E-002  -1.3779588493613882E-003
         513 -0.26439452080480863        1.9732125056869044E-002  -2.2172341761947639E-003
         514 -0.28557579240586184        2.0240924586130728E-002  -2.3791445044945513E-003
         515 -0.30676146547901645        2.0709029320978373E-002  -1.8553887530455436E-003
         516 -0.32795154002426796        2.1005607692686338E-002  -8.3356689468679730E-004
         517 -0.34914601604161849        2.1055666038964031E-002   3.7083668223446801E-004
         518 -0.37034489353106820        2.0857166149755108E-002   1.4148479149572737E-003
         519 -0.39154817249261697        2.0475989410873911E-002   2.0271415279012727E-003
         520 -0.41275585292626721        2.0022365411450756E-002   2.0766252513380176E-003
         521 -0.43396793483201401        1.9617339876294330E-002   1.5945264390397650E-003
         522 -0.45518441820986022        1.9359563906349631E-002   7.5016405514083536E-004
         523 -0.47640530305980539        1.9301184574133431E-002  -2.0611718266327550E-004
         524 -0.49763058938184973        1.9437824446153024E-002  -1.0132587485454868E-003
         525 -0.51886027717599537        1.9713468030376304E-002  -1.4643293304956759E-003
         526 -0.54009436644223796        2.0037568632000988E-002  -1.4530709288335078E-003
         527 -0.56133285718057968        2.0309638195802306E-002  -9.9579478312088274E-004
         528 -0.58257574939102030        2.0445781334254870E-002  -2.2738738539241986E-004
         529 -0.60382304307356038        2.0401710109914012E-002   6.2719836821933830E-004
         530 -0.62507473822820159        2.0187220341282265E-002   1.3027910581693870E-003
         531 -0.64633083485493981        1.9868116171017910E-002   1.5588281526256378E-003
         532 -0.66759133295377671        1.9553421153708121E-002   1.2479927915534216E-003
         533 -0.68885623252471317        1.9368792137618000E-002   3.7185360550546993E-004
         534 -0.71012553356774866        1.9420988309663326E-002  -8.9576166207279754E-004
         535 -0.73139923608288548        1.9762213292707997E-002  -2.2329736833778969E-003
         536 -0.75267734007011911        2.0365289631712975E-002  -3.2452478316984282E-003
         537 -0.77395984552945185        2.1119619707665415E-002  -3.5779485101503699E-003
         538 -0.79524675246088339        2.1852834667236230E-002  -3.0350855305430404E-003
         539 -0.81653806086441472        2.2375400929259995E-002  -1.6642268163014568E-003
         540 -0.83783377074004706        2.2536551954295082E-002   2.2779785174516102E-004
         541 -0.85913388208777608        2.2274590673534135E-002   2.1445253242093655E-003
         542 -0.88043839490760423        2.1643768229845949E-002   3.5412465305825970E-003
         543 -0.90174730919953205        2.0806182173799509E-002   3.9973941540103414E-003
         544 -0.92306062496355856        1.9988154679813495E-002   3.3617363144863395E-003
         545 -0.94437834219968630        1.9412930232478195E-002   1.8172400306507577E-003
         546 -0.96570046090791106        1.9230888219309121E-002  -1.6364133341148062E-004
         547 -0.98702698108823506        1.9470887914000829E-002  -1.9643074891167998E-003
         548  -1.0083579027406577        2.0030179796068099E-002  -3.0241936742317205E-003
         549  -1.0296932258651825        2.0707638705139801E-002  -3.0253833474939611E-003
         550  -1.0510329504618035        2.1270012077816796E-002  -1.9997942804968558E-003
         551  -1.0723770765305238        2.1528949325002805E-002  -3.1760617276836570E-004
         552  -1.0937256040713430        2.1402582828681897E-002   1.4399803644655387E-003
         553  -1.1150785330842616        2.0940630747941759E-002   2.6791109818340127E-003
         554  -1.1364358635692815        2.0304985382123292E-002   2.9920463188160976E-003
         555  -1.1577975955263986        1.9713354596013404E-002   2.2871670442370057E-003
         556  -1.1791637289556138        1.9366455820257884E-002   8.0655974521446217E-004
         557  -1.2005342638569292        1.9383949551348912E-002  -9.7013013814397134E-004
         558  -1.2219092002303433        1.9770396301420773E-002  -2.4957722363497942E-003
         559  -1.2432885380758583        2.0420517670223837E-002  -3.3360225301317403E-003
         560  -1.2646722773934709        2.1158922304413241E-002  -3.2960168339316604E-003
         561  -1.2860604181831821        2.1797757310421308E-002  -2.4546344631548897E-003
         562  -1.3074529604449929        2.2191353293452599E-002  -1.1046220609001870E-003
         563  -1.3288499041789024        2.2270334773176883E-002   3.6836759239158867E-004
         564  -1.3502512493849137        2.2047416142799241E-002   1.6162138602384358E-003
         565  -1.3716569960630212        2.1598258730594243E-002   2.4199541341223462E-003
         566  -1.3930671442132283        2.1029153893193212E-002   2.7169279780686439E-003
         567  -1.4144816938355340        2.0445699691883246E-002   2.5674475081486877E-003
         568  -1.4359006449299394        1.9932854219989197E-002   2.0894834538194729E-003
         569  -1.4573239974964460        1.9549322407132259E-002   1.3981517759301633E-003
         570  -1.4787517515350495        1.9331968031070176E-002   5.7746081347754316E-004
         571  -1.5001839070457519        1.9302097410637934E-002  -3.0947248538736483E-004
         572  -1.5216204640285533        1.9466594637418771E-002  -1.1876191031406674E-003
         573  -1.5430614224834545        1.9811918992377955E-002  -1.9421731979274519E-003
         574  -1.5645067824104559        2.0294864027639425E-002  -2.4196563538369052E-003
         575  -1.5859565438095551        2.0837526700078692E-002  -2.4649188262722346E-003
         576  -1.6074107066807533        2.1333177301661628E-002  -1.9800291976844473E-003
         577  -1.6288692710240504        2.1664875110413484E-002  -9.7643939341727571E-004
         578  -1.6503322368394464        2.1732038363844124E-002   4.0807341196981211E-004
         579  -1.6717996041269443        2.1475489140501923E-002   1.9412896186752782E-003
         580  -1.6932713728865385        2.0890853008504680E-002   3.3677468061850094E-003
         581  -1.7147475431182326        2.0024659140961104E-002   4.4898857943566533E-003
         582  -1.7362281148220251        1.8954918354573420E-002   5.2231824306297643E-003
         583  -1.7577130879979166        1.7764923772465135E-002   5.6000777838265819E-003
         584  -1.7792024626459100        1.6522201776006325E-002   5.7212300490328835E-003
         585  -1.8006962387660002        1.5271794691923914E-002   5.6785439632440256E-003
         586  -1.8221944163581891        1.4045927940345241E-002   5.4896016352303390E-003
         587  -1.8436969954224773        1.2883341565456076E-002   5.0797039249778422E-003
         588  -1.8652039759588646        1.1845781181944664E-002   4.3258134985982282E-003
         589  -1.8867153579673537        1.1019340494229809E-002   3.1457259992877531E-003
         590  -1.9082311414479394        1.0495027157487435E-002   1.5901424505809251E-003
         591  -1.9297513264006236        1.0333419066489893E-002  -1.1206831924081878E-004
         592  -1.9512759128254076        1.0527828653678125E-002  -1.5889560756122822E-003
         593  -1.9728049007222908        1.0984227704647416E-002  -2.4401423730697875E-003
         594  -1.9943382900912743        1.1531768069848089E-002  -2.3921476989495097E-003
         595  -2.0158760809323564        1.1966134496738804E-002  -1.4309251772157902E-003
         596  -2.0374182732455361        1.2113674811549199E-002   1.5032930769874814E-004
         597  -2.0589648670308152        1.1893421151239281E-002   1.8205893542411610E-003
         598  -2.0805158622881943        1.1351922136822516E-002   2.9833659696814072E-003
         599  -2.1020712590176740        1.0654074489318956E-002   3.1926926904759360E-003
         600  -2.1236310572192507        1.0029292472397002E-002   2.3296585091217279E-003
         601  -2.1451952568929262        9.6902128821336059E-003   6.6575062191639143E-004
         602  -2.1667638580387014        9.7533656557034273E-003  -1.2200715011234718E-003
         603  -2.1883368606565750        1.0192393754147254E-002  -2.6467238491404256E-003
         604  -2.2099142647465504        1.0843368241345722E-002  -3.0847653600356369E-003
         605  -2.2314960703086228        1.1462310755062842E-002  -2.3615247591135058E-003
         606  -2.2530822773427945        1.1814714444202365E-002  -7.3613457711471176E-004
         607  -2.2746728858490655        1.1763744046449882E-002   1.1886672354978894E-003
         608  -2.2962678958274365        1.1323364346578929E-002   2.6879401378945632E-003
         609  -2.3178673072779050        1.0655415080987898E-002   3.1864092629303536E-003
         610  -2.3394711202004728        1.0010879529564851E-002   2.4770116409140071E-003
         611  -2.3610793345951402        9.6369592989831998E-003   8.0180901388928697E-004
         612  -2.3826919504619055        9.6849358673480202E-003  -1.2364916561301955E-003
         613  -2.4043089678007732        1.0153544427469659E-002  -2.8989055742782133E-003
         614  -2.4259303866117374        1.0889121153527736E-002  -3.5848709886771831E-003
         615  -2.4475562068948005        1.1642184900268082E-002  -3.0530575860708968E-003
         616  -2.4691864286499627        1.2158766639162542E-002  -1.5055999097415178E-003
         617  -2.4908210518772247        1.2272067632740831E-002   4.9377316541432891E-004
         618  -2.5124600765765885        1.1960411071201512E-002   2.2338673500352235E-003
         619  -2.5341035027480472        1.1350804142665663E-002   3.1195779712102148E-003
         620  -2.5557513303916073        1.0668152665177287E-002   2.8854629093757879E-003
         621  -2.5774035595072640        1.0150356358053950E-002   1.6816589870290123E-003
         622  -2.5990601900950216        9.9615570383475571E-003   4.2463248526015919E-006
         623  -2.6207212221548799        1.0135497271456545E-002  -1.4991815828720558E-003
         624  -2.6423866556868347        1.0568812588743128E-002  -2.2733354500746373E-003
         625  -2.6640564906908901        1.1065175775090856E-002  -2.0576873693206495E-003
         626  -2.6857307271670425        1.1412648668848904E-002  -9.7547655058039526E-004
         627  -2.7074093651152964        1.1465119064398236E-002   5.1940292736682393E-004
         628  -2.7290924045356499        1.1198064955970737E-002   1.8147172876556129E-003
         629  -2.7507798454281014        1.0718762626291614E-002   2.3676544700431982E-003
         630  -2.7724716877926512        1.0227461334387521E-002   1.9077454076470979E-003
         631  -2.7941679316292993        9.9430244219917887E-003   5.4591845202442944E-004
         632  -2.8158685769380480        1.0018423440741643E-002  -1.2457693355259186E-003
         633  -2.8375736237188973        1.0474621137995403E-002  -2.7762601726228869E-003
         634  -2.8583641416570438        1.1143952795815539E-002  -3.3560334092091497E-003
         635  -2.8747646529784650        1.1679597859472453E-002  -2.9119908042691137E-003
         636  -2.8866209921760304        1.1983462398092658E-002  -2.0442276536113604E-003
         637  -2.8941322611625786        1.2111154693953229E-002  -1.2654113900655779E-003
         638  -2.8974890233422603        1.2147649574220593E-002  -8.6406266484783355E-004
         639  -2.8968735855010390        1.2141994456775308E-002  -9.3999261542306804E-004
         640  -2.8924607590407527        1.2087998812323465E-002  -1.4533054149246396E-003
         641  -2.8844173202895904        1.1935352597506133E-002  -2.2398110334491449E-003
         642  -2.8729029518828888        1.1623463543740321E-002  -3.0064772636556516E-003
         643  -2.8580710013422732        1.1133931527271122E-002  -3.3561948326286759E-003
         644  -2.8402121299470395        1.0551059445341888E-002  -2.9095788025322636E-003
         645  -2.8216200007390415        1.0105041999337309E-002  -1.7071051273261097E-003
         646  -2.8030456357644691        9.9257032564991372E-003  -1.7159379449245831E-004
         647  -2.7844894098343209        1.0032095533796461E-002   1.2417875043355727E-003
         648  -2.7659511667800909        1.0362819596066155E-002   2.1535560312119987E-003
         649  -2.7474311615831257        1.0799219479377294E-002   2.3457729507766279E-003
         650  -2.7289288546475658        1.1201082120521576E-002   1.8071716676231365E-003
         651  -2.7104445667410246        1.1445839651888091E-002   7.2696443473970916E-004
         652  -2.6919785559105573        1.1461691038332717E-002  -5.6107352047407219E-004
         653  -2.6738692500911956        1.1252057875022349E-002  -1.6539956686379082E-003
         654  -2.6558113579182803        1.0883031585853556E-002  -2.2570066172016815E-003
         655  -2.6377837263998245        1.0464037174726479E-002  -2.1885080607478157E-003
         656  -2.6197865404765621        1.0121475415516069E-002  -1.4461909069378518E-003
         657  -2.6018253529028970        9.9644761064065068E-003  -2.1091373368122934E-004
         658  -2.5839110614739633        1.0054701456642681E-002   1.1986419350550606E-003
         659  -2.5660584520658456        1.0388429178066682E-002   2.4091756973780164E-003
         660  -2.5482854863735880        1.0896229329059412E-002   3.0919363820879177E-003
         661  -2.5306141716521680        1.1460541087593172E-002   3.0504972436918112E-003
         662  -2.5130674924871901        1.1946469167778993E-002   2.2725340401980980E-003
         663  -2.4956705384891071        1.2236804474002523E-002   9.3106052058153474E-004
         664  -2.4784496267566696        1.2261560452203267E-002  -6.6381140570306342E-004
         665  -2.4614324415810307        1.2014012795211354E-002  -2.1473469746481522E-003
         666  -2.4446482949513544        1.1549641016910424E-002  -3.1925124345695763E-003
         667  -2.4281265498004987        1.0969357174204284E-002  -3.5865503225829811E-003
         668  -2.4118970236358357        1.0392898007292815E-002  -3.2724087728834986E-003
         669  -2.3942872998931759        9.8906717688534394E-003  -2.2195750440713803E-003
         670  -2.3763061339934697        9.6237611992914616E-003  -6.4045170022995225E-004
         671  -2.3583443449466546        9.6627529501090680E-003   1.0488447084608219E-003
         672  -2.3404015671288940        9.9876651186795486E-003   2.4214705591497289E-003
         673  -2.3224784116730564        1.0506745462007567E-002   3.1349029377902402E-003
         674  -2.3045733092994625        1.1080806179382535E-002   3.0191014709412874E-003
         675  -2.2866879314152304        1.1559367888795923E-002   2.1187608591638945E-003
         676  -2.2688220509347712        1.1819529611217135E-002   6.7929156778360773E-004
         677  -2.2509913166718234        1.1797092600759106E-002  -9.1808275746863271E-004
         678  -2.2332326839191672        1.1503174846149978E-002  -2.2578383044763802E-003
         679  -2.2154394635257879        1.1015160874951881E-002  -3.0072609454819157E-003
         680  -2.1976217946906127        1.0459886252730768E-002  -2.9762749891651358E-003
         681  -2.1797917094026569        9.9814152912339662E-003  -2.1766464989663209E-003
         682  -2.1619612313306966        9.7034705562120422E-003  -8.1652491208130979E-004
         683  -2.1441413021586393        9.6978543495160521E-003   7.5773783612376254E-004
         684  -2.1263453036609370        9.9672746338103184E-003   2.1546382909257400E-003
         685  -2.1085871428490641        1.0446691651540642E-002   3.0399304741006725E-003
         686  -2.0908795665155373        1.1022399692292028E-002   3.2194236434313446E-003
         687  -2.0732325138129455        1.1562658518635298E-002   2.6802645595908172E-003
         688  -2.0556630959498197        1.1950692405279788E-002   1.5833753446570162E-003
         689  -2.0381809327659695        1.2112269374596212E-002   2.1151175990056619E-004
         690  -2.0207980719659071        1.2029905510364973E-002  -1.1079469075620674E-003
         691  -2.0035285913113352        1.1742531987828432E-002  -2.0834478131937510E-003
         692  -1.9863803487366789        1.1331706247701731E-002  -2.5221865481933653E-003
         693  -1.9693678992462735        1.0900134417988660E-002  -2.3600466318713419E-003
         694  -1.9525009353988603        1.0548086214612092E-002  -1.6576514169992429E-003
         695  -1.9357914576783324        1.0354430908658530E-002  -5.6726488912961644E-004
         696  -1.9192476460170254        1.0365465597550054E-002   7.1594509618197943E-004
         697  -1.9028807749945298        1.0592981233096672E-002   2.0025549257039112E-003
         698  -1.8867008966510983        1.1019802562381350E-002   3.1466580501500773E-003
         699  -1.8707160371722071        1.1610094415260471E-002   4.0649084927408792E-003
         700  -1.8549342445678367        1.2320590666288198E-002   4.7360515261953015E-003
         701  -1.8393640967977223        1.3109924277243074E-002   5.1859465127930549E-003
         702  -1.8240179509323193        1.3944185976722930E-002   5.4650214364422058E-003
         703  -1.8088991139613133        1.4799378673359249E-002   5.6259150908722676E-003
         704  -1.7940153717631078        1.5659242737737940E-002   5.7063863436124579E-003
         705  -1.7788736822579554        1.6541357708984152E-002   5.7207755281937405E-003
         706  -1.7617764008306238        1.7532305183088754E-002   5.6392004473800536E-003
         707  -1.7447005541861442        1.8495731760605469E-002   5.4095406409341790E-003
         708  -1.7276442963279581        1.9401277907209163E-002   4.9769989579067659E-003
         709  -1.7106074170830221        2.0210115314872532E-002   4.3029934087074851E-003
         710  -1.6935928605853638        2.0879795339640895E-002   3.3871532521830235E-003
         711  -1.6765970912564265        2.1372377457732308E-002   2.2777100640147701E-003
         712  -1.6595873130867826        2.1662681106260975E-002   1.0662373286628793E-003
         713  -1.6425210812609683        2.1743064169358190E-002  -1.2654680484338883E-004
         714  -1.6254189613330214        2.1627152622765714E-002  -1.1685065863542619E-003
         715  -1.6082830529832466        2.1350634472389520E-002  -1.9488165544387795E-003
         716  -1.5911251348407711        2.0965680029826114E-002  -2.3982419277178459E-003
         717  -1.5739485422542812        2.0532189330638551E-002  -2.5006443216124023E-003
         718  -1.5567635558462294        2.0108801317182012E-002  -2.2895938242640285E-003
         719  -1.5395708259136260        1.9744769872391075E-002  -1.8338735890134818E-003
         720  -1.5223822108977043        1.9475924991153273E-002  -1.2173661667673748E-003
         721  -1.5052008613589889        1.9323276095568699E-002  -5.1926289752963735E-004
         722  -1.4880329937521990        1.9295244889686876E-002   1.9775933969699101E-004
         723  -1.4708841777864272        1.9390826369630399E-002   8.8969223474356105E-004
         724  -1.4537602340381239        1.9602371207658172E-002   1.5239814965208403E-003
         725  -1.4366635561077392        1.9916701379613242E-002   2.0679297267644950E-003
         726  -1.4196023299880476        2.0314032257535548E-002   2.4783325184103032E-003
         727  -1.4025830362976150        2.0765985573009339E-002   2.6991467350059072E-003
         728  -1.3856048793498006        2.1234210075027158E-002   2.6691065933864278E-003
         729  -1.3686746041079059        2.1670561081371088E-002   2.3384950170735339E-003
         730  -1.3517966239546353        2.2021384910326323E-002   1.6907540277275711E-003
         731  -1.3349734310407495        2.2234996482084872E-002   7.6094638661822461E-004
         732  -1.3182122001133709        2.2271397869021374E-002  -3.5524161963587262E-004
         733  -1.3015125515003509        2.2112223832447358E-002  -1.5086066558331547E-003
         734  -1.2848802843235376        2.1767871951909806E-002  -2.5176579186245896E-003
         735  -1.2683150850179872        2.1279576264084339E-002  -3.2033924186496096E-003
         736  -1.2518226632849521        2.0715514797636704E-002  -3.4270750527125955E-003
         737  -1.2354056190563825        2.0160339658176044E-002  -3.1243564336791508E-003
         738  -1.2190676866128001        1.9700599858357478E-002  -2.3250726114163798E-003
         739  -1.2028091714778695        1.9408561671306383E-002  -1.1535867081049339E-003
         740  -1.1866343771649439        1.9328357661630172E-002   1.9064246437294893E-004
         741  -1.1705406175504554        1.9466938652986803E-002   1.4702736415351614E-003
         742  -1.1545338598261987        1.9792226820028312E-002   2.4545162004197692E-003
         743  -1.1386176545672366        2.0238767570773586E-002   2.9651536534045556E-003
         744  -1.1227895762574709        2.0720240503636970E-002   2.9112335030075809E-003
         745  -1.1070523004796131        2.1145275190134535E-002   2.3060870015726553E-003
         746  -1.0914096826311688        2.1434496614425657E-002   1.2647234040923403E-003
         747  -1.0758616571491249        2.1534927484649309E-002  -1.9162666307090845E-005
         748  -1.0604078969397426        2.1428906297220680E-002  -1.3102336837671970E-003
         749  -1.0450510495652650        2.1136442965745596E-002  -2.3747809492160482E-003
         750  -1.0297904048868802        2.0710632334832363E-002  -3.0228755236445673E-003
         751  -1.0146303196570112        2.0227608348934847E-002  -3.1400715955471107E-003
         752 -0.99956773875215943        1.9772378547297340E-002  -2.7048365741256216E-003
         753 -0.98460555876935485        1.9424592351400420E-002  -1.7882261005291030E-003
         754 -0.96974436342030434        1.9245370716908992E-002  -5.3807076965988777E-004
         755 -0.95498292314623512        1.9268256089048749E-002   8.4921002483105451E-004
         756 -0.94032351662545777        1.9495170558192637E-002   2.1621371458087121E-003
         757 -0.92576482952141015        1.9897626824415055E-002   3.2086868292645655E-003
         758 -0.91131054792385091        2.0422446200090788E-002   3.8440530238561901E-003
         759 -0.89695601212533616        2.1001312130468373E-002   3.9897565056968790E-003
         760 -0.88270484187908216        2.1560854601528488E-002   3.6397564750702887E-003
         761 -0.86855589170886838        2.2033629232866465E-002   2.8561046996359554E-003
         762 -0.85450817728386053        2.2366532811501597E-002   1.7544536807432779E-003
         763 -0.84056689877987278        2.2526642488527909E-002   4.8407690883512094E-004
         764 -0.82667512866969273        2.2503517652650601E-002  -8.0115628385941907E-004
         765 -0.81279509808905681        2.2306356173805515E-002  -1.9547411548012017E-003
         766 -0.79892843040852812        2.1963298354986921E-002  -2.8517981411555881E-003
         767 -0.78507505826486312        2.1517368725918123E-002  -3.4069729944959230E-003
         768 -0.77123399822372418        2.1020183306170739E-002  -3.5822626671529493E-003
         769 -0.75741036958284891        2.0525339052917025E-002  -3.3881630382560412E-003
         770 -0.74244935794449596        2.0047901349398833E-002  -2.8240620016814961E-003
         771 -0.72654787394496623        1.9658993687665299E-002  -1.9421962458296472E-003
         772 -0.71064859923680612        1.9425849693337542E-002  -9.2935479208941583E-004
         773 -0.69474903197614313        1.9356039333312647E-002   4.8381053042776588E-005
         774 -0.67885126984794975        1.9431784700632410E-002   8.4741644566336855E-004
         775 -0.66295651533161515        1.9615249951110806E-002   1.3666188033458534E-003
         776 -0.64707004081827002        1.9856380551470525E-002   1.5579972309104021E-003
         777 -0.63119598172947755        2.0101878462827495E-002   1.4283526536361076E-003
         778 -0.61532911528137579        2.0303758387478738E-002   1.0319625987976733E-003
         779 -0.59947075426228291        2.0425788051628875E-002   4.5797265356154935E-004
         780 -0.58362918972390787        2.0447993697200045E-002  -1.8491960918020511E-004
         781 -0.56780235486606567        2.0368485608197800E-002  -7.8573496925982091E-004
         782 -0.55199261884096029        2.0202463819844859E-002  -1.2456933738767880E-003
         783 -0.53619763193948788        1.9979094788414666E-002  -1.4907165568391490E-003
         784 -0.52042454167918151        1.9736924644168270E-002  -1.4798173417104659E-003
         785 -0.50466971492776613        1.9517780290244140E-002  -1.2099004426005602E-003
         786 -0.48893689394587825        1.9360857740047439E-002  -7.1585010199687956E-004
         787 -0.47322367883659694        1.9296763581767514E-002  -6.6211599722535894E-005
         788 -0.45753962762040634        1.9342832054909328E-002   6.4461244326506953E-004
         789 -0.44187628685909514        1.9500058415522870E-002   1.3097815566888082E-003
         790 -0.42623997865514884        1.9752220546385958E-002   1.8234444094258457E-003
         791 -0.41062899738582553        2.0067587611426022E-002   2.0973901912155367E-003
         792 -0.39504746356238596        2.0402829157718145E-002   2.0752164655204503E-003
         793 -0.37949465303376156        2.0709290382559541E-002   1.7434141856877429E-003
         794 -0.36397012385449862        2.0940189724469135E-002   1.1362234559166612E-003
         795 -0.34847411437884823        2.1058075891027622E-002   3.3340408326218700E-004
         796 -0.33300879520015880        2.1041265809426894E-002  -5.4955108133381567E-004
         797 -0.31757505316087864        2.0888149592562973E-002  -1.3781973814016414E-003
         798 -0.30217607001547309        2.0618427223368516E-002  -2.0199951497526319E-003
         799 -0.28680480565389854        2.0270629984704119E-002  -2.3665194396550321E-003
         800 -0.27147137174284247        1.9897270394448618E-002  -2.3515284380477746E-003
         801 -0.25617004094377760        1.9556274999133167E-002  -1.9642490124695093E-003
         802 -0.24090264460709396        1.9302464057127607E-002  -1.2525132004570579E-003
         803 -0.22566837939806850        1.9178615963955065E-002  -3.1667871145524306E-004
         804 -0.21047243103836938        1.9208518874971263E-002   7.0513088434035213E-004
         805 -0.19530729215269385        1.9392997308382329E-002   1.6598068903823479E-003
         806 -0.18018182456343812        1.9709412327391498E-002   2.4018287486244094E-003
         807 -0.16509116784624753        2.0115290694966027E-002   2.8179961486200387E-003
         808 -0.15003681190790072        2.0554556892761342E-002   2.8437901955694705E-003
         809 -0.13501856130744389        2.0966092695039629E-002   2.4730337319540351E-003
         810 -0.12003890833774560        2.1292715978881199E-002   1.7576515328742465E-003
         811 -0.10509731050929930        2.1489530086037614E-002   7.9787642140378219E-004
         812  -9.0189473758757188E-002   2.1529804816652131E-002  -2.7475075380343703E-004
         813  -7.5321603374390977E-002   2.1408034908565472E-002  -1.3171601461923190E-003
         814  -6.0492094528266351E-002   2.1139854774193789E-002  -2.1972455594716604E-003
         815  -4.5700358161312744E-002   2.0758720359703355E-002  -2.8113687959857971E-003
         816  -3.0945104622208858E-002   2.0310420621939475E-002  -3.0967105969179911E-003
         817  -1.6230814158370899E-002   1.9846565794931183E-002  -3.0363658557227536E-003
         818  -1.5555304126692743E-003   1.9417354097909123E-002  -2.6573349361067615E-003
         819   1.3084853392147372E-002   1.9065753255286522E-002  -2.0217459270914159E-003
         820   2.7686158834575127E-002   1.8823481204582923E-002  -1.2151471110482493E-003
         821   4.2246340997710435E-002   1.8708336728653126E-002  -3.3240106138613106E-004
         822   5.6769509239831754E-002   1.8724042913679427E-002   5.3567267574752939E-004
         823   7.1252180053126501E-002   1.8861794367504844E-002   1.3114395536760661E-003
         824   8.5698879905070968E-002   1.9102929505942376E-002   1.9376097316420276E-003
         825  0.10010550415458612        1.9422000130421498E-002   2.3784447856649441E-003
         826  0.11447101596961429        1.9790082825658192E-002   2.6191107686350124E-003
         827  0.12880134264984636        2.0177858540007389E-002   2.6619551740446759E-003
         828  0.14309137057522531        2.0557221010455297E-002   2.5217583986816431E-003
         829  0.15734532588265257        2.0903343841521631E-002   2.2216382932393839E-003
         830  0.17155943977242233        2.1195165748551032E-002   1.7899452911648525E-003
         831  0.18573312982641765        2.1416232526250852E-002   1.2583279554283647E-003
         832  0.19987066923362828        2.1555011246069369E-002   6.6090018915809952E-004
         833  0.21396933138612181        2.1605082989284850E-002   3.4526158931962318E-005
         834  0.22803003214956427        2.1565556977148549E-002  -5.8171105921700191E-004
         835  0.24205211438612784        2.1441255374443993E-002  -1.1473560733521319E-003
         836  0.25603682367331582        2.1242664935679809E-002  -1.6229568055040220E-003
         837  0.26998321859042440        2.0985580377395688E-002  -1.9731142819240633E-003
         838  0.28389006622197938        2.0690184802567364E-002  -2.1706019935307545E-003
         839  0.29776145865912729        2.0379386560941706E-002  -2.2002834265069881E-003
         840  0.31159677196904406        2.0077143825881796E-002  -2.0618340984364398E-003
         841  0.32539245882803719        1.9806190546159601E-002  -1.7712146892595454E-003
         842  0.33915248499978823        1.9585599532800643E-002  -1.3593958132284755E-003
         843  0.35287464045536265        1.9429199681599101E-002  -8.6929208989820978E-004
         844  0.36656056904193612        1.9344138946477171E-002  -3.5022763467173188E-004
         845  0.38021014536729325        1.9330588003267434E-002   1.4817689920547302E-004
         846  0.39382222127720490        1.9382180834902892E-002   5.8246212833001107E-004
         847  0.40739874979104435        1.9487349877161782E-002   9.2076923889242851E-004
         848  0.42079547991940797        1.9629528126129225E-002   1.1441681683343216E-003
         849  0.43403261745489863        1.9792445255224413E-002   1.2546219317083399E-003
         850  0.44725944987274763        1.9963241554176333E-002   1.2656514797294890E-003
         851  0.46047410511206693        2.0129724156395988E-002   1.1966053960518277E-003
         852  0.47367779544748939        2.0282705690962109E-002   1.0707622511583182E-003
         853  0.48687173748522339        2.0416091388073113E-002   9.0998330661865067E-004
         854  0.50005226221156651        2.0526344742858520E-002   7.3012823477531879E-004
         855  0.51322239545975767        2.0611538301751584E-002   5.3794647671290719E-004
         856  0.52637974486178940        2.0669959624417755E-002   3.3065278277433945E-004
         857  0.53952141852693414        2.0699001962209369E-002   9.7836060439965874E-005
         858  0.55265172480177915        2.0694401041317624E-002  -1.7435796376928311E-004
         859  0.56576856854882218        2.0650143335788074E-002  -4.9723690029084900E-004
         860  0.57887445465710996        2.0559210700442067E-002  -8.7364040459021763E-004
         861  0.59196002183135454        2.0415219542963506E-002  -1.2923153795564046E-003
         862  0.60503686581992977        2.0214152439371830E-002  -1.7260298415054331E-003
         863  0.61809768521837305        1.9957012594636857E-002  -2.1305587668067230E-003
         864  0.63114269335476003        1.9651439195107021E-002  -2.4494291493823307E-003
         865  0.64417313579563895        1.9312992397673749E-002  -2.6207416140292834E-003
         866  0.65718820882263762        1.8965272287018570E-002  -2.5867394114655684E-003
         867  0.67018916801136275        1.8638508018939976E-002  -2.3043970004311969E-003
         868  0.68317258255867208        1.8367115534508732E-002  -1.7554215047226025E-003
         869  0.69614418293775104        1.8185579484375276E-002  -9.5302751322169546E-004
         870  0.70909218009215080        1.8124374056656536E-002   5.3233366846645153E-005
         871  0.72202987357853410        1.8204978918294961E-002   1.1823195494364256E-003
         872  0.73495119244293161        1.8436300677488224E-002   2.3253715884481276E-003
         873  0.74785330865679434        1.8811703948111155E-002   3.3592599849852785E-003
         874  0.76073934223370010        1.9308448834036273E-002   4.1619079004740931E-003
         875  0.77360607320051245        1.9888591156558794E-002   4.6277733634007903E-003
         876  0.78645826676759634        2.0502803576525539E-002   4.6838199579235561E-003
         877  0.79929168031212794        2.1094831453566325E-002   4.3009838785368305E-003
         878  0.81211027503118960        2.1608430389979030E-002   3.5009354788785563E-003
         879  0.82490674201614811        2.1993400216555940E-002   2.3569600019777547E-003
         880  0.83768914109720471        2.2212709329640007E-002   9.8525705952991509E-004
         881  0.85045386617382868        2.2246483233828017E-002  -4.6600535634789891E-004
         882  0.86319750144815854        2.2095391421433599E-002  -1.8352882858253142E-003
         883  0.87592590087160282        2.1780667853319353E-002  -2.9688724824992480E-003
         884  0.88863398300592533        2.1342081103738617E-002  -3.7385950878137306E-003
         885  0.90132102583918194        2.0833081769219827E-002  -4.0601779243637668E-003
         886  0.91399494095676859        2.0313916675808664E-002  -3.9036839585073796E-003
         887  0.92664657559873442        1.9845414010405273E-002  -3.2977048055514886E-003
         888  0.93928098012090966        1.9480241530217351E-002  -2.3256817083469896E-003
         889  0.95189763099922842        1.9257365751981455E-002  -1.1151851197580736E-003
         890  0.96449312706429147        1.9197238061853722E-002   1.7847937372506830E-004
         891  0.97706965919039046        1.9299596779937509E-002   1.3937570665075217E-003
         892  0.98962569795864574        1.9544192495904524E-002   2.3829977305854177E-003
         893   1.0021663277483199        1.9894127055387623E-002   3.0323814328074529E-003
         894   1.0146854352208621        2.0300788700714691E-002   3.2752281379389387E-003
         895   1.0271850859295246        2.0710986617534111E-002   3.1009275296316778E-003
         896   1.0396677979452698        2.1074056295155401E-002   2.5543569998733385E-003
         897   1.0521242873823071        2.1348153403422696E-002   1.7293876488737713E-003
         898   1.0645682999267907        2.1506335666635117E-002   7.5284611533090731E-004
         899   1.0769869603871567        2.1538700710550758E-002  -2.3053941024345711E-004
         900   1.0893911445114814        2.1453728389633671E-002  -1.0820395538248323E-003
         901   1.1017717257480328        2.1276161379979442E-002  -1.6850182111254231E-003
         902   1.1141337154208613        2.1042840880200690E-002  -1.9629686353694925E-003
         903   1.1264768765309816        2.0797070225367004E-002  -1.8882418368650258E-003
         904   1.1387977171929500        2.0582226236372195E-002  -1.4855009184869331E-003
         905   1.1510983975532816        2.0435178904746634E-002  -8.2714916848576289E-004
         906   1.1633815438204793        2.0381163060733575E-002  -2.2141517181838090E-005
         907   1.1756444612624641        2.0430224245826845E-002   7.9945748386928985E-004
         908   1.1878849053056229        2.0575753426816792E-002   1.5055992732229890E-003
         909   1.2001060628084865        2.0795679237181834E-002   1.9814643456277327E-003
         910   1.2123046912936570        2.1055571333382653E-002   2.1451664840561719E-003
         911   1.2244859709129630        2.1313877763295675E-002   1.9597925719081113E-003
         912   1.2366464704910987        2.1527586218304865E-002   1.4385604101304198E-003
         913   1.2487858195278161        2.1658680878956726E-002   6.4338555311829423E-004
         914   1.2609053544768405        2.1679582562978646E-002  -3.2344985214624019E-004
         915   1.2730046194050446        2.1577259119714354E-002  -1.3329498606609194E-003
         916   1.2850830818839947        2.1355392228134238E-002  -2.2466835556951515E-003
         917   1.2971403673212751        2.1034297007733450E-002  -2.9353599706737248E-003
         918   1.3091787501452683        2.0648475753378880E-002  -3.2962559071159007E-003
         919   1.3211940088819616        2.0242720751976438E-002  -3.2666350364848424E-003
         920   1.3331885674031998        1.9866105632585368E-002  -2.8326465228263658E-003
         921   1.3451676555614041        1.9565993722052387E-002  -2.0306253425307133E-003
         922   1.3571193650844140        1.9382539641649623E-002  -9.4448995429333442E-004
         923   1.3690556479043861        1.9342808813878079E-002   3.0756461435992640E-004
         924   1.3809674725844721        1.9458040092677643E-002   1.5842736144415762E-003
         925   1.3928610632799563        1.9721985106210059E-002   2.7420583927344829E-003
         926   1.4047321996919850        2.0111513612933112E-002   3.6498684311319167E-003
         927   1.4165832393717841        2.0589625586121426E-002   4.2066233849598856E-003
         928   1.4284128670172864        2.1109541566237192E-002   4.3519832895418829E-003
         929   1.4402243885324009        2.1620529356175758E-002   4.0731310239279410E-003
         930   1.4520117271912849        2.2073066905243407E-002   3.4054617323994855E-003
         931   1.4637810928907193        2.2425265850527263E-002   2.4263789477404311E-003
         932   1.4755263756180597        2.2646364462570682E-002   1.2462133712771099E-003
         933   1.4872518863481592        2.2720419072821626E-002  -7.8077291788276990E-006
         934   1.4989562903024714        2.2646913417316190E-002  -1.2060717887912287E-003
         935   1.5106420142227388        2.2440050318262066E-002  -2.2330975194466500E-003
         936   1.5223058098942217        2.2126289185764213E-002  -3.0003042119284926E-003
         937   1.5339510739568314        2.1740135583341216E-002  -3.4568396728621221E-003
         938   1.5455707571740018        2.1319835130862858E-002  -3.5936145134834981E-003
         939   1.5571701640445674        2.0901568296923346E-002  -3.4436542658532019E-003
         940   1.5687508126223413        2.0515342544280776E-002  -3.0757450770986165E-003
         941   1.5803094523673615        2.0181407945803861E-002  -2.5850374371430862E-003
         942   1.5918494950044677        1.9907631806389658E-002  -2.0797998071577766E-003
         943   1.6033658284851875        1.9689224150666321E-002  -1.6676747653129051E-003
         944   1.6148618518147584        1.9509393734714133E-002  -1.4411752603789166E-003
         945   1.6263334026173419        1.9342191163558346E-002  -1.4664191646238688E-003
         946   1.6377914915718581        1.9155834794180600E-002  -1.7749773499111921E-003
         947   1.6492234149233156        1.8917651451730161E-002  -2.3593574144257848E-003
         948   1.6606345149724824        1.8597975393559240E-002  -3.1745186089867220E-003
         949   1.6720272533280629        1.8174420159686507E-002  -4.1431887640175037E-003
         950   1.6833955909562910        1.7635534451261724E-002  -5.1638898950833682E-003
         951   1.6947486324474794        1.6981716129522331E-002  -6.1247909748637893E-003
         952   1.7060746903164112        1.6227464057604533E-002  -6.9137756688715064E-003
         953   1.7173828745319619        1.5398155980833116E-002  -7.4342792186031679E-003
         954   1.7286690061697132        1.4529682689107001E-002  -7.6137445911030836E-003
         955   1.7399327946229757        1.3663957025583187E-002  -7.4128817210614090E-003
         956   1.7511767063542092        1.2844824813848953E-002  -6.8293812676344578E-003
         957  -3.4782774060992407        1.3424602848129253E-002   6.5230423945521589E-005
         958  -3.5237039597125959        1.2259427651378949E-002   3.8743986444678283E-003
         959  -3.5552079175994344        1.1098367854977809E-002   2.9893374352949558E-003
         960  -3.5817540366949712        1.0532245881267294E-002   1.1322313482478197E-003
         961  -3.6055289664980559        1.0460839041520162E-002  -4.7677872501072362E-004
         962  -3.6274833293754365        1.0687376267153319E-002  -1.4456040789722849E-003
         963  -3.6481302457742175        1.1035205129934923E-002  -1.7678206561872844E-003
         964  -3.4398862136672017        1.2122486958629145E-002  -6.9851304701133718E-003
         965  -3.4435857778144947        1.2372228442480107E-002  -6.2681878797419092E-003
         966  -3.4475136020738870        1.2607671506211679E-002  -5.5009866849549359E-003
         967  -3.4516394081823805        1.2821906096829773E-002  -4.6950789694410848E-003
         968  -3.4559436004352184        1.3009439212883375E-002  -3.8617518428522984E-003
         969  -3.4604079393815499        1.3165682064923221E-002  -3.0134944608084767E-003
         970  -3.4650181903119859        1.3287111484196651E-002  -2.1631744763289775E-003
         971  -3.4697619695195097        1.3371200314483174E-002  -1.3241222902065323E-003
         972  -3.4746294666677287        1.3416447279010877E-002  -5.0960432489381604E-004
         973  -3.4796114755831162        1.3422339287387629E-002   2.6715212062665194E-004
         974  -3.4847015569431137        1.3389346111023371E-002   9.9368771645963255E-004
         975  -3.4898930273295279        1.3318876935795459E-002   1.6581935916607821E-003
         976  -3.4951792992120603        1.3213264224773608E-002   2.2499469790677041E-003
         977  -3.5005551864010629        1.3075671247320059E-002   2.7598203838922800E-003
         978  -3.5060178432790563        1.2909945466508390E-002   3.1805622123662535E-003
         979  -3.5115605422810101        1.2720699619383128E-002   3.5065547753800460E-003
         980  -3.5171810912756523        1.2512931974592151E-002   3.7346561177737225E-003
         981  -3.5228764208807908        1.2292043150803279E-002   3.8638721305009394E-003
         982  -3.5286420298431094        1.2063724123190664E-002   3.8955181649505126E-003
         983  -3.5344759795901721        1.1833636115215471E-002   3.8332627752721807E-003
         984  -3.5403759676272779        1.1607371483423943E-002   3.6829465579424807E-003
         985  -3.5463390945439945        1.1390298251910839E-002   3.4524725995488540E-003
         986  -3.5523625111689916        1.1187387634004599E-002   3.1515853673787344E-003
         987  -3.5584449241921114        1.1003029529781591E-002   2.7914766528127398E-003
         988  -3.5645847194556990        1.0840987697448791E-002   2.3845144502374709E-003
         989  -3.5707788116829811        1.0704319000863095E-002   1.9439603624978436E-003
         990  -3.5770269325688457        1.0595209254740483E-002   1.4832810381983121E-003
         991  -3.5833259071105417        1.0515048220847189E-002   1.0161214414629502E-003
         992  -3.5896754344067827        1.0464314688556426E-002   5.5547601988327792E-004
         993  -3.5960730324270958        1.0442663414059904E-002   1.1367457011976815E-004
         994  -3.6025182505429103        1.0448930446493592E-002  -2.9826967233686721E-004
         995  -3.6090099602591743        1.0481223989604020E-002  -6.7076003943205024E-004
         996  -3.6155464767341052        1.0537000729393059E-002  -9.9587817528511125E-004
         997  -3.6221269429716090        1.0613181154895991E-002  -1.2676200938438477E-003
         998  -3.6287502638627447        1.0706268083239906E-002  -1.4819371070902297E-003
         999  -3.6354140016138450        1.0812454312562612E-002  -1.6367367208491679E-003
        1000  -3.6421200591829006        1.0927846847278560E-002  -1.7319374191827820E-003
