           1  -272.50000000000000        4.0094824915282015     
           2  -272.50000000000000        14.875661257590295     
           3  -272.50000000000000       -1.1617860848147554     
           4  -272.50000000000000       -29.678686501313717     
           5  -272.50000000000000       -9.4653711179061588     
           6  -272.50000000000000       -22.010375590502196     
           7  -272.50000000000000       -6.7940394316119148     
           8  -272.50000000000000        9.7159309382047834     
           9  -272.50000000000000        9.0512902449119359     
          10  -272.50000000000000       -10.620762635885974     
          11  -272.50000000000000       -5.9227848896540500     
          12  -272.50000000000000        28.112368097358363     
          13  -272.50000000000000        10.378844056792277     
          14  -272.50000000000000       -10.199092674251540     
          15  -272.50000000000000        15.327198418812891     
          16  -272.50000000000000        13.142874918749568     
          17  -272.50000000000000        9.4937473113893791     
          18  -272.50000000000000        6.7388943583787908     
          19  -272.50000000000000        29.948536425931170     
          20  -272.50000000000000        3.0519242158416104     
          21  -272.50000000000000        3.2403081519748103     
          22  -272.50000000000000        24.115398477246636     
          23  -272.50000000000000        13.731510623332834     
          24  -272.50000000000000        25.717660012788986     
          25  -272.50000000000000        10.471758034851410     
          26  -272.50000000000000       -9.6406469550527127     
          27  -272.50000000000000        6.8621511213390445     
          28  -272.50000000000000        26.825679588621977     
          29  -272.50000000000000      -0.14376561346732797     
          30  -272.50000000000000       -4.7096486806658762     
          31  -272.50000000000000        29.875157010371392     
          32  -272.50000000000000        14.778579446899068     
          33  -272.50000000000000       -24.403518792117517     
          34  -272.50000000000000        15.105697086841472     
          35  -272.50000000000000        12.370581902598550     
          36  -272.50000000000000        3.5156712063527125     
          37  -272.50000000000000       -1.1771531991105997     
          38  -272.50000000000000       -21.748085058861683     
          39  -272.50000000000000        1.1980957853982455     
          40  -272.50000000000000       -11.771389782891642     
          41  -272.50000000000000        9.8964055778091460     
          42  -272.50000000000000       -14.305492899632652     
          43  -272.50000000000000       -23.925020440298784     
          44  -272.50000000000000       -7.4649032154383494     
          45  -272.50000000000000        17.574926917233643     
          46  -272.50000000000000        16.416214788408460     
          47  -272.50000000000000       -23.145337873153395     
          48  -272.50000000000000        5.8091908239091179     
          49  -272.50000000000000       -23.147653519566308     
          50  -272.50000000000000       -23.965596658747280     
          51  -272.50000000000000       -15.188295748360625     
          52  -272.50000000000000       -17.497945756830564     
          53  -272.50000000000000       -28.541256266299403     
          54  -272.50000000000000       -6.1288186062548071     
          55  -272.50000000000000        11.556302080021275     
          56  -272.50000000000000       -22.204738246300185     
          57  -272.50000000000000        20.386664654294147     
          58  -272.50000000000000        4.9170490492329106     
          59  -272.50000000000000       -23.037435520080830     
          60  -272.50000000000000        20.099758587280267     
          61  -272.50000000000000        20.592053763091684     
          62  -272.50000000000000        9.9290800751874109     
          63  -272.50000000000000       -5.3637442276696712     
          64  -272.50000000000000        14.122622662439749     
          65  -272.50000000000000       -2.2424739585737745     
          66  -272.50000000000000        12.147565261515389     
          67  -272.50000000000000        26.262302181549405     
          68  -272.50000000000000        18.509357981297228     
          69  -272.50000000000000        11.692599901046950     
          70  -272.50000000000000        21.297273540491386     
          71  -272.50000000000000       -11.933216427496571     
          72  -272.50000000000000        7.1228422446173525     
          73  -272.50000000000000        29.414358422122543     
          74  -272.50000000000000        25.246035074740004     
          75  -272.50000000000000        25.856612028732087     
          76  -272.50000000000000       -2.0692446586789357     
          77  -272.50000000000000       -7.3203542135967234     
          78  -272.50000000000000       -8.5885040245808870     
          79  -272.50000000000000        7.1129561462096227     
          80  -272.50000000000000       -11.024888434504224     
          81  -272.50000000000000       -18.004725527014820     
          82  -272.50000000000000        28.758175050059453     
          83  -272.50000000000000       -22.228903676751049     
          84  -272.50000000000000        20.749261650165710     
          85  -272.50000000000000        1.7383956446065654     
          86  -272.50000000000000        24.044355675113877     
          87  -272.50000000000000       -23.134784413109980     
          88  -272.50000000000000        7.9420844919421336     
          89  -272.50000000000000       -20.376253316376239     
          90  -272.50000000000000       -18.584760555326032     
          91  -272.50000000000000        18.578854140092520     
          92  -272.50000000000000        19.575640442198814     
          93  -272.50000000000000       -20.369113622609103     
          94  -272.50000000000000       -14.048797800982141     
          95  -272.50000000000000        3.2112190068381925     
          96  -272.50000000000000       -21.075116641246538     
          97  -272.50000000000000        6.8528260497904050     
          98  -272.50000000000000        24.091697389538435     
          99  -272.50000000000000       -20.602808870157304     
         100  -272.50000000000000       -21.871621899217416     
         101  -272.50000000000000       -10.709326587699790     
         102  -272.50000000000000        13.782466769560411     
         103  -272.50000000000000        19.736064608036941     
         104  -272.50000000000000       -11.494844855011374     
         105  -272.50000000000000       -15.993067816662013     
         106  -272.50000000000000       -14.512052090520077     
         107  -272.50000000000000        2.2593765628843734     
         108  -272.50000000000000      -0.55051685751203860     
         109  -272.50000000000000       -15.866449200920581     
         110  -272.50000000000000        6.4302204781196775     
         111  -272.50000000000000        20.927681686043307     
         112  -272.50000000000000       -14.470599957634253     
         113  -272.50000000000000        3.7098067603111318     
         114  -272.50000000000000        28.708163434473228     
         115  -272.50000000000000        13.241925594131452     
         116  -272.50000000000000        24.592894539698868     
         117  -272.50000000000000        27.580524059118208     
         118  -272.50000000000000        7.9992509703829615     
         119  -272.50000000000000       -19.515626332197254     
         120  -272.50000000000000        7.1153793196963147     
         121  -272.50000000000000       -15.453603990582291     
         122  -272.50000000000000       -6.5391592848522233     
         123  -272.50000000000000        15.221276186283577     
         124  -272.50000000000000        12.039647449059203     
         125  -272.50000000000000        15.153589545281314     
         126  -272.50000000000000        22.265085974331626     
         127  -272.50000000000000        27.430826668665421     
         128  -272.50000000000000        4.7695677529659424     
         129  -272.50000000000000        20.398041390496971     
         130  -272.50000000000000        12.572505197291132     
         131  -272.50000000000000       -28.497507025089799     
         132  -272.50000000000000        11.328394370756390     
         133  -272.50000000000000        25.963682939285778     
         134  -272.50000000000000       -6.3003272385513134E-002
         135  -272.50000000000000       -19.688034463319724     
         136  -272.50000000000000       -11.602767755267999     
         137  -272.50000000000000        15.130105120634928     
         138  -272.50000000000000       -24.732898617756067     
         139  -272.50000000000000        16.761713853183092     
         140  -272.50000000000000       -11.305802353700054     
         141  -272.50000000000000       0.34778815783145373     
         142  -272.50000000000000        5.2583567314864785     
         143  -272.50000000000000       -12.306025740797951     
         144  -272.50000000000000        28.496744541807193     
         145  -272.50000000000000        15.485423408530401     
         146  -272.50000000000000       -15.210100688179995     
         147  -272.50000000000000        7.0837657443074180     
         148  -272.50000000000000        29.530945169293428     
         149  -272.50000000000000        26.837040505446556     
         150  -272.50000000000000        12.007579508126005     
         151  -272.50000000000000       -3.5049659153582446     
         152  -272.50000000000000        23.859765537053434     
         153  -272.50000000000000       -3.9243828450118725     
         154  -272.50000000000000       -11.437168014279145     
         155  -272.50000000000000        11.384560613898204     
         156  -272.50000000000000       -6.4701350801387889     
         157  -272.50000000000000        4.5586836678902083     
         158  -272.50000000000000       -21.433599926722312     
         159  -272.50000000000000       -20.376612485731584     
         160  -272.50000000000000        13.399518510785237     
         161  -272.50000000000000       -18.059613541691274     
         162  -272.50000000000000        29.614282868761467     
         163  -272.50000000000000       -14.947160811901853     
         164  -272.50000000000000       -18.253373045632348     
         165  -272.50000000000000       -27.319059172440316     
         166  -272.50000000000000       -25.971976404974544     
         167  -272.50000000000000       -21.760869934341077     
         168  -272.50000000000000       -11.643027362629953     
         169  -272.50000000000000        9.8197977272319275     
         170  -272.50000000000000        15.220762797547087     
         171  -272.50000000000000       -16.740719929714228     
         172  -272.50000000000000        6.9012225396858904     
         173  -272.50000000000000        3.5512570623335686     
         174  -272.50000000000000       -9.7443166655685118     
         175  -272.50000000000000        4.1840941000991894     
         176  -272.50000000000000        8.8913805070071295     
         177  -272.50000000000000       -19.776569104366288     
         178  -272.50000000000000       -3.5542507121986797     
         179  -272.50000000000000       -6.2845996570039926     
         180  -272.50000000000000       -12.066677506657765     
         181  -272.50000000000000       -18.462943941987422     
         182  -272.50000000000000        11.438715311228179     
         183  -272.50000000000000       -21.375524574643908     
         184  -272.50000000000000        4.5405121448642944     
         185  -272.50000000000000        16.517794761578365     
         186  -272.50000000000000        22.590643363355944     
         187  -272.50000000000000       -9.9290611732807399     
         188  -272.50000000000000       -22.102911531322235     
         189  -272.50000000000000        2.5123392862609819     
         190  -272.50000000000000       -2.4675005261148830     
         191  -272.50000000000000       0.29005758638360679     
         192  -272.50000000000000        3.0141102305895044     
         193  -272.50000000000000       -17.932865478789363     
         194  -272.50000000000000        28.205484572974708     
         195  -272.50000000000000       -13.637973252007050     
         196  -272.50000000000000       -6.0749046340964696     
         197  -272.50000000000000       -24.883880670143860     
         198  -272.50000000000000        21.772154262874192     
         199  -272.50000000000000        11.666449233818966     
         200  -272.50000000000000       -24.870263455580673     
         201  -272.50000000000000        5.5475783481550547     
         202  -272.50000000000000       -25.488129880896302     
         203  -272.50000000000000        24.785489917284728     
         204  -272.50000000000000       -2.8339363695337996     
         205  -272.50000000000000       -28.298521854661509     
         206  -272.50000000000000        16.059677303955024     
         207  -272.50000000000000        26.669404388720924     
         208  -272.50000000000000        1.8879482716204417     
         209  -272.50000000000000       -11.233402821071030     
         210  -272.50000000000000       -9.4451477895463540     
         211  -272.50000000000000        20.952985639879813     
         212  -272.50000000000000       -3.5445581522644809     
         213  -272.50000000000000       -2.6271408209677025     
         214  -272.50000000000000        13.678505995087004     
         215  -272.50000000000000        13.442331090627059     
         216  -272.50000000000000       -28.422349751673696     
         217  -272.50000000000000       -18.168497707324924     
         218  -272.50000000000000        1.9107704180879410     
         219  -272.50000000000000       -2.8718647642696609     
         220  -272.50000000000000        29.167078069968252     
         221  -272.50000000000000        27.557483838350201     
         222  -272.50000000000000        12.253974146790258     
         223  -272.50000000000000        13.413819149063213     
         224  -272.50000000000000       -3.2770852017904928     
         225  -272.50000000000000        25.333481521490270     
         226  -272.50000000000000       -4.3961953497263870     
         227  -272.50000000000000        13.764811282983858     
         228  -272.50000000000000        3.5053989834380688     
         229  -272.50000000000000       -7.0124566433006832     
         230  -272.50000000000000       -11.095004940007518     
         231  -272.50000000000000       -27.121043603875830     
         232  -272.50000000000000        14.239629144901224     
         233  -272.50000000000000       -11.520771152940146     
         234  -272.50000000000000        18.965525240307201     
         235  -272.50000000000000        21.899290664457546     
         236  -272.50000000000000       0.72492534816909082     
         237  -272.50000000000000      -0.42839728871939070     
         238  -272.50000000000000       -3.2921475430245049     
         239  -272.50000000000000       -26.717246393784929     
         240  -272.50000000000000        25.154234742126018     
         241  -272.50000000000000       -15.067302625254325     
         242  -272.50000000000000        29.919821460746682     
         243  -272.50000000000000       -19.215928931444282     
         244  -272.50000000000000       -15.362548671252513     
         245  -272.50000000000000        19.093171789548990     
         246  -272.50000000000000        29.283223912345836     
         247  -272.50000000000000        18.491880689012110     
         248  -272.50000000000000        28.215489328134687     
         249  -272.50000000000000        8.0040294514748798     
         250  -272.50000000000000        16.108347093205079     
         251  -272.50000000000000        3.1167731100061054     
         252  -272.50000000000000       -7.3644780991467638     
         253  -272.50000000000000        7.4797365153785984     
         254  -272.50000000000000       -17.303379245522837     
         255  -272.50000000000000       -8.1838834089535943     
         256  -272.50000000000000       -10.253138199946065     
         257  -272.50000000000000       -4.2572971713731596     
         258  -272.50000000000000        25.656507752582101     
         259  -272.50000000000000        10.034949345096136     
         260  -272.50000000000000        17.449627026892120     
         261  -272.50000000000000       -14.617235765242208     
         262  -272.50000000000000        23.911854289494222     
         263  -272.50000000000000       -28.797802410162653     
         264  -272.50000000000000        29.457750694737317     
         265  -272.50000000000000        28.216677754471593     
         266  -272.50000000000000       -7.5163822310612893     
         267  -272.50000000000000        15.043407663018483     
         268  -272.50000000000000        13.466692636177921     
         269  -272.50000000000000        7.3231243738314484     
         270  -272.50000000000000       -11.923384106276172     
         271  -272.50000000000000        19.803842774119786     
         272  -272.50000000000000        3.5666943595156124     
         273  -272.50000000000000        13.842248734405668     
         274  -272.50000000000000        1.9725112733044041     
         275  -272.50000000000000       -17.053089780879379     
         276  -272.50000000000000        8.7015848596981915E-002
         277  -272.50000000000000       -2.0100848609112818     
         278  -272.50000000000000       -18.293450117625920     
         279  -272.50000000000000        24.348351464956746     
         280  -272.50000000000000        14.096904139514560     
         281  -272.50000000000000        18.659275712729180     
         282  -272.50000000000000      -0.53278451213352140     
         283  -272.50000000000000        15.712921471970615     
         284  -272.50000000000000        5.3783017719139767     
         285  -272.50000000000000       -27.683574210603386     
         286  -272.50000000000000       -27.185830399982198     
         287  -272.50000000000000       -28.815252729566510     
         288  -272.50000000000000        28.811807575038515     
         289  -272.50000000000000        5.2540557511664563     
         290  -272.50000000000000        23.605202315755108     
         291  -272.50000000000000       -29.236010252338115     
         292  -272.50000000000000        23.425684785565554     
         293  -272.50000000000000        23.341181261590155     
         294  -272.50000000000000       -7.9676290780910870     
         295  -272.50000000000000        22.617087062132246     
         296  -272.50000000000000       -8.2522861011920305     
         297  -272.50000000000000       -18.766329717105901     
         298  -272.50000000000000       -19.040498689191566     
         299  -272.50000000000000        26.623051898912443     
         300  -272.50000000000000        28.831750747487391     
         301  -272.50000000000000       -8.2387752863651187     
         302  -272.50000000000000       -21.252372295824546     
         303  -272.50000000000000       -7.1289893957592323     
         304  -272.50000000000000        2.9838488450640108     
         305  -272.50000000000000        2.2403628176190433     
         306  -272.50000000000000       -26.809851880570676     
         307  -272.50000000000000        7.1195578075694916     
         308  -272.50000000000000        24.603517748079547     
         309  -272.50000000000000        14.400719969648380     
         310  -272.50000000000000        19.311673077691502     
         311  -272.50000000000000        9.0481630959699775     
         312  -272.50000000000000        19.098554556502627     
         313  -272.50000000000000        9.4307410103060008     
         314  -272.50000000000000       -6.8789234065149527     
         315  -272.50000000000000        27.920685696663959     
         316  -272.50000000000000        29.540979878160218     
         317  -272.50000000000000        28.705801114051777     
         318  -272.50000000000000       -15.413520012776930     
         319  -272.50000000000000        14.146841082577033     
         320  -272.50000000000000        8.3604462724144337     
         321  -272.50000000000000       -23.827833959137521     
         322  -272.50000000000000       -2.7047213757430502     
         323  -272.50000000000000       -4.5050828902108995     
         324  -272.50000000000000       -8.0760066424669805     
         325  -272.50000000000000       -5.4245251395765015     
         326  -272.50000000000000        12.300267740793238     
         327  -272.50000000000000       -17.770935192501852     
         328  -272.50000000000000       -9.9413982824102280     
         329  -272.50000000000000        20.724830837958223     
         330  -272.50000000000000        12.606500857607049     
         331  -272.50000000000000        19.363412190060153     
         332  -272.50000000000000        7.4879733666830477     
         333  -272.50000000000000        22.436075382494824     
         334  -272.50000000000000       -13.248998922801182     
         335  -272.50000000000000        29.178075763458981     
         336  -272.50000000000000       -9.1243990685867828     
         337  -272.50000000000000       -18.414512833408221     
         338  -272.50000000000000       -27.286763235201107     
         339  -272.50000000000000        18.414202350613472     
         340  -272.50000000000000       -15.319505386642103     
         341  -272.50000000000000        29.020400886076001     
         342  -272.50000000000000       -12.448646780397718     
         343  -272.50000000000000        14.167734521248056     
         344  -272.50000000000000       -29.060487702208498     
         345  -272.50000000000000        16.596991769666079     
         346  -272.50000000000000        24.911617829347254     
         347  -272.50000000000000       -12.041190071722864     
         348  -272.50000000000000       -2.4382291379122751     
         349  -272.50000000000000       -9.6541341221468127     
         350  -272.50000000000000       -24.433588999917170     
         351  -272.50000000000000       -6.2888032371688061     
         352  -272.50000000000000        19.513199473878558     
         353  -272.50000000000000       -11.491921874790368     
         354  -272.50000000000000       -5.2988567842294962     
         355  -272.50000000000000       -7.0552209940518313     
         356  -272.50000000000000       -15.500884127007060     
         357  -272.50000000000000        21.408110625476695     
         358  -272.50000000000000        13.878243636057450     
         359  -272.50000000000000       -13.190150570981942     
         360  -272.50000000000000        15.674810099237060     
         361  -272.50000000000000        12.399633654387918     
         362  -272.50000000000000       -24.597474773418636     
         363  -272.50000000000000       -14.169692117803869     
         364  -272.50000000000000        13.388308479200841     
         365  -272.50000000000000        5.0903858957457233     
         366  -272.50000000000000       -23.358435493497819     
         367  -272.50000000000000        29.620613727973129     
         368  -272.50000000000000        15.629242423280598     
         369  -272.50000000000000        21.795163497444872     
         370  -272.50000000000000       -24.710419018476969     
         371  -272.50000000000000        24.631393100569003     
         372  -272.50000000000000       -25.347255002390273     
         373  -272.50000000000000        3.4314101042278216     
         374  -272.50000000000000        29.958586781622870     
         375  -272.50000000000000        17.139691185846388     
         376  -272.50000000000000        3.6132484171384962     
         377  -272.50000000000000        22.536545128308958     
         378  -272.50000000000000       -12.855522002273322     
         379  -272.50000000000000        18.462937425617202     
         380  -272.50000000000000      -0.84965319063985523     
         381  -272.50000000000000       -27.279423776424505     
         382  -272.50000000000000        16.807835011572184     
         383  -272.50000000000000       -20.428278826881094     
         384  -272.50000000000000       -20.219034285591139     
         385  -272.50000000000000       -11.697723667303785     
         386  -272.50000000000000        4.5012606341075907     
         387  -272.50000000000000       -18.402180400569776     
         388  -272.50000000000000        27.011296108910205     
         389  -272.50000000000000        12.599651167944613     
         390  -272.50000000000000       -6.1211469821626290     
         391  -272.50000000000000       -5.2086218956668660     
         392  -272.50000000000000        22.671861979518461     
         393  -272.50000000000000       -27.416919788332269     
         394  -272.50000000000000       -26.507886858855016     
         395  -272.50000000000000       -9.3410235606918466     
         396  -272.50000000000000       -13.067005681404618     
         397  -272.50000000000000        2.9788705476122357     
         398  -272.50000000000000        24.169611624914570     
         399  -272.50000000000000        2.3535576608576099     
         400  -272.50000000000000        16.616983410819643     
         401  -272.50000000000000        6.1643350447580003     
         402  -272.50000000000000       -3.6527502800942169     
         403  -272.50000000000000       -12.025494503341227     
         404  -272.50000000000000        27.310260749907293     
         405  -272.50000000000000        10.438011268677368     
         406  -272.50000000000000       -8.4181325015434059     
         407  -272.50000000000000        20.966181058746603     
         408  -272.50000000000000        14.870699565841337     
         409  -272.50000000000000        6.8620997739041067     
         410  -272.50000000000000        9.7596498806514713     
         411  -272.50000000000000        26.347575196908778     
         412  -272.50000000000000       -2.9000579109339473     
         413  -272.50000000000000       -16.548351185685519     
         414  -272.50000000000000        19.805858746701283     
         415  -272.50000000000000        15.355916440013397     
         416  -272.50000000000000       -16.325630350894571     
         417  -272.50000000000000       -21.753005156901605     
         418  -272.50000000000000       -21.148206667971504     
         419  -272.50000000000000       -14.910894633157687     
         420  -272.50000000000000        27.395799042162491     
         421  -272.50000000000000        20.123040472139490     
         422  -272.50000000000000        2.2730128210023763     
         423  -272.50000000000000        11.647377499911125     
         424  -272.50000000000000       -24.219078554612917     
         425  -272.50000000000000       -12.426208176253009     
         426  -272.50000000000000        20.583912372958011     
         427  -272.50000000000000        27.784993375273409     
         428  -272.50000000000000       -5.7671220647936519     
         429  -272.50000000000000       -21.732406888459440     
         430  -272.50000000000000        1.3805798044619373     
         431  -272.50000000000000        1.3433345305888418     
         432  -272.50000000000000        21.785322014280649     
         433  -272.50000000000000       -29.816115438684179     
         434  -272.50000000000000        22.824022661394519     
         435  -272.50000000000000        2.6353451809220059     
         436  -272.50000000000000        10.897333211786641     
         437  -272.50000000000000        5.6837953578420519     
         438  -272.50000000000000        26.669947207054793     
         439  -272.50000000000000        28.474335190564549     
         440  -272.50000000000000       -20.933262642235185     
         441  -272.50000000000000       -17.668316145479725     
         442  -272.50000000000000       -21.951250150282782     
         443  -272.50000000000000        28.623510552227696     
         444  -272.50000000000000      -0.34676573167283598     
         445  -272.50000000000000        24.154047064769930     
         446  -272.50000000000000        16.513787859312885     
         447  -272.50000000000000        7.2428152743415675     
         448  -272.50000000000000        28.664461235392306     
         449  -272.50000000000000        19.660748404887428     
         450  -272.50000000000000       -13.353684441452565     
         451  -272.50000000000000       -20.746540778650370     
         452  -272.50000000000000        25.904811354496065     
         453  -272.50000000000000       -22.596453988553161     
         454  -272.50000000000000        20.366776705575248     
         455  -272.50000000000000        29.398454027826954     
         456  -272.50000000000000        27.686029384167664     
         457  -272.50000000000000        15.193669559916961     
         458  -272.50000000000000        9.8930442695658876     
         459  -272.50000000000000        13.778033284657177     
         460  -272.50000000000000        2.0608676022936474     
         461  -272.50000000000000        19.605590702521901     
         462  -272.50000000000000       -16.507234263221445     
         463  -272.50000000000000        7.7195551480633853     
         464  -272.50000000000000        9.7919951340419988     
         465  -272.50000000000000        4.9259873333208519     
         466  -272.50000000000000       -12.838917366042205     
         467  -272.50000000000000        22.697940509344292     
         468  -272.50000000000000       -15.828113262011472     
         469  -272.50000000000000       -26.275318867139987     
         470  -272.50000000000000       -17.180778960175036     
         471  -272.50000000000000       -24.196601015602720     
         472  -272.50000000000000       -22.217024884271961     
         473  -272.50000000000000       -9.8674399843572989     
         474  -272.50000000000000      -0.44297691869517825     
         475  -272.50000000000000        14.537699389373353     
         476  -272.50000000000000        2.4886521378770499     
         477  -272.50000000000000        11.109608571420639     
         478  -272.50000000000000        25.928248218426504     
         479  -272.50000000000000        5.6127301442559379     
         480  -272.50000000000000        29.981924935645015     
         481  -272.50000000000000       -8.3916265184173859     
         482  -272.50000000000000        7.9008552484803660     
         483  -272.50000000000000       -5.7488817444933700     
         484  -272.50000000000000        11.117481965764325     
         485  -272.50000000000000       -15.332902523394038     
         486  -272.50000000000000        13.079739801216375     
         487  -272.50000000000000       -22.878018045196846     
         488  -272.50000000000000       -12.819410824178567     
         489  -272.50000000000000       -15.271520829354399     
         490  -272.50000000000000       -28.218327659048633     
         491  -272.50000000000000       -2.7736107112289590     
         492  -272.50000000000000        12.903984817757779     
         493  -272.50000000000000        6.6964892110476359     
         494  -272.50000000000000       -9.4096423591964378     
         495  -272.50000000000000      -0.11184097709304963     
         496  -272.50000000000000        11.738797154878837     
         497  -272.50000000000000       -3.5165779077064179     
         498  -272.50000000000000       -26.474960164434751     
         499  -272.50000000000000       -4.1491873354209385     
         500  -272.50000000000000       -6.3002530058586288     
         501  -272.50000000000000       -26.270133763959951     
         502  -272.50000000000000        1.1843660062338619     
         503  -272.50000000000000       -6.2431370591789621     
         504  -272.50000000000000       -27.126464167425318     
         505  -272.50000000000000        8.6076063691684990     
         506  -272.50000000000000       -18.938972290678947     
         507  -272.50000000000000        7.6565581455531859     
         508  -272.50000000000000        2.2262397367694517     
         509  -272.50000000000000       -5.4313984701980083     
         510  -272.50000000000000        19.628570048605972     
         511  -272.50000000000000       -7.3358762494772822     
         512  -272.50000000000000        10.664611146779636     
         513  -272.50000000000000       -19.675040734919708     
         514  -272.50000000000000       -10.251621039062750     
         515  -272.50000000000000       -13.709373137403261     
         516  -272.50000000000000       -22.053423375975282     
         517  -272.50000000000000       -17.642402637235982     
         518  -272.50000000000000       -18.225658571514472     
         519  -272.50000000000000        19.306425526085352     
         520  -272.50000000000000       -1.9202538417053092     
         521  -272.50000000000000       -20.370310661638953     
         522  -272.50000000000000        21.222425072768914     
         523  -272.50000000000000       -14.929707689561402     
         524  -272.50000000000000       -14.352614684091890     
         525  -272.50000000000000        7.7170442138590900     
         526  -272.50000000000000        22.193685401979256     
         527  -272.50000000000000        23.365931628916638     
         528  -272.50000000000000        22.809970525564569     
         529  -272.50000000000000        27.110140114506780     
         530  -272.50000000000000       -23.360850376020696     
         531  -272.50000000000000        8.8168454607154239     
         532  -272.50000000000000       -29.224678551785633     
         533  -272.50000000000000        18.027215710212271     
         534  -272.50000000000000        4.7642246733980134     
         535  -272.50000000000000        10.194290943135046     
         536  -272.50000000000000       -12.802890493953672     
         537  -272.50000000000000        5.3379074130515125     
         538  -272.50000000000000       -22.030839013908054     
         539  -272.50000000000000        1.9909672413220992E-002
         540  -272.50000000000000        29.444359194359652     
         541  -272.50000000000000        11.957532541043939     
         542  -272.50000000000000       -14.746905043487017     
         543  -272.50000000000000        4.3719581421204321     
         544  -272.50000000000000      -0.61950162475349546     
         545  -272.50000000000000        6.3848533457604404     
         546  -272.50000000000000       -14.509608530053397     
         547  -272.50000000000000        18.799493787314255     
         548  -272.50000000000000        29.581808336860927     
         549  -272.50000000000000       -25.511700964617059     
         550  -272.50000000000000       -5.2350731596309066     
         551  -272.50000000000000       -14.757656588428540     
         552  -272.50000000000000        6.7441395258785475     
         553  -272.50000000000000       -5.9610162105166031     
         554  -272.50000000000000        24.594759211081037     
         555  -272.50000000000000        21.379119867912863     
         556  -272.50000000000000       0.92378070495861497     
         557  -272.50000000000000       -12.746847748768062     
         558  -272.50000000000000       -7.4088826115530111     
         559  -272.50000000000000        2.4245585120366067     
         560  -272.50000000000000       -28.137463746227397     
         561  -272.50000000000000       -4.6013199115985204     
         562  -272.50000000000000       -20.459804187668183     
         563  -272.50000000000000        6.2330977743296216     
         564  -272.50000000000000        12.360083549474801     
         565  -272.50000000000000        21.289870410320987     
         566  -272.50000000000000        1.3883987218426159     
         567  -272.50000000000000       -27.962830483689952     
         568  -272.50000000000000        19.108095530606398     
         569  -272.50000000000000       -17.236941794041858     
         570  -272.50000000000000       -11.409280425926882     
         571  -272.50000000000000        22.089813558886554     
         572  -272.50000000000000        24.514936636670793     
         573  -272.50000000000000       -8.4632611751732121     
         574  -272.50000000000000        9.1132513395261014     
         575  -272.50000000000000        15.831706384741912     
         576  -272.50000000000000        20.118677970356021     
         577  -272.50000000000000      -0.26917620280394838     
         578  -272.50000000000000        16.116684787760843     
         579  -272.50000000000000       -24.491338969470046     
         580  -272.50000000000000        12.490124154069477     
         581  -272.50000000000000        18.065289975631462     
         582  -272.50000000000000        18.899567890113076     
         583  -272.50000000000000        29.889737665963448     
         584  -272.50000000000000        11.459652059033097     
         585  -272.50000000000000        8.0059842890771247     
         586  -272.50000000000000        15.677802204330508     
         587  -272.50000000000000        21.764405768448949     
         588  -272.50000000000000        28.973951826570296     
         589  -272.50000000000000        8.1468282901335556     
         590  -272.50000000000000       -19.622178891959948     
         591  -272.50000000000000       -3.6551466769995837     
         592  -272.50000000000000       -4.2676129392005109     
         593  -272.50000000000000        12.500319731613383     
         594  -272.50000000000000        24.070650450578487     
         595  -272.50000000000000       -28.922978156800756     
         596  -272.50000000000000      -0.68281969353395167     
         597  -272.50000000000000       -25.094660355751795     
         598  -272.50000000000000       -18.028179174655119     
         599  -272.50000000000000       -4.1215464243792068     
         600  -272.50000000000000        26.174941254171330     
         601  -272.50000000000000        28.068170439550332     
         602  -272.50000000000000       -14.502944776540968     
         603  -272.50000000000000       -25.252556318302979     
         604  -272.50000000000000       -9.9552918828918138     
         605  -272.50000000000000       0.25719680802265532     
         606  -272.50000000000000        23.594693095493657     
         607  -272.50000000000000      -0.33653170511965186     
         608  -272.50000000000000        7.0816065476380476     
         609  -272.50000000000000        14.079434525182242     
         610  -272.50000000000000        9.5453329688600927     
         611  -272.50000000000000       -13.682842752395402     
         612  -272.50000000000000       -21.587925517381311     
         613  -272.50000000000000       -1.5497232881069334     
         614  -272.50000000000000       -16.094087723558680     
         615  -272.50000000000000        23.145946253046922     
         616  -272.50000000000000       -9.7612699188619327     
         617  -272.50000000000000       -7.0217036678546769     
         618  -272.50000000000000        24.843716580486401     
         619  -272.50000000000000        29.299932785465973     
         620  -272.50000000000000       -22.518803198966147     
         621  -272.50000000000000       -1.5390914260651292     
         622  -272.50000000000000      -0.79422662092746288     
         623  -272.50000000000000        29.271586439179192     
         624  -272.50000000000000        27.658238686026376     
         625  -272.50000000000000       -1.1489196016147436     
         626  -272.50000000000000       -28.513848583235283     
         627  -272.50000000000000       -22.955738130629570     
         628  -272.50000000000000       -14.311025094542513     
         629  -272.50000000000000       -28.082685439672517     
         630  -272.50000000000000       -13.551589241305036     
         631  -272.50000000000000       -25.385920104145164     
         632  -272.50000000000000        4.3134089439828873     
         633  -272.50000000000000        4.1295033064362023     
         634  -272.50000000000000        14.328600172805112     
         635  -272.50000000000000       -12.182040249409537     
         636  -272.50000000000000        27.375614213530255     
         637  -272.50000000000000       -26.717392875325093     
         638  -272.50000000000000      -0.78331223663158955     
         639  -272.50000000000000       -25.411436953944712     
         640  -272.50000000000000       -10.577824293744218     
         641  -272.50000000000000        13.625193382202635     
         642  -272.50000000000000       -11.125869630104466     
         643  -272.50000000000000        16.897521703892220     
         644  -272.50000000000000       -28.768707478707448     
         645  -272.50000000000000        22.454151320021477     
         646  -272.50000000000000       -18.132516639438620     
         647  -272.50000000000000        18.192928377726773     
         648  -272.50000000000000      -0.85550461673419287     
         649  -272.50000000000000       -22.941520219168748     
         650  -272.50000000000000       -2.7631372202655173     
         651  -272.50000000000000       -20.641453094132260     
         652  -272.50000000000000       -20.874278346842729     
         653  -272.50000000000000        25.719229991862296     
         654  -272.50000000000000       -22.742221278594780     
         655  -272.50000000000000        21.732390514665777     
         656  -272.50000000000000        26.524300419588165     
         657  -272.50000000000000       -16.917377873120287     
         658  -272.50000000000000        25.550214476856560     
         659  -272.50000000000000        10.561221556148721     
         660  -272.50000000000000        5.8899040725183980     
         661  -272.50000000000000        26.602882807413479     
         662  -272.50000000000000       -6.9181990810957616     
         663  -272.50000000000000      -0.37318442615209779     
         664  -272.50000000000000       -28.221930992547492     
         665  -272.50000000000000       -13.835981076305806     
         666  -272.50000000000000       -28.268375616082508     
         667  -272.50000000000000        20.071693947924448     
         668  -272.50000000000000        17.676041772912505     
         669  -272.50000000000000      -0.29192026554058059     
         670  -272.50000000000000       -14.921434081414510     
         671  -272.50000000000000       -19.888859527843078     
         672  -272.50000000000000       -28.994013999763187     
         673  -272.50000000000000       -2.9938764065868733     
         674  -272.50000000000000       -16.753871036188126     
         675  -272.50000000000000        10.603589319031114     
         676  -272.50000000000000        16.857828242268880     
         677  -272.50000000000000       -20.294328962139996     
         678  -272.50000000000000       -18.511704647646212     
         679  -272.50000000000000        29.037134999299145     
         680  -272.50000000000000        11.877243738028536     
         681  -272.50000000000000        18.705026269189844     
         682  -272.50000000000000        8.2132873195743397     
         683  -272.50000000000000        18.033200421556206     
         684  -272.50000000000000       -29.678617669649988     
         685  -272.50000000000000        23.956290705872703     
         686  -272.50000000000000       -5.5101242746766035     
         687  -272.50000000000000       -23.685412717523270     
         688  -272.50000000000000       -15.681622165044447     
         689  -272.50000000000000        24.114989307950186     
         690  -272.50000000000000        4.5596847323957732     
         691  -272.50000000000000       -5.2416421325241247     
         692  -272.50000000000000        3.5890378074149760     
         693  -272.50000000000000       -25.492975396791646     
         694  -272.50000000000000       -2.4948482958610874     
         695  -272.50000000000000        7.1213822438141827     
         696  -272.50000000000000        24.910818498439177     
         697  -272.50000000000000        24.863807419696258     
         698  -272.50000000000000        28.472960793516915     
         699  -272.50000000000000        14.509812806991539     
         700  -272.50000000000000      -0.88403821843218600     
         701  -272.50000000000000        24.147098859385292     
         702  -272.50000000000000        1.2048951832344945     
         703  -272.50000000000000        19.589594558520016     
         704  -272.50000000000000        10.431804505596878     
         705  -272.50000000000000       -1.9296182203254419     
         706  -272.50000000000000        5.0709478654344187     
         707  -272.50000000000000        5.1029550474571579     
         708  -272.50000000000000        18.807891338333238     
         709  -272.50000000000000       -9.9830927546735246     
         710  -272.50000000000000        25.644639217839501     
         711  -272.50000000000000       -12.310011672791013     
         712  -272.50000000000000       -11.374910811086687     
         713  -272.50000000000000       -20.768528489627084     
         714  -272.50000000000000       -6.7589525409290578     
         715  -272.50000000000000       -23.969292943660463     
         716  -272.50000000000000       -4.9185316398176750     
         717  -272.50000000000000       0.55366137247720137     
         718  -272.50000000000000        8.0606413196446951     
         719  -272.50000000000000        28.252681391179550     
         720  -272.50000000000000        25.569953625059725     
         721  -272.50000000000000       -17.388066269294072     
         722  -272.50000000000000        11.237130527116507     
         723  -272.50000000000000        1.7584588761126303     
         724  -272.50000000000000        7.4944833346805098     
         725  -272.50000000000000        7.4152055346300276     
         726  -272.50000000000000        10.608660736722785     
         727  -272.50000000000000       -17.418686602796555     
         728  -272.50000000000000       -3.4787926993398366     
         729  -272.50000000000000        11.096311196853465     
         730  -272.50000000000000        9.3957612432692031E-002
         731  -272.50000000000000       -18.142352451738830     
         732  -272.50000000000000        24.970711960587728     
         733  -272.50000000000000       -5.0195567942118862     
         734  -272.50000000000000        24.199302469673782     
         735  -272.50000000000000      -0.89223941847518273     
         736  -272.50000000000000       -20.160300770200291     
         737  -272.50000000000000       -5.9533392778103771     
         738  -272.50000000000000       -15.105308666305058     
         739  -272.50000000000000        7.7275661310844939     
         740  -272.50000000000000       -22.141403677748443     
         741  -272.50000000000000        6.9991241332304304     
         742  -272.50000000000000        18.134996427144539     
         743  -272.50000000000000       -24.268776638466083     
         744  -272.50000000000000        24.060106584546858     
         745  -272.50000000000000        10.707282711173571     
         746  -272.50000000000000        24.267381590507640     
         747  -272.50000000000000        13.387301856246113     
         748  -272.50000000000000        5.4416508823130583     
         749  -272.50000000000000       -27.303022072744152     
         750  -272.50000000000000       -4.0563370799586869     
         751  -272.50000000000000        27.465185974004729     
         752  -272.50000000000000       -21.160441919376304     
         753  -272.50000000000000        29.786911521383285     
         754  -272.50000000000000       -26.409027509408190     
         755  -272.50000000000000        23.814422873468036     
         756  -272.50000000000000        15.249742937547472     
         757  -272.50000000000000       -12.182496077314577     
         758  -272.50000000000000       -8.1406806056143353     
         759  -272.50000000000000       -3.4392388179565185     
         760  -272.50000000000000        29.573017420128085     
         761  -272.50000000000000       0.79144164096319902     
         762  -272.50000000000000       -7.2053173714940479     
         763  -272.50000000000000       -18.359586451152548     
         764  -272.50000000000000        15.198721084472234     
         765  -272.50000000000000       -24.287035266868831     
         766  -272.50000000000000       -24.667615683402435     
         767  -272.50000000000000        26.745197383445333     
         768  -272.50000000000000       0.31055934597930124     
         769  -272.50000000000000        10.707459783587669     
         770  -272.50000000000000       -5.3345186465554439     
         771  -272.50000000000000       -18.905913487729215     
         772  -272.50000000000000        26.551899735193960     
         773  -272.50000000000000       -1.8120794224796573     
         774  -272.50000000000000       -2.9031944467147142     
         775  -272.50000000000000       -27.060200228703231     
         776  -272.50000000000000        12.882269418852943     
         777  -272.50000000000000       -20.276216074767838     
         778  -272.50000000000000        9.5278314549573313     
         779  -272.50000000000000       -24.655543274735802     
         780  -272.50000000000000       -7.1507462207999035     
         781  -272.50000000000000        13.699983293724072     
         782  -272.50000000000000        4.1507178411849974     
         783  -272.50000000000000       -7.1564788818569101     
         784  -272.50000000000000        22.895888312774591     
         785  -272.50000000000000       -11.631485681586309     
         786  -272.50000000000000       -11.175364245119928     
         787  -272.50000000000000       -25.561694892463432     
         788  -272.50000000000000       -28.233501085059441     
         789  -272.50000000000000        13.338532117403178     
         790  -272.50000000000000        16.103604933615689     
         791  -272.50000000000000       -4.1565839314055761     
         792  -272.50000000000000       -26.626167451549918     
         793  -272.50000000000000       -6.5361395294226954     
         794  -272.50000000000000      -0.99739240142811392     
         795  -272.50000000000000        8.7400839737522293     
         796  -272.50000000000000      -0.53280001633417962     
         797  -272.50000000000000       -22.764057986309361     
         798  -272.50000000000000       -4.1479122356543661     
         799  -272.50000000000000       -15.932442553596978     
         800  -272.50000000000000       -24.631862999867788     
         801  -272.50000000000000       -29.383113777204589     
         802  -272.50000000000000        4.3202159778423166     
         803  -272.50000000000000       -21.672895034679435     
         804  -272.50000000000000       -18.782414350358703     
         805  -272.50000000000000        26.123414083202693     
         806  -272.50000000000000        10.067590280213818     
         807  -272.50000000000000        15.356112825222061     
         808  -272.50000000000000       -12.065481419167995     
         809  -272.50000000000000       -24.496773654668502     
         810  -272.50000000000000       -3.8534674168554739     
         811  -272.50000000000000       -7.7020620230811083     
         812  -272.50000000000000       -26.474563429635822     
         813  -272.50000000000000        15.088927873296488     
         814  -272.50000000000000       -21.511160042304216     
         815  -272.50000000000000       -28.428842647171287     
         816  -272.50000000000000        17.074418630451543     
         817  -272.50000000000000        1.4652430593142121     
         818  -272.50000000000000        8.2857205302876054     
         819  -272.50000000000000        11.924123786199765     
         820  -272.50000000000000       -21.661323700868998     
         821  -272.50000000000000        5.8700594632609793     
         822  -272.50000000000000        29.963511809885915     
         823  -272.50000000000000        11.043840558287320     
         824  -272.50000000000000       -6.6236658934588410     
         825  -272.50000000000000        11.832106761240309     
         826  -272.50000000000000       -24.225408732668591     
         827  -272.50000000000000       -16.995892174245565     
         828  -272.50000000000000       -11.926212031450952     
         829  -272.50000000000000        7.8712675077906198     
         830  -272.50000000000000       -24.322510226945262     
         831  -272.50000000000000       -7.7136446621342518     
         832  -272.50000000000000       -17.117527200523586     
         833  -272.50000000000000       -23.181022451724179     
         834  -272.50000000000000       -19.873960324409381     
         835  -272.50000000000000        29.953757540813406     
         836  -272.50000000000000       -7.2912524073585878     
         837  -272.50000000000000       -27.283812208654002     
         838  -272.50000000000000        24.689565797013067     
         839  -272.50000000000000        24.666657277254810     
         840  -272.50000000000000       -3.9309459771054693     
         841  -272.50000000000000        26.995335397525313     
         842  -272.50000000000000        15.650215456451981     
         843  -272.50000000000000        29.509441641988595     
         844  -272.50000000000000       -28.243745996716072     
         845  -272.50000000000000        14.917008013563780     
         846  -272.50000000000000       -16.395828938129938     
         847  -272.50000000000000        16.333105296345398     
         848  -272.50000000000000        1.2069296372060485     
         849  -272.50000000000000       -10.488097846620370     
         850  -272.50000000000000        20.080937696253354     
         851  -272.50000000000000        14.262121470218037     
         852  -272.50000000000000        20.534781585824309     
         853  -272.50000000000000        23.394935083437932     
         854  -272.50000000000000       -22.129149922346901     
         855  -272.50000000000000       -7.1590450998449100     
         856  -272.50000000000000        20.383039161449283     
         857  -272.50000000000000       -4.8672923078564851     
         858  -272.50000000000000       -17.975219948110304     
         859  -272.50000000000000        29.620276013675234     
         860  -272.50000000000000        24.397556015237491     
         861  -272.50000000000000       -5.9424406648238861     
         862  -272.50000000000000       -16.154054200262529     
         863  -272.50000000000000       -2.6124848790507649     
         864  -272.50000000000000      -0.44511933456204167     
         865  -272.50000000000000        15.288042154606229     
         866  -272.50000000000000       -14.543030552589979     
         867  -272.50000000000000        27.954341059838477     
         868  -272.50000000000000        17.838329305140569     
         869  -272.50000000000000        1.6209132669462283     
         870  -272.50000000000000       -9.6614371955532476     
         871  -272.50000000000000       -20.802974621385253     
         872  -272.50000000000000       -20.768865601478286     
         873  -272.50000000000000      -0.65816206977684721     
         874  -272.50000000000000       -2.3453356759193009     
         875  -272.50000000000000       -1.7587480783699281     
         876  -272.50000000000000       -29.926471042619767     
         877  -272.50000000000000        14.880552203447765     
         878  -272.50000000000000        6.1649828561516573     
         879  -272.50000000000000        16.665970201069900     
         880  -272.50000000000000       -10.090584880511800     
         881  -272.50000000000000        28.738824422642551     
         882  -272.50000000000000       -9.6786050328826558     
         883  -272.50000000000000       -5.4415718185622843     
         884  -272.50000000000000        6.2862770410455564     
         885  -272.50000000000000       -10.923885886028414     
         886  -272.50000000000000        13.702526116844167     
         887  -272.50000000000000        14.557603769557700     
         888  -272.50000000000000       -16.031018882446890     
         889  -272.50000000000000        5.2819773853933674     
         890  -272.50000000000000       -11.822151282630166     
         891  -272.50000000000000       -24.435886162971645     
         892  -272.50000000000000       -8.9011050507678480     
         893  -272.50000000000000        18.384513446466414     
         894  -272.50000000000000       -4.0722523243155919     
         895  -272.50000000000000       -27.478824484425388     
         896  -272.50000000000000        11.589525558918000     
         897  -272.50000000000000        24.632601387074377     
         898  -272.50000000000000        1.6201722840876576     
         899  -272.50000000000000        9.1669507460358446     
         900  -272.50000000000000       0.22349665276385422     
         901  -272.50000000000000        20.168120933284712     
         902  -272.50000000000000        2.5464907706729399E-002
         903  -272.50000000000000       -18.099006013988536     
         904  -272.50000000000000       -8.0708290070849493     
         905  -272.50000000000000        24.745416190209983     
         906  -272.50000000000000        19.180878479768889     
         907  -272.50000000000000        24.482661635694548     
         908  -272.50000000000000        6.2648023876567445     
         909  -272.50000000000000       -15.393408301527270     
         910  -272.50000000000000       -10.127483841447422     
         911  -272.50000000000000       -14.415101363449628     
         912  -272.50000000000000        4.1475075721452574     
         913  -272.50000000000000       -12.309461574309953     
         914  -272.50000000000000       -22.989839099150942     
         915  -272.50000000000000        4.9920672304140155     
         916  -272.50000000000000        25.288531417803508     
         917  -272.50000000000000        29.471039985410993     
         918  -272.50000000000000        9.2951737297319212     
         919  -272.50000000000000        14.072759923382362     
         920  -272.50000000000000        11.543809900881007     
         921  -272.50000000000000       -13.834783625719396     
         922  -272.50000000000000       -13.630459805184111     
         923  -272.50000000000000       -25.923569042424241     
         924  -272.50000000000000       -25.450873530851883     
         925  -272.50000000000000        19.539504229035085     
         926  -272.50000000000000        8.7716475583544132E-002
         927  -272.50000000000000        14.310913557614775     
         928  -272.50000000000000        7.2381316258599444     
         929  -272.50000000000000       -6.0736349243100598     
         930  -272.50000000000000        19.273775518882655     
         931  -272.50000000000000       -7.4801134074220643     
         932  -272.50000000000000        9.3079708915815829     
         933  -272.50000000000000        22.834383548223126     
         934  -272.50000000000000       -26.687958807527234     
         935  -272.50000000000000       -10.571293816382225     
         936  -272.50000000000000        14.217515585547387     
         937  -272.50000000000000       -4.1253025066988878     
         938  -272.50000000000000       -23.404732768878407     
         939  -272.50000000000000       -22.280763093897772     
         940  -272.50000000000000       -5.9594626926825143     
         941  -272.50000000000000       -7.3520408334189771     
         942  -272.50000000000000        7.5659837081003900     
         943  -272.50000000000000        29.604927191853701     
         944  -272.50000000000000        17.690717672089455     
         945  -272.50000000000000       -27.078785592206337     
         946  -272.50000000000000      -0.55204577220009954     
         947  -272.50000000000000      -0.80605150013474269     
         948  -272.50000000000000        7.3106476396211288     
         949  -272.50000000000000        14.050244567181903     
         950  -272.50000000000000        25.948511450454919     
         951  -272.50000000000000       -15.588568505893406     
         952  -272.50000000000000        7.5422774835977275     
         953  -272.50000000000000       -9.8393554487355761     
         954  -272.50000000000000       -4.7625936437867207     
         955  -272.50000000000000        23.540125805291392     
         956  -272.50000000000000       -10.708559077336171     
         957  -272.50000000000000       -3.7409846525579740     
         958  -272.50000000000000       -12.159567464737057     
         959  -272.50000000000000       -23.258008957880865     
         960  -272.50000000000000        1.8175896460810805     
         961  -272.50000000000000        24.599983306089605     
         962  -272.50000000000000       -14.873339249724710     
         963  -272.50000000000000        23.584957676977208     
         964  -272.50000000000000       -18.863844373919825     
         965  -272.50000000000000        14.441209409763363     
         966  -272.50000000000000        15.329118991978774     
         967  -272.50000000000000        5.3151831928715643     
         968  -272.50000000000000        1.0528580587856402     
         969  -272.50000000000000        20.708943866840638     
         970  -272.50000000000000        10.749157660547288     
         971  -272.50000000000000        20.628245874135750     
         972  -272.50000000000000       -11.456503760093733     
         973  -272.50000000000000        14.938507338603488     
         974  -272.50000000000000       -19.812062620475846     
         975  -272.50000000000000       -8.0362727344461984     
         976  -272.50000000000000        14.621036106445699     
         977  -272.50000000000000        1.8342844485218532     
         978  -272.50000000000000       -11.810799385353263     
         979  -272.50000000000000       -10.329482586025547     
         980  -272.50000000000000        13.300082801870493     
         981  -272.50000000000000       -6.6767015218824257     
         982  -272.50000000000000        18.437576987881069     
         983  -272.50000000000000        26.182639031456848     
         984  -272.50000000000000        26.630970250290630     
         985  -272.50000000000000        4.9598222441935063     
         986  -272.50000000000000        3.9014074639504064     
         987  -272.50000000000000      -0.38128845310857851     
         988  -272.50000000000000        20.776183951284398     
         989  -272.50000000000000       -6.5244564975527117     
         990  -272.50000000000000       -5.9021137806364772     
         991  -272.50000000000000       -7.4920149647709406     
         992  -272.50000000000000       -21.731778049414228     
         993  -272.50000000000000       -20.157127528941398     
         994  -272.50000000000000        14.562714566072222     
         995  -272.50000000000000        14.438802990933391     
         996  -272.50000000000000        19.770871703604421     
         997  -272.50000000000000        6.6100211722403239     
         998  -272.50000000000000       -22.941723169667341     
         999  -272.50000000000000       -11.591399517090714     
        1000  -272.50000000000000       -17.017312293105721     
