   100000.00000000000       -815.44660164795641       -118.45778797434012       -2.1478530112282627E-002  -2.1040459675726486E-002   3.4870279542950915E-004   5630.0000000000000        0.0000000000000000        7.0021321961620471        7.0866198691007671        1.9912313669919971E-002  -6.8721681833267212E-002  -4.8342264285625158E-004  -3.8742196692962000E-002   0.0000000000000000       -6.0277623195924006                1          50
   100000.00000000000       -764.62873325617932       -125.94037039919073       -2.2835257050021866E-002  -2.2369515168595155E-002   4.0126537731004273E-004   5630.0000000000000        0.0000000000000000        7.0021321961620471        7.0866198691007671        1.9912313669919971E-002  -6.8721681833267212E-002  -4.8342264285625158E-004  -3.8742196692962000E-002   0.0000000000000000       -5.6521178179966931                2          50
   980000.00000000000       -193.37570614947469       -1.0843336454982910       -1.8750694892437066E-004  -1.8397245427524450E-004   1.0700618809193455E-003   5894.0000000000000        0.0000000000000000        7.2835820895522385        7.0866198691007671        1.9912313669919971E-002  -6.8721681833267212E-002   1.0623741375362025E-003  -4.0999778553506672E-002   1.0000000000000000       -1.4294287237162309                3          50
   460000.00000000000       -668.50780610242180        89.032091538125485        1.5828700860624653E-002   1.5516223690854912E-002  -4.5722801108137308E-004   5738.0000000000000        0.0000000000000000        7.1172707889125801        7.0866198691007671        1.9912313669919971E-002  -6.8721681833267212E-002   1.7113765546543369E-004  -3.9697867315815163E-002   0.0000000000000000       -4.9415941593649775                4          50
   980000.00000000000        43.917544483359450        9.3483931553542945        1.6165584137163218E-003   1.5860863853672030E-003   9.9609560055502521E-004   5894.0000000000000        0.0000000000000000        7.2835820895522385        7.0866198691007671        1.9912313669919971E-002  -6.8721681833267212E-002   1.0623741375362025E-003  -4.0999778553506672E-002   1.0000000000000000       0.32463746770276408                5          50
   980000.00000000000       -208.51223840637016        25.796786479832978        4.4608748838224268E-003   4.3767876620008448E-003   8.7947925514458326E-004   5894.0000000000000        0.0000000000000000        7.2835820895522385        7.0866198691007671        1.9912313669919971E-002  -6.8721681833267212E-002   1.0623741375362025E-003  -4.0999778553506672E-002   1.0000000000000000       -1.5413176182226540                6          50
   980000.00000000000        53.775083636974571       -5.8417136242131953       -1.0101705344232723E-003  -9.9112888093199790E-004   1.1037909057488341E-003   5894.0000000000000        0.0000000000000000        7.2835820895522385        7.0866198691007671        1.9912313669919971E-002  -6.8721681833267212E-002   1.0623741375362025E-003  -4.0999778553506672E-002   1.0000000000000000       0.39750416793057403                7          50
   460000.00000000000       -751.29608476589874        93.130376406643776        1.6557320441549821E-002   1.6230459464385460E-002  -4.8615265452864526E-004   5738.0000000000000        0.0000000000000000        7.1172707889125801        7.0866198691007671        1.9912313669919971E-002  -6.8721681833267212E-002   1.7113765546543369E-004  -3.9697867315815163E-002   0.0000000000000000       -5.5535631903513387                8          50
   20000.000000000000       -624.26521850803761       -143.24144007664074       -2.6087434349818656E-002  -2.5551452029368666E-002   3.7167862125410465E-004   5606.0000000000000        0.0000000000000000        6.9765458422174840        7.0866198691007671        1.9912313669919971E-002  -6.8721681833267212E-002  -6.3329895195579633E-004  -3.8523434682525115E-002   0.0000000000000000       -4.6145539805430325                9          50
   980000.00000000000       -312.84534609100859       -7.8657551055541690       -1.3601752070978026E-003  -1.3345359866905615E-003   1.1181410198211825E-003   5894.0000000000000        0.0000000000000000        7.2835820895522385        7.0866198691007671        1.9912313669919971E-002  -6.8721681833267212E-002   1.0623741375362025E-003  -4.0999778553506672E-002   1.0000000000000000       -2.3125455243988400               10          50
   980000.00000000000        39.923461891923587       -5.1035752957133349       -8.8252894879531634E-004  -8.6589333147494652E-004   1.0985576290038696E-003   5894.0000000000000        0.0000000000000000        7.2835820895522385        7.0866198691007671        1.9912313669919971E-002  -6.8721681833267212E-002   1.0623741375362025E-003  -4.0999778553506672E-002   1.0000000000000000       0.29511330205250258               11          50
   480000.00000000000       -637.96293144394258        94.664845151847416        1.6811940241685985E-002   1.6480648529221348E-002  -4.6169388383824142E-004   5744.0000000000000        0.0000000000000000        7.1236673773987205        7.0866198691007671        1.9912313669919971E-002  -6.8721681833267212E-002   2.0657431431693810E-004  -3.9749617744784603E-002   0.0000000000000000       -4.7158071560824002               12          50
   980000.00000000000        276.47265439072714       -9.2736097800071526       -1.6036265983107739E-003  -1.5733983339000937E-003   1.1281224729494574E-003   5894.0000000000000        0.0000000000000000        7.2835820895522385        7.0866198691007671        1.9912313669919971E-002  -6.8721681833267212E-002   1.0623741375362025E-003  -4.0999778553506672E-002   1.0000000000000000        2.0436794330446935               13          50
   980000.00000000000        8.9656873616629582        10.067110153711972        1.7408415917414773E-003   1.7080268330016920E-003   9.9100001777806777E-004   5894.0000000000000        0.0000000000000000        7.2835820895522385        7.0866198691007671        1.9912313669919971E-002  -6.8721681833267212E-002   1.0623741375362025E-003  -4.0999778553506672E-002   1.0000000000000000        6.6274152517970975E-002          14          50
   980000.00000000000       -243.12236731045741       -17.427444029247244       -3.0136175069738176E-003  -2.9568109991936283E-003   1.1859317879670999E-003   5894.0000000000000        0.0000000000000000        7.2835820895522385        7.0866198691007671        1.9912313669919971E-002  -6.8721681833267212E-002   1.0623741375362025E-003  -4.0999778553506672E-002   1.0000000000000000       -1.7971548863683355               15          50
   400000.00000000000       -583.79677637593738        86.721842381899990        1.5468174533722760E-002   1.5161161255576922E-002  -5.4738695206364273E-004   5720.0000000000000        0.0000000000000000        7.0980810234541574        7.0866198691007671        1.9912313669919971E-002  -6.8721681833267212E-002   6.4252253460968245E-005  -3.9541783304238839E-002   0.0000000000000000       -4.3154121972263724               16          50
   980000.00000000000       -7.5764896555614110       -8.4338471854879735       -1.4584117720690360E-003  -1.4309207983522181E-003   1.1221686972308603E-003   5894.0000000000000        0.0000000000000000        7.2835820895522385        7.0866198691007671        1.9912313669919971E-002  -6.8721681833267212E-002   1.0623741375362025E-003  -4.0999778553506672E-002   1.0000000000000000       -5.6005235374432229E-002          17          50
   980000.00000000000        144.85218108970753        7.0727562840225797        1.2230469439074817E-003   1.1999925829695589E-003   1.0122294836754527E-003   5894.0000000000000        0.0000000000000000        7.2835820895522385        7.0866198691007671        1.9912313669919971E-002  -6.8721681833267212E-002   1.0623741375362025E-003  -4.0999778553506672E-002   1.0000000000000000        1.0707439546854136               18          50
   80000.000000000000       -626.72817053650283       -119.21923715015545       -2.1640480686834492E-002  -2.1198299635518395E-002   3.1648345628728031E-004   5624.0000000000000        0.0000000000000000        6.9957356076759059        7.0866198691007671        1.9912313669919971E-002  -6.8721681833267212E-002  -5.2073759705629011E-004  -3.8687729050903848E-002   0.0000000000000000       -4.6327600646718317               19          50
   980000.00000000000       -66.023946218740747        2.8484625130242529        4.9256657963166076E-004   4.8328172938993095E-004   1.0421790168484463E-003   5894.0000000000000        0.0000000000000000        7.2835820895522385        7.0866198691007671        1.9912313669919971E-002  -6.8721681833267212E-002   1.0623741375362025E-003  -4.0999778553506672E-002   1.0000000000000000      -0.48804747533908371               20          50
   980000.00000000000        316.82125590312734        3.0242875146235795        5.2297088344661999E-004   5.1311291391645394E-004   1.0409324471249593E-003   5894.0000000000000        0.0000000000000000        7.2835820895522385        7.0866198691007671        1.9912313669919971E-002  -6.8721681833267212E-002   1.0623741375362025E-003  -4.0999778553506672E-002   1.0000000000000000        2.3419353572869208               21          50
   80000.000000000000       -589.89349599618151       -121.33866996501972       -2.2025196660476788E-002  -2.1575154687948031E-002   3.3136724363710816E-004   5624.0000000000000        0.0000000000000000        6.9957356076759059        7.0866198691007671        1.9912313669919971E-002  -6.8721681833267212E-002  -5.2073759705629011E-004  -3.8687729050903848E-002   0.0000000000000000       -4.3604790069055834               22          50
   360000.00000000000       -638.28752927449068       -83.776819323898593       -1.4975395073516452E-002  -1.4677088178678801E-002   5.8309741172369006E-004   5708.0000000000000        0.0000000000000000        7.0852878464818767        7.0866198691007671        1.9912313669919971E-002  -6.8721681833267212E-002  -7.4876690910261057E-006  -3.9437028399948434E-002   0.0000000000000000       -4.7182065756986509               23          50
   480000.00000000000       -672.75372917761422        95.187108561051417        1.6904691264643584E-002   1.6571571824695579E-002  -4.6538070154624378E-004   5744.0000000000000        0.0000000000000000        7.1236673773987205        7.0866198691007671        1.9912313669919971E-002  -6.8721681833267212E-002   2.0657431431693810E-004  -3.9749617744784603E-002   0.0000000000000000       -4.9729799240156742               24          50
   980000.00000000000        304.85903686833916       -11.149333103698265       -1.9279835514605362E-003  -1.8916411780960747E-003   1.1414210362008879E-003   5894.0000000000000        0.0000000000000000        7.2835820895522385        7.0866198691007671        1.9912313669919971E-002  -6.8721681833267212E-002   1.0623741375362025E-003  -4.0999778553506672E-002   1.0000000000000000        2.2535109123129797               25          50
   980000.00000000000       -178.18587565075106       -7.8269163709039686       -1.3534590707272524E-003  -1.3279464490844875E-003   1.1178656597172548E-003   5894.0000000000000        0.0000000000000000        7.2835820895522385        7.0866198691007671        1.9912313669919971E-002  -6.8721681833267212E-002   1.0623741375362025E-003  -4.0999778553506672E-002   1.0000000000000000       -1.3171458498454409               26          50
   980000.00000000000        133.29493180688411        7.2727975534850158        1.2576388135332021E-003   1.2339323979445225E-003   1.0108112246810465E-003   5894.0000000000000        0.0000000000000000        7.2835820895522385        7.0866198691007671        1.9912313669919971E-002  -6.8721681833267212E-002   1.0623741375362025E-003  -4.0999778553506672E-002   1.0000000000000000       0.98531303670212333               27          50
   340000.00000000000       -726.68583068074372       -88.781710244546304       -1.5887319836031942E-002  -1.5570275384873081E-002   5.8220961637537162E-004   5702.0000000000000        0.0000000000000000        7.0788912579957355        7.0866198691007671        1.9912313669919971E-002  -6.8721681833267212E-002  -4.3503574963178054E-005  -3.9384439779417788E-002   0.0000000000000000       -5.3716447643620731               28          50
   980000.00000000000        206.55292675688273      -0.13418123507063892       -2.3203111049309330E-005  -2.2765733809066665E-005   1.0633254599509766E-003   5894.0000000000000        0.0000000000000000        7.2835820895522385        7.0866198691007671        1.9912313669919971E-002  -6.8721681833267212E-002   1.0623741375362025E-003  -4.0999778553506672E-002   1.0000000000000000        1.5268344320652143               29          50
   980000.00000000000       -342.74096114356234        4.4862860423173050        7.7578502824224467E-004   7.6116152736974976E-004   1.0305671231731447E-003   5894.0000000000000        0.0000000000000000        7.2835820895522385        7.0866198691007671        1.9912313669919971E-002  -6.8721681833267212E-002   1.0623741375362025E-003  -4.0999778553506672E-002   1.0000000000000000       -2.5335332157702246               30          50
   400000.00000000000       -585.78572017784745        83.879369310208673        1.4961175738808953E-002   1.4664225403882635E-002  -5.2733931557965078E-004   5720.0000000000000        0.0000000000000000        7.0980810234541574        7.0866198691007671        1.9912313669919971E-002  -6.8721681833267212E-002   6.4252253460968245E-005  -3.9541783304238839E-002   0.0000000000000000       -4.3301144235655489               31          50
   80000.000000000000       -578.97142655617188       -119.71009792489797       -2.1729580930802343E-002  -2.1285579289633351E-002   3.1993054238427796E-004   5624.0000000000000        0.0000000000000000        6.9957356076759059        7.0866198691007671        1.9912313669919971E-002  -6.8721681833267212E-002  -5.2073759705629011E-004  -3.8687729050903848E-002   0.0000000000000000       -4.2797433235519300               32          50
   100000.00000000000       -568.06763054398709       -123.98977194290752       -2.2481578424102176E-002  -2.2023050078669188E-002   3.8756309041856560E-004   5630.0000000000000        0.0000000000000000        7.0021321961620471        7.0866198691007671        1.9912313669919971E-002  -6.8721681833267212E-002  -4.8342264285625158E-004  -3.8742196692962000E-002   0.0000000000000000       -4.1991427169518865               33          50
   340000.00000000000       -834.05909484986626       -88.550356984752696       -1.5845919605924578E-002  -1.5529701330191634E-002   5.8057909150585412E-004   5702.0000000000000        0.0000000000000000        7.0788912579957355        7.0866198691007671        1.9912313669919971E-002  -6.8721681833267212E-002  -4.3503574963178054E-005  -3.9384439779417788E-002   0.0000000000000000       -6.1653454365854827               34          50
   120000.00000000000       -838.08475164026493       -126.57934771157882       -2.2925810837781366E-002  -2.2459075179485241E-002   4.4323178940695765E-004   5636.0000000000000        0.0000000000000000        7.0085287846481874        7.0866198691007671        1.9912313669919971E-002  -6.8721681833267212E-002  -4.4620981257123549E-004  -3.8796516654163775E-002   0.0000000000000000       -6.1951029979803520               35          50
   980000.00000000000        295.22028695681678       -3.2274960384355476       -5.5811044630496673E-004  -5.4759009813972641E-004   1.0852565422431050E-003   5894.0000000000000        0.0000000000000000        7.2835820895522385        7.0866198691007671        1.9912313669919971E-002  -6.8721681833267212E-002   1.0623741375362025E-003  -4.0999778553506672E-002   1.0000000000000000        2.1822614970756935               36          50
   460000.00000000000       -572.52406954987180        91.097429671968783        1.6195890027270784E-002   1.5876164111531681E-002  -4.7180463789869593E-004   5738.0000000000000        0.0000000000000000        7.1172707889125801        7.0866198691007671        1.9912313669919971E-002  -6.8721681833267212E-002   1.7113765546543369E-004  -3.9697867315815163E-002   0.0000000000000000       -4.2320846104675951               37          50
   980000.00000000000       -252.35874422227963        16.036097804368552        2.7730208173778236E-003   2.7207495426482104E-003   9.4868089809944771E-004   5894.0000000000000        0.0000000000000000        7.2835820895522385        7.0866198691007671        1.9912313669919971E-002  -6.8721681833267212E-002   1.0623741375362025E-003  -4.0999778553506672E-002   1.0000000000000000       -1.8654299697473340               38          50
   980000.00000000000        148.27019554823696        1.1182226983241603        1.9336716816933881E-004   1.8972220874179850E-004   1.0544461264617409E-003   5894.0000000000000        0.0000000000000000        7.2835820895522385        7.0866198691007671        1.9912313669919971E-002  -6.8721681833267212E-002   1.0623741375362025E-003  -4.0999778553506672E-002   1.0000000000000000        1.0960098380912779               39          50
   980000.00000000000       -103.20677111241994       -9.6165129354623016       -1.6629226689647354E-003  -1.6315766772077201E-003   1.1305535987153629E-003   5894.0000000000000        0.0000000000000000        7.2835820895522385        7.0866198691007671        1.9912313669919971E-002  -6.8721681833267212E-002   1.0623741375362025E-003  -4.0999778553506672E-002   1.0000000000000000      -0.76290205242257814               40          50
   980000.00000000000        214.20214888909669       -8.8353765651630045       -1.5278457043268162E-003  -1.4990459051854436E-003   1.1250154730775284E-003   5894.0000000000000        0.0000000000000000        7.2835820895522385        7.0866198691007671        1.9912313669919971E-002  -6.8721681833267212E-002   1.0623741375362025E-003  -4.0999778553506672E-002   1.0000000000000000        1.5833773042159738               41          50
   980000.00000000000       -314.16459635805734        8.8500706482745795        1.5303866590439654E-003   1.5015389630598200E-003   9.9962862341415907E-004   5894.0000000000000        0.0000000000000000        7.2835820895522385        7.0866198691007671        1.9912313669919971E-002  -6.8721681833267212E-002   1.0623741375362025E-003  -4.0999778553506672E-002   1.0000000000000000       -2.3222973916992347               42          50
   520000.00000000000       -716.48147057102881        99.801959968467429        1.7686038012837864E-002   1.7338769973673979E-002  -4.2767447822806258E-004   5756.0000000000000        0.0000000000000000        7.1364605543710020        7.0866198691007671        1.9912313669919971E-002  -6.8721681833267212E-002   2.7716198067170156E-004  -3.9852705189717480E-002   0.0000000000000000       -5.2962143716906391               43          50
   980000.00000000000       -290.65063797505178        7.2057308480283986        1.2460413929728535E-003   1.2225535880604681E-003   1.0112867163558125E-003   5894.0000000000000        0.0000000000000000        7.2835820895522385        7.0866198691007671        1.9912313669919971E-002  -6.8721681833267212E-002   1.0623741375362025E-003  -4.0999778553506672E-002   1.0000000000000000       -2.1484827580505006               44          50
   20000.000000000000       -597.37962630692925       -140.99429804923341       -2.5678180085945423E-002  -2.5150606145064824E-002   3.5591274135123941E-004   5606.0000000000000        0.0000000000000000        6.9765458422174840        7.0866198691007671        1.9912313669919971E-002  -6.8721681833267212E-002  -6.3329895195579633E-004  -3.8523434682525115E-002   0.0000000000000000       -4.4158163081040795               45          50
   440000.00000000000       -580.52888552445108        92.220766464884136        1.6413361236701306E-002   1.6088758978521307E-002  -5.1511844308585767E-004   5732.0000000000000        0.0000000000000000        7.1108742004264389        7.0866198691007671        1.9912313669919971E-002  -6.8721681833267212E-002   1.3560532244453333E-004  -3.9645978428558062E-002   0.0000000000000000       -4.2912560240332764               46          50
   120000.00000000000       -886.29897704977861       -124.16491640291281       -2.2488513628844724E-002  -2.2030680696045565E-002   4.2626618095762791E-004   5636.0000000000000        0.0000000000000000        7.0085287846481874        7.0866198691007671        1.9912313669919971E-002  -6.8721681833267212E-002  -4.4620981257123549E-004  -3.8796516654163775E-002   0.0000000000000000       -6.5515014311879609               47          50
   980000.00000000000        291.18195372588127       -9.3016401649614426       -1.6084737152307134E-003  -1.5781540829591860E-003   1.1283212036697979E-003   5894.0000000000000        0.0000000000000000        7.2835820895522385        7.0866198691007671        1.9912313669919971E-002  -6.8721681833267212E-002   1.0623741375362025E-003  -4.0999778553506672E-002   1.0000000000000000        2.1524102317271137               48          50
   280000.00000000000       -642.04693957566337       -99.180261266581098       -1.7806299210296469E-002  -1.7449025557104345E-002   5.4632743775300267E-004   5684.0000000000000        0.0000000000000000        7.0597014925373136        7.0866198691007671        1.9912313669919971E-002  -6.8721681833267212E-002  -1.5213930667224568E-004  -3.9225823186289088E-002   0.0000000000000000       -4.7459960492356066               49          50
   980000.00000000000       -87.654292865377045        27.572662237372409        4.7679658298125363E-003   4.6780899622280983E-003   8.6688859436320190E-004   5894.0000000000000        0.0000000000000000        7.2835820895522385        7.0866198691007671        1.9912313669919971E-002  -6.8721681833267212E-002   1.0623741375362025E-003  -4.0999778553506672E-002   1.0000000000000000      -0.64793849482806398               50          50
   540000.00000000000       -766.57087185709918        103.75819735748850        1.8367322916438930E-002   1.8007323387276727E-002  -4.2061677686060824E-004   5762.0000000000000        0.0000000000000000        7.1428571428571432        7.0866198691007671        1.9912313669919971E-002  -6.8721681833267212E-002   3.1231366991997175E-004  -3.9904043181197640E-002   0.0000000000000000       -5.6664740613784090               51          50
   980000.00000000000       -217.29624713746691        10.024297357910353        1.7334382461485305E-003   1.7007630400255095E-003   9.9130355330793378E-004   5894.0000000000000        0.0000000000000000        7.2835820895522385        7.0866198691007671        1.9912313669919971E-002  -6.8721681833267212E-002   1.0623741375362025E-003  -4.0999778553506672E-002   1.0000000000000000       -1.6062488065276539               52          50
   980000.00000000000       -228.00827390343230        21.257531762276120        3.6759303180854555E-003   3.6066392538642890E-003   9.1166180851657750E-004   5894.0000000000000        0.0000000000000000        7.2835820895522385        7.0866198691007671        1.9912313669919971E-002  -6.8721681833267212E-002   1.0623741375362025E-003  -4.0999778553506672E-002   1.0000000000000000       -1.6854318593184325               53          50
   980000.00000000000       -279.38519529189159        5.8856044393456806        1.0177602950707102E-003   9.9857557505016637E-004   1.0206461908177518E-003   5894.0000000000000        0.0000000000000000        7.2835820895522385        7.0866198691007671        1.9912313669919971E-002  -6.8721681833267212E-002   1.0623741375362025E-003  -4.0999778553506672E-002   1.0000000000000000       -2.0652088676671827               54          50
   100000.00000000000       -803.08753957622605       -124.17548313957843       -2.2515251208290482E-002  -2.2056036081630273E-002   3.8886764804678864E-004   5630.0000000000000        0.0000000000000000        7.0021321961620471        7.0866198691007671        1.9912313669919971E-002  -6.8721681833267212E-002  -4.8342264285625158E-004  -3.8742196692962000E-002   0.0000000000000000       -5.9364044201163022               55          50
   20000.000000000000       -710.43585980407795       -140.34590202583237       -2.5560092829323963E-002  -2.5034945063473486E-002   3.5136361463394394E-004   5606.0000000000000        0.0000000000000000        6.9765458422174840        7.0866198691007671        1.9912313669919971E-002  -6.8721681833267212E-002  -6.3329895195579633E-004  -3.8523434682525115E-002   0.0000000000000000       -5.2515253574666509               56          50
   260000.00000000000       -663.76220590045284       -101.84343893809141       -1.8304433472798740E-002  -1.7936498580149948E-002   5.2848504567179575E-004   5678.0000000000000        0.0000000000000000        7.0533049040511724        7.0866198691007671        1.9912313669919971E-002  -6.8721681833267212E-002  -1.8854840786880489E-004  -3.9172665715447925E-002   0.0000000000000000       -4.9065147930110440               57          50
   980000.00000000000        364.71257110491058       -4.4973835949557248       -7.7770405772583262E-004  -7.6304438326361122E-004   1.0942598316831251E-003   5894.0000000000000        0.0000000000000000        7.2835820895522385        7.0866198691007671        1.9912313669919971E-002  -6.8721681833267212E-002   1.0623741375362025E-003  -4.0999778553506672E-002   1.0000000000000000        2.6959468457469087               58          50
   980000.00000000000       -387.44606376624921       -14.277016787963147       -2.4688340795906870E-003  -2.4222967064749146E-003   1.1635957880847712E-003   5894.0000000000000        5.0000000000000001E-003   7.2835820895522385        7.0866198691007671        1.9912313669919971E-002  -6.8721681833267212E-002   1.0623741375362025E-003  -4.0999778553506672E-002   1.0000000000000000       -2.8639922949275367               59          50
   360000.00000000000       -827.24672230319197       -86.212638010293489       -1.5410806055344117E-002  -1.5103825860247633E-002   6.0026872697967713E-004   5708.0000000000000        0.0000000000000000        7.0852878464818767        7.0866198691007671        1.9912313669919971E-002  -6.8721681833267212E-002  -7.4876690910261057E-006  -3.9437028399948434E-002   0.0000000000000000       -6.1149885371136063               60          50
   400000.00000000000       -602.11201771769197        85.794729725470702        1.5302809730713633E-002   1.4999078623334040E-002  -5.4084813285690768E-004   5720.0000000000000        0.0000000000000000        7.0980810234541574        7.0866198691007671        1.9912313669919971E-002  -6.8721681833267212E-002   6.4252253460968245E-005  -3.9541783304238839E-002   0.0000000000000000       -4.4507980353805312               61          50
   320000.00000000000       -626.26273480147211       -89.002837725327538       -1.5944254633307751E-002  -1.5625498196160031E-002   5.4749754795073912E-004   5696.0000000000000        0.0000000000000000        7.0724946695095952        7.0866198691007671        1.9912313669919971E-002  -6.8721681833267212E-002  -7.9617246802599767E-005  -3.9331709708354007E-002   0.0000000000000000       -4.6293195745402400               62          50
   980000.00000000000        11.402300590043843       -3.6890224518716606       -6.3791928557753691E-004  -6.2589454561785894E-004   1.0885286869798927E-003   5894.0000000000000        0.0000000000000000        7.2835820895522385        7.0866198691007671        1.9912313669919971E-002  -6.8721681833267212E-002   1.0623741375362025E-003  -4.0999778553506672E-002   1.0000000000000000        8.4285540848945323E-002          63          50
   980000.00000000000       -391.27112879815547        12.187726217675204        2.1075462952656662E-003   2.0678191750382090E-003   9.7596520613904688E-004   5894.0000000000000        5.0000000000000001E-003   7.2835820895522385        7.0866198691007671        1.9912313669919971E-002  -6.8721681833267212E-002   1.0623741375362025E-003  -4.0999778553506672E-002   1.0000000000000000       -2.8922670867075495               64          50
   980000.00000000000       -166.37965286962415       -2.0929756296943398       -3.6192501830624750E-004  -3.5510275359591786E-004   1.0772129831397325E-003   5894.0000000000000        0.0000000000000000        7.2835820895522385        7.0866198691007671        1.9912313669919971E-002  -6.8721681833267212E-002   1.0623741375362025E-003  -4.0999778553506672E-002   1.0000000000000000       -1.2298745255515253               65          50
   980000.00000000000        79.414980454521427       -10.718018217263360       -1.8533990001862782E-003  -1.8184625411033866E-003   1.1383630861151305E-003   5894.0000000000000        0.0000000000000000        7.2835820895522385        7.0866198691007671        1.9912313669919971E-002  -6.8721681833267212E-002   1.0623741375362025E-003  -4.0999778553506672E-002   1.0000000000000000       0.58703368905765907               66          50
   500000.00000000000       -638.15638519080392        98.992845207467923        1.7561590467091080E-002   1.7216146992603116E-002  -4.5705726279913778E-004   5750.0000000000000        0.0000000000000000        7.1300639658848617        7.0866198691007671        1.9912313669919971E-002  -6.8721681833267212E-002   2.4191564217335496E-004  -3.9801230206472943E-002   0.0000000000000000       -4.7172371616812434               67          50
   520000.00000000000       -745.45721115569916        102.46005193895341        1.8157082024864154E-002   1.7800564965071822E-002  -4.4644685637072810E-004   5756.0000000000000        0.0000000000000000        7.1364605543710020        7.0866198691007671        1.9912313669919971E-002  -6.8721681833267212E-002   2.7716198067170156E-004  -3.9852705189717480E-002   0.0000000000000000       -5.5104023723832514               68          50
   980000.00000000000       -67.907067720498588       -10.271802931143185       -1.7762378171766334E-003  -1.7427558417277206E-003   1.1351994946988085E-003   5894.0000000000000        0.0000000000000000        7.2835820895522385        7.0866198691007671        1.9912313669919971E-002  -6.8721681833267212E-002   1.0623741375362025E-003  -4.0999778553506672E-002   1.0000000000000000      -0.50196746569598827               69          50
   560000.00000000000       -691.40235768725745        111.07081406238123        1.9640650669127499E-002   1.9256382465738769E-002  -4.3737595436824030E-004   5768.0000000000000        0.0000000000000000        7.1492537313432836        7.0866198691007671        1.9912313669919971E-002  -6.8721681833267212E-002   3.4737104850531345E-004  -3.9955244665446449E-002   0.0000000000000000       -5.1108301523633459               70          50
   980000.00000000000       -267.76613931311095       -9.4288467053213942       -1.6304707365028500E-003  -1.5997364617104503E-003   1.1292230766707923E-003   5894.0000000000000        0.0000000000000000        7.2835820895522385        7.0866198691007671        1.9912313669919971E-002  -6.8721681833267212E-002   1.0623741375362025E-003  -4.0999778553506672E-002   1.0000000000000000       -1.9793210760244322               71          50
   980000.00000000000        289.54032548459111       -6.4445434082794568       -1.1144140705343908E-003  -1.0934074326907799E-003   1.1080648676450246E-003   5894.0000000000000        0.0000000000000000        7.2835820895522385        7.0866198691007671        1.9912313669919971E-002  -6.8721681833267212E-002   1.0623741375362025E-003  -4.0999778553506672E-002   1.0000000000000000        2.1402753539366737               72          50
   80000.000000000000       -592.61320922903690       -122.45628797208681       -2.2228064850840494E-002  -2.1773877662177598E-002   3.3921575321894633E-004   5624.0000000000000        0.0000000000000000        6.9957356076759059        7.0866198691007671        1.9912313669919971E-002  -6.8721681833267212E-002  -5.2073759705629011E-004  -3.8687729050903848E-002   0.0000000000000000       -4.3805830638873307               73          50
   500000.00000000000       -750.35677799591133        97.291318202849951        1.7259735112179604E-002   1.6920229252669557E-002  -4.4504304832924957E-004   5750.0000000000000        0.0000000000000000        7.1300639658848617        7.0866198691007671        1.9912313669919971E-002  -6.8721681833267212E-002   2.4191564217335496E-004  -3.9801230206472943E-002   0.0000000000000000       -5.5466198565472302               74          50
   480000.00000000000       -606.98852590877004        96.119490790134748        1.7070277066771240E-002   1.6733894636165519E-002  -4.7196267388478167E-004   5744.0000000000000        0.0000000000000000        7.1236673773987205        7.0866198691007671        1.9912313669919971E-002  -6.8721681833267212E-002   2.0657431431693810E-004  -3.9749617744784603E-002   0.0000000000000000       -4.4868450705462433               75          50
   980000.00000000000       -84.976353775003176       -1.9312949548117189       -3.3396660331734253E-004  -3.2767135303897503E-004   1.0760666943164803E-003   5894.0000000000000        0.0000000000000000        7.2835820895522385        7.0866198691007671        1.9912313669919971E-002  -6.8721681833267212E-002   1.0623741375362025E-003  -4.0999778553506672E-002   1.0000000000000000      -0.62814323133625793               76          50
   980000.00000000000        23.989942688242945        7.1665709799340167        1.2392697250299262E-003   1.2159095656487982E-003   1.0115643532419105E-003   5894.0000000000000        0.0000000000000000        7.2835820895522385        7.0866198691007671        1.9912313669919971E-002  -6.8721681833267212E-002   1.0623741375362025E-003  -4.0999778553506672E-002   1.0000000000000000       0.17733309856603097               77          50
   980000.00000000000        122.66677991691846        8.5060358154886124        1.4708948945974620E-003   1.4431686147758081E-003   1.0020677725822230E-003   5894.0000000000000        0.0000000000000000        7.2835820895522385        7.0866198691007671        1.9912313669919971E-002  -6.8721681833267212E-002   1.0623741375362025E-003  -4.0999778553506672E-002   1.0000000000000000       0.90674998504457616               78          50
   980000.00000000000        296.09485231487014       -6.4358260972360597       -1.1129066411528917E-003  -1.0919284182619715E-003   1.1080030633741980E-003   5894.0000000000000        0.0000000000000000        7.2835820895522385        7.0866198691007671        1.9912313669919971E-002  -6.8721681833267212E-002   1.0623741375362025E-003  -4.0999778553506672E-002   1.0000000000000000        2.1887262638680762               79          50
   980000.00000000000        68.008265012597619        10.962789994111471        1.8957258331219981E-003   1.8599915157976707E-003   9.8464979818003876E-004   5894.0000000000000        0.0000000000000000        7.2835820895522385        7.0866198691007671        1.9912313669919971E-002  -6.8721681833267212E-002   1.0623741375362025E-003  -4.0999778553506672E-002   1.0000000000000000       0.50271551372626588               80          50
   980000.00000000000       -122.39304915071972       -17.875861793119604       -3.0911595505102021E-003  -3.0328913798981345E-003   1.1891109945806780E-003   5894.0000000000000        0.0000000000000000        7.2835820895522385        7.0866198691007671        1.9912313669919971E-002  -6.8721681833267212E-002   1.0623741375362025E-003  -4.0999778553506672E-002   1.0000000000000000      -0.90472657358529551               81          50
   440000.00000000000       -587.25097786530512        89.488545554614845        1.5927083248588998E-002   1.5612097968355694E-002  -4.9583947645887461E-004   5732.0000000000000        0.0000000000000000        7.1108742004264389        7.0866198691007671        1.9912313669919971E-002  -6.8721681833267212E-002   1.3560532244453333E-004  -3.9645978428558062E-002   0.0000000000000000       -4.3409455743228165               82          50
   980000.00000000000       -187.46875282771197        15.923027134311617        2.7534682226176867E-003   2.7015655131170033E-003   9.4948255015475972E-004   5894.0000000000000        0.0000000000000000        7.2835820895522385        7.0866198691007671        1.9912313669919971E-002  -6.8721681833267212E-002   1.0623741375362025E-003  -4.0999778553506672E-002   1.0000000000000000       -1.3857646621031761               83          50
   380000.00000000000       -806.33094239944808       -83.812978139169417       -1.4965578381858847E-002  -1.4668004574583378E-002   6.1941367283538113E-004   5714.0000000000000        0.0000000000000000        7.0916844349680170        7.0866198691007671        1.9912313669919971E-002  -6.8721681833267212E-002   2.8430823388207738E-005  -3.9489476074212944E-002   0.0000000000000000       -5.9603795783738356               84          50
   980000.00000000000        289.86189464624437        1.6225025512636848        2.8056908892618168E-004   2.7528037856526717E-004   1.0508708670212699E-003   5894.0000000000000        0.0000000000000000        7.2835820895522385        7.0866198691007671        1.9912313669919971E-002  -6.8721681833267212E-002   1.0623741375362025E-003  -4.0999778553506672E-002   1.0000000000000000        2.1426523857028728               85          50
   420000.00000000000       -568.01218553705212        88.164176253746106        1.5708386495010631E-002   1.5397166652767396E-002  -5.2198010819500440E-004   5726.0000000000000        0.0000000000000000        7.1044776119402986        7.0866198691007671        1.9912313669919971E-002  -6.8721681833267212E-002   9.9976970534335075E-005  -3.9593950589825906E-002   0.0000000000000000       -4.1987328687497643               86          50
   120000.00000000000       -695.76659001318080       -123.78755348634473       -2.2420166374740164E-002  -2.1963724891118655E-002   4.2361454557549396E-004   5636.0000000000000        0.0000000000000000        7.0085287846481874        7.0866198691007671        1.9912313669919971E-002  -6.8721681833267212E-002  -4.4620981257123549E-004  -3.8796516654163775E-002   0.0000000000000000       -5.1430904562446598               87          50
   980000.00000000000        68.819373224679964       -7.1115986496176120       -1.2297637081543223E-003  -1.2065827366164934E-003   1.1127941772436690E-003   5894.0000000000000        0.0000000000000000        7.2835820895522385        7.0866198691007671        1.9912313669919971E-002  -6.8721681833267212E-002   1.0623741375362025E-003  -4.0999778553506672E-002   1.0000000000000000       0.50871120677106041               88          50
   980000.00000000000       -392.89243356650542        15.279181577138111        2.6421320886654493E-003   2.5923280585575348E-003   9.5404730699180499E-004   5894.0000000000000        5.0000000000000001E-003   7.2835820895522385        7.0866198691007671        1.9912313669919971E-002  -6.8721681833267212E-002   1.0623741375362025E-003  -4.0999778553506672E-002   1.0000000000000000       -2.9042517338585530               89          50
   20000.000000000000       -715.44196203884133       -145.35515504883097       -2.6472388595892547E-002  -2.5928497154625575E-002   3.8650838100849302E-004   5606.0000000000000        0.0000000000000000        6.9765458422174840        7.0866198691007671        1.9912313669919971E-002  -6.8721681833267212E-002  -6.3329895195579633E-004  -3.8523434682525115E-002   0.0000000000000000       -5.2885303487901192               90          50
   980000.00000000000        53.737897331171133        27.981213846607055        4.8386140717478184E-003   4.7474064890748310E-003   8.6399203208866078E-004   5894.0000000000000        0.0000000000000000        7.2835820895522385        7.0866198691007671        1.9912313669919971E-002  -6.8721681833267212E-002   1.0623741375362025E-003  -4.0999778553506672E-002   1.0000000000000000       0.39722928762268656               91          50
   480000.00000000000       -821.45041586515265        95.038785655420739        1.6878349956822969E-002   1.6545749591821160E-002  -4.6433364462947658E-004   5744.0000000000000        0.0000000000000000        7.1236673773987205        7.0866198691007671        1.9912313669919971E-002  -6.8721681833267212E-002   2.0657431431693810E-004  -3.9749617744784603E-002   0.0000000000000000       -6.0721423746924064               92          50
   980000.00000000000       -378.92566390174807       -20.502830652896520       -3.5454246356720169E-003  -3.4785935956729761E-003   1.2077357624769023E-003   5894.0000000000000        0.0000000000000000        7.2835820895522385        7.0866198691007671        1.9912313669919971E-002  -6.8721681833267212E-002   1.0623741375362025E-003  -4.0999778553506672E-002   1.0000000000000000       -2.8010096972352931               93          50
   980000.00000000000        347.29239239357088       -13.605944597818391       -2.3527898164578077E-003  -2.3084398706851700E-003   1.1588379989939182E-003   5894.0000000000000        0.0000000000000000        7.2835820895522385        7.0866198691007671        1.9912313669919971E-002  -6.8721681833267212E-002   1.0623741375362025E-003  -4.0999778553506672E-002   1.0000000000000000        2.5671772897458505               94          50
   980000.00000000000        209.21050241293349        2.9971376466722459        5.1827602875462652E-004   5.0850655695151782E-004   1.0411249351276720E-003   5894.0000000000000        0.0000000000000000        7.2835820895522385        7.0866198691007671        1.9912313669919971E-002  -6.8721681833267212E-002   1.0623741375362025E-003  -4.0999778553506672E-002   1.0000000000000000        1.5464791695239704               95          50
   20000.000000000000       -723.14334629816722       -145.22697267509585       -2.6449043750589190E-002  -2.5905631943470540E-002   3.8560905738527543E-004   5606.0000000000000        0.0000000000000000        6.9765458422174840        7.0866198691007671        1.9912313669919971E-002  -6.8721681833267212E-002  -6.3329895195579633E-004  -3.8523434682525115E-002   0.0000000000000000       -5.3454588021716782               96          50
   980000.00000000000        112.46189132953606        7.0996654427056409        1.2277001742704147E-003   1.2045581002215204E-003   1.0120387022610139E-003   5894.0000000000000        0.0000000000000000        7.2835820895522385        7.0866198691007671        1.9912313669919971E-002  -6.8721681833267212E-002   1.0623741375362025E-003  -4.0999778553506672E-002   1.0000000000000000       0.83131568587851212               97          50
   480000.00000000000       -624.23164503446446        96.334623245733155        1.7108483372203484E-002   1.6771348058101175E-002  -4.7348135992115385E-004   5744.0000000000000        0.0000000000000000        7.1236673773987205        7.0866198691007671        1.9912313669919971E-002  -6.8721681833267212E-002   2.0657431431693810E-004  -3.9749617744784603E-002   0.0000000000000000       -4.6143058062069899               98          50
   120000.00000000000       -704.93596234098618       -123.97027482378492       -2.2453260516035037E-002  -2.1996145284560845E-002   4.2489848297939579E-004   5636.0000000000000        0.0000000000000000        7.0085287846481874        7.0866198691007671        1.9912313669919971E-002  -6.8721681833267212E-002  -4.4620981257123549E-004  -3.8796516654163775E-002   0.0000000000000000       -5.2108702432965162               99          50
   180000.00000000000       -697.52764744039609       -113.55659989018616       -2.0499354850247134E-002  -2.0084294285494547E-002   4.6344572849865478E-004   5654.0000000000000        0.0000000000000000        7.0277185501066102        7.0866198691007671        1.9912313669919971E-002  -6.8721681833267212E-002  -3.3518035048723041E-004  -3.8958595761673799E-002   0.0000000000000000       -5.1561081518006340              100          50
