   15000.000000000000        1.5637177690875453E-317   10.000000000000000        1.8560399409321667E-003   1.8166954310109909E-003   3.3102398271363518E-322   5504.5000000000000        0.0000000000000000        6.8683368869936032        7.0866198691007671        1.9912313669919971E-002  -6.8721681833267212E-002  -1.2857807533150911E-003  -3.7571322907362856E-002   1.0000000000000000     
   30000.000000000000       -64.100834801884332        10.000000000000000        1.8544677964030904E-003   1.8152114721365039E-003  -1.3555146292648162E-003   5509.0000000000000        0.0000000000000000        6.8731343283582094        7.0866198691007671        1.9912313669919971E-002  -6.8721681833267212E-002  -1.2561985807257731E-003  -3.7614480468611856E-002   1.0000000000000000     
   45000.000000000000       -126.75068563623310        10.000000000000000        1.8528983386936777E-003   1.8137299356125872E-003  -1.3259534234332467E-003   5513.5000000000000        0.0000000000000000        6.8779317697228146        7.0866198691007671        1.9912313669919971E-002  -6.8721681833267212E-002  -1.2266782883247514E-003  -3.7657548624943978E-002   1.0000000000000000     
   60000.000000000000       -187.95491909210116        10.000000000000000        1.8513315608828552E-003   1.8122508155128669E-003  -1.2964538976111865E-003   5518.0000000000000        0.0000000000000000        6.8827292110874199        7.0866198691007671        1.9912313669919971E-002  -6.8721681833267212E-002  -1.1972197036437503E-003  -3.7700527622506474E-002   1.0000000000000000     
   75000.000000000000       -247.71888000531280        10.000000000000000        1.8497674560733700E-003   1.8107741059302852E-003  -1.2670158802932324E-003   5522.5000000000000        0.0000000000000000        6.8875266524520260        7.0866198691007671        1.9912313669919971E-002  -6.8721681833267212E-002  -1.1678226548149546E-003  -3.7743417706602320E-002   1.0000000000000000     
   90000.000000000000       -306.04789156055386        10.000000000000000        1.8482060173916853E-003   1.8092998009770218E-003  -1.2376392005696111E-003   5527.0000000000000        0.0000000000000000        6.8923240938166312        7.0866198691007671        1.9912313669919971E-002  -6.8721681833267212E-002  -1.1384869705684947E-003  -3.7786219121693665E-002   1.0000000000000000     
   105000.00000000000       -362.94725539291181        10.000000000000000        1.8466472379878806E-003   1.8078278947844166E-003  -1.2083236881236896E-003   5531.5000000000000        0.0000000000000000        6.8971215351812365        7.0866198691007671        1.9912313669919971E-002  -6.8721681833267212E-002  -1.1092124802299305E-003  -3.7828932111405283E-002   1.0000000000000000     
   120000.00000000000       -366.37113709870420       -9.9999694824218786       -1.8450854802643370E-003  -1.8063528689345879E-003  -1.1790691732294881E-003   5536.0000000000000        0.0000000000000000        6.9019189765458426        7.0866198691007671        1.9912313669919971E-002  -6.8721681833267212E-002  -1.0799990137177855E-003  -3.7871556918528025E-002   1.0000000000000000     
   135000.00000000000       -318.88519967290068       -9.9999694824218786       -1.8435320037013321E-003  -1.8048857472108795E-003  -1.0101227539324050E-003   5540.5000000000000        0.0000000000000000        6.9067164179104479        7.0866198691007671        1.9912313669919971E-002  -6.8721681833267212E-002  -1.0508464015411036E-003  -3.7914093785022127E-002   1.0000000000000000     
   150000.00000000000       -272.80944221315337       -9.9999694824218786       -1.8419811659990703E-003  -1.8034210067487608E-003  -9.8095055625708159E-004   5545.0000000000000        0.0000000000000000        6.9115138592750531        7.0866198691007671        1.9912313669919971E-002  -6.8721681833267212E-002  -1.0217544747969202E-003  -3.7956542952020784E-002   1.0000000000000000     
   165000.00000000000       -228.13863641537208       -9.9999694824218786       -1.8404329604011027E-003  -1.8019586417554515E-003  -9.5183923755286324E-004   5549.5000000000000        0.0000000000000000        6.9163113006396593        7.0866198691007671        1.9912313669919971E-002  -6.8721681833267212E-002  -9.9272306516788242E-004  -3.7998904659833382E-002   1.0000000000000000     
   180000.00000000000       -184.86757514228034       -9.9999694824218786       -1.8388873801740944E-003  -1.8004986464569461E-003  -9.2278862857278596E-004   5554.0000000000000        0.0000000000000000        6.9211087420042645        7.0866198691007671        1.9912313669919971E-002  -6.8721681833267212E-002  -9.6375200491979549E-004  -3.8041179147948925E-002   1.0000000000000000     
   195000.00000000000       -142.99107232428773       -9.9999694824218786       -1.8373444186077232E-003  -1.7990410150979363E-003  -8.9379856065769031E-004   5558.5000000000000        0.0000000000000000        6.9259061833688698        7.0866198691007671        1.9912313669919971E-002  -6.8721681833267212E-002  -9.3484112689917742E-004  -3.8083366655039398E-002   1.0000000000000000     
   210000.00000000000       -102.50396286089760       -9.9999694824218786       -1.8358040690145832E-003  -1.7975857419417361E-003  -8.6486886573374931E-004   5563.0000000000000        0.0000000000000000        6.9307036247334759        7.0866198691007671        1.9912313669919971E-002  -6.8721681833267212E-002  -9.0599026453087178E-004  -3.8125467418963048E-002   1.0000000000000000     
   225000.00000000000       -63.401102522644834       -9.9999694824218786       -1.8342663247300876E-003  -1.7961328212702072E-003  -8.3599937631005650E-004   5567.5000000000000        0.0000000000000000        6.9355010660980811        7.0866198691007671        1.9912313669919971E-002  -6.8721681833267212E-002  -8.7719925181565031E-004  -3.8167481676767735E-002   1.0000000000000000     
   240000.00000000000       -25.677367853561346       -9.9999694824218786       -1.8327311791123699E-003  -1.7946822473836825E-003  -8.0718992547620255E-004   5572.0000000000000        0.0000000000000000        6.9402985074626864        7.0866198691007671        1.9912313669919971E-002  -6.8721681833267212E-002  -8.4846792332780516E-004  -3.8209409664694265E-002   1.0000000000000000     
   255000.00000000000        10.672343925832804       -9.9999694824218786       -1.8311986255421864E-003  -1.7932340146008929E-003  -7.7844034689984244E-004   5576.5000000000000        0.0000000000000000        6.9450959488272925        7.0866198691007671        1.9912313669919971E-002  -6.8721681833267212E-002  -8.1979611421277923E-004  -3.8251251618179626E-002   1.0000000000000000     
   270000.00000000000        45.653115015017292       -9.9999694824218786       -1.8296686574228221E-003  -1.7917881172588924E-003  -7.4975047482430041E-004   5581.0000000000000        0.0000000000000000        6.9498933901918978        7.0866198691007671        1.9912313669919971E-002  -6.8721681833267212E-002  -7.9118366018483127E-004  -3.8293007771860232E-002   1.0000000000000000     
   285000.00000000000        79.270007129442476       -9.9999694824218786       -1.8281412681799935E-003  -1.7903445497129851E-003  -7.2112014406621003E-004   5585.5000000000000        0.0000000000000000        6.9546908315565030        7.0866198691007671        1.9912313669919971E-002  -6.8721681833267212E-002  -7.6263039752463152E-004  -3.8334678359575297E-002   1.0000000000000000     
   300000.00000000000        111.52806159598302       -9.9999694824218786       -1.8266164512617535E-003  -1.7889033063366508E-003  -6.9254919001308533E-004   5590.0000000000000        0.0000000000000000        6.9594882729211092        7.0866198691007671        1.9912313669919971E-002  -6.8721681833267212E-002  -7.3413616307695106E-004  -3.8376263614369958E-002   1.0000000000000000     
   315000.00000000000        142.43229944788089       -9.9999694824218786       -1.8250942001383959E-003  -1.7874643815214725E-003  -6.6403744862098511E-004   5594.5000000000000        0.0000000000000000        6.9642857142857144        7.0866198691007671        1.9912313669919971E-002  -6.8721681833267212E-002  -7.0570079424834078E-004  -3.8417763768498543E-002   1.0000000000000000     
   330000.00000000000        171.98772151918013       -9.9999694824218786       -1.8235745083023613E-003  -1.7860277696770635E-003  -6.3558475641216708E-004   5599.0000000000000        0.0000000000000000        6.9690831556503197        7.0866198691007671        1.9912313669919971E-002  -6.8721681833267212E-002  -6.7732412900477559E-004  -3.8459179053427779E-002   1.0000000000000000     
   345000.00000000000        200.19930853865418       -9.9999694824218786       -1.8220573692681445E-003  -1.7845934652309947E-003  -6.0719095047270853E-004   5603.5000000000000        0.0000000000000000        6.9738805970149258        7.0866198691007671        1.9912313669919971E-002  -6.8721681833267212E-002  -6.4900600586937848E-004  -3.8500509699840001E-002   1.0000000000000000     
   360000.00000000000        227.07202122323213       -9.9999694824218786       -1.8205427765721996E-003  -1.7831614626287230E-003  -5.7885586845020528E-004   5608.0000000000000        0.0000000000000000        6.9786780383795310        7.0866198691007671        1.9912313669919971E-002  -6.8721681833267212E-002  -6.2074626392011334E-004  -3.8541755937636306E-002   1.0000000000000000     
   375000.00000000000        252.61080037092484       -9.9999694824218786       -1.8190307237728465E-003  -1.7817317563335196E-003  -5.5057934855144090E-004   5612.5000000000000        0.0000000000000000        6.9834754797441363        7.0866198691007671        1.9912313669919971E-002  -6.8721681833267212E-002  -5.9254474278749858E-004  -3.8582917995939728E-002   1.0000000000000000     
   390000.00000000000        276.82056695325463       -9.9999694824218786       -1.8175212044501804E-003  -1.7803043408263983E-003  -5.2236122954007591E-004   5617.0000000000000        0.0000000000000000        6.9882729211087424        7.0866198691007671        1.9912313669919971E-002  -6.8721681833267212E-002  -5.6440128265231732E-004  -3.8623996103098385E-002   1.0000000000000000     
   405000.00000000000        299.70622220719071       -9.9999694824218786       -1.8160142122059782E-003  -1.7788792106060445E-003  -4.9420135073433491E-004   5621.5000000000000        0.0000000000000000        6.9930703624733477        7.0866198691007671        1.9912313669919971E-002  -6.8721681833267212E-002  -5.3631572424338997E-004  -3.8664990486688623E-002   1.0000000000000000     
   420000.00000000000        321.27264772659578       -9.9999694824218786       -1.8145097406636070E-003  -1.7774563601887449E-003  -4.6609955200475450E-004   5626.0000000000000        0.0000000000000000        6.9978678038379529        7.0866198691007671        1.9912313669919971E-002  -6.8721681833267212E-002  -5.0828790883527403E-004  -3.8705901373518106E-002   1.0000000000000000     
   435000.00000000000        341.52470555318297       -9.9999694824218786       -1.8130077834679344E-003  -1.7760357841083169E-003  -4.3805567377186054E-004   5630.5000000000000        0.0000000000000000        7.0026652452025591        7.0866198691007671        1.9912313669919971E-002  -6.8721681833267212E-002  -4.8031767824605748E-004  -3.8746728989629005E-002   1.0000000000000000     
   450000.00000000000        360.46723826698980       -9.9999694824218786       -1.8115083342852356E-003  -1.7746174769160388E-003  -4.1006955700393743E-004   5635.0000000000000        0.0000000000000000        7.0074626865671643        7.0866198691007671        1.9912313669919971E-002  -6.8721681833267212E-002  -4.5240487483511407E-004  -3.8787473560300927E-002   1.0000000000000000     
   465000.00000000000        378.10506907636994       -9.9999694824218786       -1.8100113868031061E-003  -1.7732014331805796E-003  -3.8214104321476072E-004   5639.5000000000000        0.0000000000000000        7.0122601279317696        7.0866198691007671        1.9912313669919971E-002  -6.8721681833267212E-002  -4.2454934150088636E-004  -3.8828135310054177E-002   1.0000000000000000     
   480000.00000000000        379.91376031029483        10.000000000000000        1.8085224539028967E-003   1.7717930545712260E-003  -3.5426997446135654E-004   5644.0000000000000        0.0000000000000000        7.0170575692963757        7.0866198691007671        1.9912313669919971E-002  -6.8721681833267212E-002  -3.9675092167865134E-004  -3.8868714462652720E-002   1.0000000000000000     
   495000.00000000000        358.39262435800350        10.000000000000000        1.8070304864163920E-003   1.7703815172169604E-003  -4.6704586453869906E-004   5648.5000000000000        0.0000000000000000        7.0218550106609809        7.0866198691007671        1.9912313669919971E-002  -6.8721681833267212E-002  -3.6900945933837290E-004  -3.8909211241107182E-002   1.0000000000000000     
   510000.00000000000        338.16578126372804        10.000000000000000        1.8055410018278347E-003   1.7689722271360339E-003  -4.3931959025346896E-004   5653.0000000000000        0.0000000000000000        7.0266524520255862        7.0866198691007671        1.9912313669919971E-002  -6.8721681833267212E-002  -3.4132479898245707E-004  -3.8949625867678014E-002   1.0000000000000000     
   525000.00000000000        319.22849369314730        10.000000000000000        1.8040539939091827E-003   1.7675651789659744E-003  -4.1164994549240376E-004   5657.5000000000000        0.0000000000000000        7.0314498933901923        7.0866198691007671        1.9912313669919971E-002  -6.8721681833267212E-002  -3.1369678564358711E-004  -3.8989958563878407E-002   1.0000000000000000     
   540000.00000000000        301.57604314235255        10.000000000000000        1.8025694564532682E-003   1.7661603673613563E-003  -3.8403677611310546E-004   5662.0000000000000        0.0000000000000000        7.0362473347547976        7.0866198691007671        1.9912313669919971E-002  -6.8721681833267212E-002  -2.8612526488260015E-004  -3.9030209550477347E-002   1.0000000000000000     
   555000.00000000000        285.20372985138090        10.000000000000000        1.8010873832737103E-003   1.7647577869937352E-003  -3.5647992849726127E-004   5666.5000000000000        0.0000000000000000        7.0410447761194028        7.0866198691007671        1.9912313669919971E-002  -6.8721681833267212E-002  -2.5861008278625641E-004  -3.9070379047502539E-002   1.0000000000000000     
   570000.00000000000        270.10687271820916        10.000000000000000        1.7996077682048296E-003   1.7633574325515782E-003  -3.2897924954843473E-004   5671.0000000000000        0.0000000000000000        7.0458422174840090        7.0866198691007671        1.9912313669919971E-002  -6.8721681833267212E-002  -2.3115108596514361E-004  -3.9110467274243499E-002   1.0000000000000000     
   585000.00000000000        256.28080921319906        10.000000000000000        1.7981306051015581E-003   1.7619592987401990E-003  -3.0153458668999298E-004   5675.5000000000000        0.0000000000000000        7.0506396588486142        7.0866198691007671        1.9912313669919971E-002  -6.8721681833267212E-002  -2.0374812155152244E-004  -3.9150474449254395E-002   1.0000000000000000     
   600000.00000000000        243.72089529399463        10.000000000000000        1.7966558878393572E-003   1.7605633802816902E-003  -2.7414578786297332E-004   5680.0000000000000        0.0000000000000000        7.0554371002132195        7.0866198691007671        1.9912313669919971E-002  -6.8721681833267212E-002  -1.7640103719719635E-004  -3.9190400790357086E-002   1.0000000000000000     
   615000.00000000000        232.42250532086817        10.000000000000000        1.7951836103141290E-003   1.7591696719148561E-003  -2.4681270152397564E-004   5684.5000000000000        0.0000000000000000        7.0602345415778256        7.0866198691007671        1.9912313669919971E-002  -6.8721681833267212E-002  -1.4910968107139863E-004  -3.9230246514644011E-002   1.0000000000000000     
   630000.00000000000        222.38103197251215        10.000000000000000        1.7937137664421315E-003   1.7577781683951485E-003  -2.1953517664307054E-004   5689.0000000000000        0.0000000000000000        7.0650319829424308        7.0866198691007671        1.9912313669919971E-002  -6.8721681833267212E-002  -1.2187390185868299E-004  -3.9270011838481098E-002   1.0000000000000000     
   645000.00000000000        213.59188616227416        10.000000000000000        1.7922463501598954E-003   1.7563888644945992E-003  -1.9231306270171201E-004   5693.5000000000000        0.0000000000000000        7.0698294243070361        7.0866198691007671        1.9912313669919971E-002  -6.8721681833267212E-002  -9.4693548756831503E-005  -3.9309696977510751E-002   1.0000000000000000     
   660000.00000000000        206.05049695483240        10.000000000000000        1.7907813554241361E-003   1.7550017550017551E-003  -1.6514620969066660E-004   5698.0000000000000        0.0000000000000000        7.0746268656716422        7.0866198691007671        1.9912313669919971E-002  -6.8721681833267212E-002  -6.7568471474745151E-005  -3.9349302146654629E-002   1.0000000000000000     
   675000.00000000000        199.75231148330988        10.000000000000000        1.7893187762116748E-003   1.7536168347216134E-003  -1.3803446810792518E-004   5702.5000000000000        0.0000000000000000        7.0794243070362475        7.0866198691007671        1.9912313669919971E-002  -6.8721681833267212E-002  -4.0498520230410756E-005  -3.9388827560116628E-002   1.0000000000000000     
   675750.00000000000        199.49913938204583        10.000000000000000        1.7892457105507715E-003   1.7535476460814785E-003  -1.1097768895669133E-004   5702.7250000000004        0.0000000000000000        7.0796641791044781        7.0866198691007671        1.9912313669919971E-002  -6.8721681833267212E-002  -3.9146467046908412E-005  -3.9390801741035569E-002   1.0000000000000000     
   676500.00000000000        199.24906042296553        10.000000000000000        1.7891726509129148E-003   1.7534784629007793E-003  -1.0962629009721217E-004   5702.9500000000007        0.0000000000000000        7.0799040511727087        7.0866198691007671        1.9912313669919971E-002  -6.8721681833267212E-002  -3.7794551286579603E-005  -3.9392775723125821E-002   1.0000000000000000     
   677250.00000000000        199.00207404092126        10.000000000000000        1.7890995972973567E-003   1.7534092851788693E-003  -1.0827502825394255E-004   5703.1750000000011        0.0000000000000000        7.0801439232409393        7.0866198691007671        1.9912313669919971E-002  -6.8721681833267212E-002  -3.6442772930803807E-005  -3.9394749506414015E-002   1.0000000000000000     
   678000.00000000000        198.75817967087704        10.000000000000000        1.7890265497033477E-003   1.7533401129151028E-003  -1.0692390340835936E-004   5703.4000000000015        0.0000000000000000        7.0803837953091699        7.0866198691007671        1.9912313669919971E-002  -6.8721681833267212E-002  -3.5091131960963973E-005  -3.9396723090926775E-002   1.0000000000000000     
   678750.00000000000        198.51737674790863        10.000000000000000        1.7889535081301393E-003   1.7532709461088338E-003  -1.0557291554194290E-004   5703.6250000000018        0.0000000000000000        7.0806236673774006        7.0866198691007671        1.9912313669919971E-002  -6.8721681833267212E-002  -3.3739628358436108E-005  -3.9398696476690739E-002   1.0000000000000000     
   679500.00000000000        198.27966470720352        10.000000000000000        1.7888804725769833E-003   1.7532017847594161E-003  -1.0422206463616657E-004   5703.8500000000022        0.0000000000000000        7.0808635394456312        7.0866198691007671        1.9912313669919971E-002  -6.8721681833267212E-002  -3.2388262104613569E-005  -3.9400669663732520E-002   1.0000000000000000     
   680250.00000000000        198.04504298406093        10.000000000000000        1.7888074430431309E-003   1.7531326288662045E-003  -1.0287135067252101E-004   5704.0750000000025        0.0000000000000000        7.0811034115138618        7.0866198691007671        1.9912313669919971E-002  -6.8721681833267212E-002  -3.1037033180879303E-005  -3.9402642652078740E-002   1.0000000000000000     
   681000.00000000000        197.81351101389168        10.000000000000000        1.7887344195278332E-003   1.7530634784285531E-003  -1.0152077363248649E-004   5704.3000000000029        0.0000000000000000        7.0813432835820924        7.0866198691007671        1.9912313669919971E-002  -6.8721681833267212E-002  -2.9685941568633606E-005  -3.9404615441755997E-002   1.0000000000000000     
   681750.00000000000        197.58506823221830        10.000000000000000        1.7886614020303430E-003   1.7529943334458162E-003  -1.0017033349756051E-004   5704.5250000000033        0.0000000000000000        7.0815831556503230        7.0866198691007671        1.9912313669919971E-002  -6.8721681833267212E-002  -2.8334987249269833E-005  -3.9406588032790908E-002   1.0000000000000000     
   682500.00000000000        197.35971407467491        10.000000000000000        1.7885883905499117E-003   1.7529251939173486E-003  -9.8820030249233761E-005   5704.7500000000036        0.0000000000000000        7.0818230277185537        7.0866198691007671        1.9912313669919971E-002  -6.8721681833267212E-002  -2.6984170204184810E-005  -3.9408560425210085E-002   1.0000000000000000     
   683250.00000000000        197.13744797700721        10.000000000000000        1.7885153850857906E-003   1.7528560598425046E-003  -9.7469863869000258E-005   5704.9750000000040        0.0000000000000000        7.0820628997867843        7.0866198691007671        1.9912313669919971E-002  -6.8721681833267212E-002  -2.5633490414778831E-005  -3.9410532619040109E-002   1.0000000000000000     
   684000.00000000000        196.91826937507250        10.000000000000000        1.7884423856372338E-003   1.7527869312206395E-003  -9.6119834338357469E-005   5705.2000000000044        0.0000000000000000        7.0823027718550149        7.0866198691007671        1.9912313669919971E-002  -6.8721681833267212E-002  -2.4282947862459131E-005  -3.9412504614307606E-002   1.0000000000000000     
   684750.00000000000        196.70217770483961        10.000000000000000        1.7883693922034914E-003   1.7527178080511078E-003  -9.4769941638809908E-005   5705.4250000000047        0.0000000000000000        7.0825426439232464        7.0866198691007671        1.9912313669919971E-002  -6.8721681833267212E-002  -2.2932542528632943E-005  -3.9414476411039137E-002   1.0000000000000000     
   685500.00000000000        196.48917240238890        10.000000000000000        1.7882964047838176E-003   1.7526486903332646E-003  -9.3420185751861860E-005   5705.6500000000051        0.0000000000000000        7.0827825159914770        7.0866198691007671        1.9912313669919971E-002  -6.8721681833267212E-002  -2.1582274394721379E-005  -3.9416448009261300E-002   1.0000000000000000     
   686250.00000000000        196.27925290391218        10.000000000000000        1.7882234233774635E-003   1.7525795780664649E-003  -9.2070566659031619E-005   5705.8750000000055        0.0000000000000000        7.0830223880597076        7.0866198691007671        1.9912313669919971E-002  -6.8721681833267212E-002  -2.0232143442128203E-005  -3.9418419409000663E-002   1.0000000000000000     
   687000.00000000000        196.07241864571276        10.000000000000000        1.7881504479836828E-003   1.7525104712500640E-003  -9.0721084341820028E-005   5706.1000000000058        0.0000000000000000        7.0832622601279382        7.0866198691007671        1.9912313669919971E-002  -6.8721681833267212E-002  -1.8882149652274527E-005  -3.9420390610283830E-002   1.0000000000000000     
   687750.00000000000        195.86866906420539        10.000000000000000        1.7880774786017274E-003   1.7524413698834168E-003  -8.9371738781745315E-005   5706.3250000000062        0.0000000000000000        7.0835021321961689        7.0866198691007671        1.9912313669919971E-002  -6.8721681833267212E-002  -1.7532293006588401E-005  -3.9422361613137342E-002   1.0000000000000000     
   688500.00000000000        195.66800359591622        10.000000000000000        1.7880045152308510E-003   1.7523722739658794E-003  -8.8022529960332541E-005   5706.5500000000065        0.0000000000000000        7.0837420042643995        7.0866198691007671        1.9912313669919971E-002  -6.8721681833267212E-002  -1.6182573486480528E-005  -3.9424332417587783E-002   1.0000000000000000     
   689250.00000000000        195.47042167748282        10.000000000000000        1.7879315578703064E-003   1.7523031834968065E-003  -8.6673457859089498E-005   5706.7750000000069        0.0000000000000000        7.0839818763326301        7.0866198691007671        1.9912313669919971E-002  -6.8721681833267212E-002  -1.4832991073389368E-005  -3.9426303023661735E-002   1.0000000000000000     
   690000.00000000000        195.27592274565407        10.000000000000000        1.7878586065193465E-003   1.7522340984755542E-003  -8.5324522459551667E-005   5707.0000000000073        0.0000000000000000        7.0842217484008607        7.0866198691007671        1.9912313669919971E-002  -6.8721681833267212E-002  -1.3483545748739501E-005  -3.9428273431385726E-002   1.0000000000000000     
   690750.00000000000        195.08450623729027        10.000000000000000        1.7877856611772252E-003   1.7521650189014778E-003  -8.3975723743240558E-005   5707.2250000000076        0.0000000000000000        7.0844616204690913        7.0866198691007671        1.9912313669919971E-002  -6.8721681833267212E-002  -1.2134237493969385E-005  -3.9430243640786344E-002   1.0000000000000000     
   691500.00000000000        194.89617158936295        10.000000000000000        1.7877127218431947E-003   1.7520959447739333E-003  -8.2627061691691679E-005   5707.4500000000080        0.0000000000000000        7.0847014925373220        7.0866198691007671        1.9912313669919971E-002  -6.8721681833267212E-002  -1.0785066290510542E-005  -3.9432213651890091E-002   1.0000000000000000     
   692250.00000000000        194.71091823895497        10.000000000000000        1.7876397885165101E-003   1.7520268760922767E-003  -8.1278536286433356E-005   5707.6750000000084        0.0000000000000000        7.0849413646055526        7.0866198691007671        1.9912313669919971E-002  -6.8721681833267212E-002  -9.4360321198048991E-006  -3.9434183464723563E-002   1.0000000000000000     
   693000.00000000000        194.52874562326048        10.000000000000000        1.7875668611964236E-003   1.7519578128558637E-003  -7.9930147509004593E-005   5707.9000000000087        0.0000000000000000        7.0851812366737832        7.0866198691007671        1.9912313669919971E-002  -6.8721681833267212E-002  -8.0871349633013234E-006  -3.9436153079313266E-002   1.0000000000000000     
   693750.00000000000        194.34965317958481        10.000000000000000        1.7874939398821899E-003   1.7518887550640506E-003  -7.8581895340951009E-005   5708.1250000000091        0.0000000000000000        7.0854211087420138        7.0866198691007671        1.9912313669919971E-002  -6.8721681833267212E-002  -6.7383748024382739E-006  -3.9438122495685748E-002   1.0000000000000000     
   694500.00000000000        194.17364034534452        10.000000000000000        1.7874210245730625E-003   1.7518197027161936E-003  -7.7233779763808018E-005   5708.3500000000095        0.0000000000000000        7.0856609808102444        7.0866198691007671        1.9912313669919971E-002  -6.8721681833267212E-002  -5.3897516186646177E-006  -3.9440091713867552E-002   1.0000000000000000     
   695250.00000000000        194.00070655806741        10.000000000000000        1.7873481152682954E-003   1.7517506558116487E-003  -7.5885800759121306E-005   5708.5750000000098        0.0000000000000000        7.0859008528784750        7.0866198691007671        1.9912313669919971E-002  -6.8721681833267212E-002  -4.0412653934361609E-006  -3.9442060733885211E-002   1.0000000000000000     
   696000.00000000000        193.83085125539236        10.000000000000000        1.7872752119671431E-003   1.7516816143497726E-003  -7.4537958308443526E-005   5708.8000000000102        0.0000000000000000        7.0861407249467057        7.0866198691007671        1.9912313669919971E-002  -6.8721681833267212E-002  -2.6929161082087094E-006  -3.9444029555765224E-002   1.0000000000000000     
   696750.00000000000        193.66407387506945        10.000000000000000        1.7872023146688599E-003   1.7516125783299218E-003  -7.3190252393327262E-005   5709.0250000000106        0.0000000000000000        7.0863805970149363        7.0866198691007671        1.9912313669919971E-002  -6.8721681833267212E-002  -1.3447037444450083E-006  -3.9445998179534134E-002   1.0000000000000000     
   697500.00000000000        193.50037385495983        10.000000000000000        1.7871294233726992E-003   1.7515435477514526E-003  -7.1842682995332038E-005   5709.2500000000109        0.0000000000000000        7.0866204690831669        7.0866198691007671        1.9912313669919971E-002  -6.8721681833267212E-002   3.3717164026059177E-009  -3.9447966605218432E-002   1.0000000000000000     
   698250.00000000000        193.33975063303575        10.000000000000000        1.7870565380779168E-003   1.7514745226137219E-003  -7.0495250096006901E-005   5709.4750000000113        0.0000000000000000        7.0868603411513975        7.0866198691007671        1.9912313669919971E-002  -6.8721681833267212E-002   1.3513102928609799E-006  -3.9449934832844660E-002   1.0000000000000000     
   699000.00000000000        193.18220364738053        10.000000000000000        1.7869836587837667E-003   1.7514055029160865E-003  -6.9147953676921824E-005   5709.7000000000116        0.0000000000000000        7.0871002132196290        7.0866198691007671        1.9912313669919971E-002  -6.8721681833267212E-002   2.6991120034708382E-006  -3.9451902862439304E-002   1.0000000000000000     
   699750.00000000000        193.02773233618854        10.000000000000000        1.7869107854895042E-003   1.7513364886579035E-003  -6.7800793719632711E-005   5709.9250000000120        0.0000000000000000        7.0873400852878596        7.0866198691007671        1.9912313669919971E-002  -6.8721681833267212E-002   4.0467768667486193E-006  -3.9453870694028857E-002   1.0000000000000000     
   700500.00000000000        192.87633613776507        10.000000000000000        1.7868379181943830E-003   1.7512674798385293E-003  -6.6453770205719822E-005   5710.1500000000124        0.0000000000000000        7.0875799573560903        7.0866198691007671        1.9912313669919971E-002  -6.8721681833267212E-002   5.3943049012281086E-006  -3.9455838327639832E-002   1.0000000000000000     
   701250.00000000000        192.72801449052650        10.000000000000000        1.7867650568976592E-003   1.7511984764573215E-003  -6.5106883116746001E-005   5710.3750000000127        0.0000000000000000        7.0878198294243209        7.0866198691007671        1.9912313669919971E-002  -6.8721681833267212E-002   6.7416961254292140E-006  -3.9457805763298728E-002   1.0000000000000000     
   702000.00000000000        192.58276683300014        10.000000000000000        1.7866922015985875E-003   1.7511294785136373E-003  -6.3760132434288023E-005   5710.6000000000131        0.0000000000000000        7.0880597014925515        7.0866198691007671        1.9912313669919971E-002  -6.8721681833267212E-002   8.0889505578683740E-006  -3.9459773001032011E-002   1.0000000000000000     
   702750.00000000000        192.44059260382417        10.000000000000000        1.7866193522964233E-003   1.7510604860068338E-003  -6.2413518139926012E-005   5710.8250000000135        0.0000000000000000        7.0882995735607821        7.0866198691007671        1.9912313669919971E-002  -6.8721681833267212E-002   9.4360682170689658E-006  -3.9461740040866181E-002   1.0000000000000000     
   703500.00000000000        192.30149124174778        10.000000000000000        1.7865465089904220E-003   1.7509914989362685E-003  -6.1067040215233206E-005   5711.0500000000138        0.0000000000000000        7.0885394456290127        7.0866198691007671        1.9912313669919971E-002  -6.8721681833267212E-002   1.0783049121537019E-005  -3.9463706882827708E-002   1.0000000000000000     
   704250.00000000000        192.16546218563096        10.000000000000000        1.7864736716798391E-003   1.7509225173012988E-003  -5.9720698641800110E-005   5711.2750000000142        0.0000000000000000        7.0887793176972433        7.0866198691007671        1.9912313669919971E-002  -6.8721681833267212E-002   1.2129893289788973E-005  -3.9465673526943086E-002   1.0000000000000000     
   705000.00000000000        192.03250487444458        10.000000000000000        1.7864008403639298E-003   1.7508535411012824E-003  -5.8374493401206875E-005   5711.5000000000146        0.0000000000000000        7.0890191897654740        7.0866198691007671        1.9912313669919971E-002  -6.8721681833267212E-002   1.3476600740323919E-005  -3.9467639973238759E-002   1.0000000000000000     
   705750.00000000000        191.90261874727040        10.000000000000000        1.7863280150419505E-003   1.7507845703355770E-003  -5.7028424475050822E-005   5711.7250000000149        0.0000000000000000        7.0892590618337046        7.0866198691007671        1.9912313669919971E-002  -6.8721681833267212E-002   1.4823171491654824E-005  -3.9469606221741220E-002   1.0000000000000000     
   706500.00000000000        191.77580324330089        10.000000000000000        1.7862551957131567E-003   1.7507156050035404E-003  -5.5682491844915585E-005   5711.9500000000153        0.0000000000000000        7.0894989339019352        7.0866198691007671        1.9912313669919971E-002  -6.8721681833267212E-002   1.6169605562270373E-005  -3.9471572272476906E-002   1.0000000000000000     
   707250.00000000000        191.65205780183936        10.000000000000000        1.7861823823768050E-003   1.7506466451045308E-003  -5.4336695492408866E-005   5712.1750000000156        0.0000000000000000        7.0897388059701658        7.0866198691007671        1.9912313669919971E-002  -6.8721681833267212E-002   1.7515902970676595E-005  -3.9473538125472295E-002   1.0000000000000000     
   708000.00000000000        191.53138186229990        10.000000000000000        1.7861095750321507E-003   1.7505776906379057E-003  -5.2991035399121156E-005   5712.4000000000160        0.0000000000000000        7.0899786780383964        7.0866198691007671        1.9912313669919971E-002  -6.8721681833267212E-002   1.8862063735369111E-005  -3.9475503780753839E-002   1.0000000000000000     
   708750.00000000000        191.41377486420726        10.000000000000000        1.7860367736784503E-003   1.7505087416030234E-003  -5.1645511546653193E-005   5712.6250000000164        0.0000000000000000        7.0902185501066270        7.0866198691007671        1.9912313669919971E-002  -6.8721681833267212E-002   2.0208087874829667E-005  -3.9477469238347968E-002   1.0000000000000000     
   709500.00000000000        191.29923624719694        10.000000000000000        1.7859639783149603E-003   1.7504397979992421E-003  -5.0300123916619603E-005   5712.8500000000167        0.0000000000000000        7.0904584221748577        7.0866198691007671        1.9912313669919971E-002  -6.8721681833267212E-002   2.1553975407553883E-005  -3.9479434498281146E-002   1.0000000000000000     
   710250.00000000000        191.18776545101511        10.000000000000000        1.7858911889409373E-003   1.7503708598259203E-003  -4.8954872490621207E-005   5713.0750000000171        0.0000000000000000        7.0906982942430883        7.0866198691007671        1.9912313669919971E-002  -6.8721681833267212E-002   2.2899726352026972E-005  -3.9481399560579798E-002   1.0000000000000000     
   711000.00000000000        191.07936191551860        10.000000000000000        1.7858184055556375E-003   1.7503019270824164E-003  -4.7609757250269079E-005   5713.3000000000175        0.0000000000000000        7.0909381663113189        7.0866198691007671        1.9912313669919971E-002  -6.8721681833267212E-002   2.4245340726727210E-005  -3.9483364425270367E-002   1.0000000000000000     
   711750.00000000000        190.97402508067489        10.000000000000000        1.7857456281583184E-003   1.7502329997680886E-003  -4.6264778177181293E-005   5713.5250000000178        0.0000000000000000        7.0911780383795495        7.0866198691007671        1.9912313669919971E-002  -6.8721681833267212E-002   2.5590818550132871E-005  -3.9485329092379291E-002   1.0000000000000000     
   712500.00000000000        190.87175438656203        10.000000000000000        1.7856728567482362E-003   1.7501640778822959E-003  -4.4919935252975903E-005   5713.7500000000182        0.0000000000000000        7.0914179104477810        7.0866198691007671        1.9912313669919971E-002  -6.8721681833267212E-002   2.6936159840729168E-005  -3.9487293561933007E-002   1.0000000000000000     
   713250.00000000000        190.77254927336867        10.000000000000000        1.7856000913246480E-003   1.7500951614243968E-003  -4.3575228459263987E-005   5713.9750000000186        0.0000000000000000        7.0916577825160116        7.0866198691007671        1.9912313669919971E-002  -6.8721681833267212E-002   2.8281364616970089E-005  -3.9489257833957889E-002   1.0000000000000000     
   714000.00000000000        190.67640918139401        10.000000000000000        1.7855273318868106E-003   1.7500262503937500E-003  -4.2230657777687686E-005   5714.2000000000189        0.0000000000000000        7.0918976545842423        7.0866198691007671        1.9912313669919971E-002  -6.8721681833267212E-002   2.9626432897337379E-005  -3.9491221908480402E-002   1.0000000000000000     
   714750.00000000000        190.58333355104776        10.000000000000000        1.7854545784339827E-003   1.7499573447897149E-003  -4.0886223189861599E-005   5714.4250000000193        0.0000000000000000        7.0921375266524729        7.0866198691007671        1.9912313669919971E-002  -6.8721681833267212E-002   3.0971364700295434E-005  -3.9493185785526942E-002   1.0000000000000000     
   715500.00000000000        190.49332182285016        10.000000000000000        1.7853818309654197E-003   1.7498884446116500E-003  -3.9541924677417528E-005   5714.6500000000196        0.0000000000000000        7.0923773987207035        7.0866198691007671        1.9912313669919971E-002  -6.8721681833267212E-002   3.2316160044305181E-005  -3.9495149465123905E-002   1.0000000000000000     
   716250.00000000000        190.40637343743194        10.000000000000000        1.7853090894803803E-003   1.7498195498589146E-003  -3.8197762221990657E-005   5714.8750000000200        0.0000000000000000        7.0926172707889341        7.0866198691007671        1.9912313669919971E-002  -6.8721681833267212E-002   3.3660818947827548E-005  -3.9497112947297734E-002   1.0000000000000000     
   717000.00000000000        190.32248783553422        10.000000000000000        1.7852363539781217E-003   1.7497506605308681E-003  -3.6853735805216311E-005   5715.1000000000204        0.0000000000000000        7.0928571428571647        7.0866198691007671        1.9912313669919971E-002  -6.8721681833267212E-002   3.5005341429319992E-005  -3.9499076232074791E-002   1.0000000000000000     
   717750.00000000000        190.24166445800864        10.000000000000000        1.7851636244579020E-003   1.7496817766268697E-003  -3.5509845408733092E-005   5715.3250000000207        0.0000000000000000        7.0930970149253953        7.0866198691007671        1.9912313669919971E-002  -6.8721681833267212E-002   3.6349727507233032E-005  -3.9501039319481498E-002   1.0000000000000000     
   718500.00000000000        190.16390274581715        10.000000000000000        1.7850909009189786E-003   1.7496128981462787E-003  -3.4166091014186664E-005   5715.5500000000211        0.0000000000000000        7.0933368869936260        7.0866198691007671        1.9912313669919971E-002  -6.8721681833267212E-002   3.7693977200020656E-005  -3.9503002209544225E-002   1.0000000000000000     
   719250.00000000000        190.08920214003217        10.000000000000000        1.7850181833606092E-003   1.7495440250884548E-003  -3.2822472603219043E-005   5715.7750000000215        0.0000000000000000        7.0935767590618566        7.0866198691007671        1.9912313669919971E-002  -6.8721681833267212E-002   3.9038090526129915E-005  -3.9504964902289365E-002   1.0000000000000000     
   720000.00000000000        190.01756208183639        10.000000000000000        1.7849454717820525E-003   1.7494751574527575E-003  -3.1478990157479268E-005   5716.0000000000218        0.0000000000000000        7.0938166311300872        7.0866198691007671        1.9912313669919971E-002  -6.8721681833267212E-002   4.0382067504004387E-005  -3.9506927397743315E-002   1.0000000000000000     
   720750.00000000000        189.94898201252289        10.000000000000000        1.7848727661825669E-003   1.7494062952385467E-003  -3.0135643658619847E-005   5716.2250000000222        0.0000000000000000        7.0940565031983178        7.0866198691007671        1.9912313669919971E-002  -6.8721681833267212E-002   4.1725908152084185E-005  -3.9508889695932442E-002   1.0000000000000000     
   721500.00000000000        189.88346137349501        10.000000000000000        1.7848000665614098E-003   1.7493374384451820E-003  -2.8792433088296662E-005   5716.4500000000226        0.0000000000000000        7.0942963752665484        7.0866198691007671        1.9912313669919971E-002  -6.8721681833267212E-002   4.3069612488809417E-005  -3.9510851796883115E-002   1.0000000000000000     
   722250.00000000000        189.82099960626638        10.000000000000000        1.7847273729178410E-003   1.7492685870720236E-003  -2.7449358428165567E-005   5716.6750000000229        0.0000000000000000        7.0945362473347791        7.0866198691007671        1.9912313669919971E-002  -6.8721681833267212E-002   4.4413180532613256E-005  -3.9512813700621714E-002   1.0000000000000000     
   723000.00000000000        189.76159615246092        10.000000000000000        1.7846546852511181E-003   1.7491997411184313E-003  -2.6106419659889410E-005   5716.9000000000233        0.0000000000000000        7.0947761194030097        7.0866198691007671        1.9912313669919971E-002  -6.8721681833267212E-002   4.5756612301925403E-005  -3.9514775407174595E-002   1.0000000000000000     
   723750.00000000000        189.70525045381271        10.000000000000000        1.7845820035605000E-003   1.7491309005837651E-003  -2.4763616765134401E-005   5717.1250000000236        0.0000000000000000        7.0950159914712403        7.0866198691007671        1.9912313669919971E-002  -6.8721681833267212E-002   4.7099907815182501E-005  -3.9516736916568131E-002   1.0000000000000000     
   724500.00000000000        189.65196195216609        10.000000000000000        1.7845093278452456E-003   1.7490620654673859E-003  -2.3420949725559836E-005   5717.3500000000240        0.0000000000000000        7.0952558635394709        7.0866198691007671        1.9912313669919971E-002  -6.8721681833267212E-002   4.8443067090800374E-005  -3.9518698228828669E-002   1.0000000000000000     
   725250.00000000000        189.60173008947552        10.000000000000000        1.7844366581046135E-003   1.7489932357686532E-003  -2.2078418522845775E-005   5717.5750000000244        0.0000000000000000        7.0954957356077015        7.0866198691007671        1.9912313669919971E-002  -6.8721681833267212E-002   4.9786090147205253E-005  -3.9520659343982557E-002   1.0000000000000000     
   726000.00000000000        189.55455430780569        10.000000000000000        1.7843639943378637E-003   1.7489244114869279E-003  -2.0736023138661844E-005   5717.8000000000247        0.0000000000000000        7.0957356076759321        7.0866198691007671        1.9912313669919971E-002  -6.8721681833267212E-002   5.1128977002816434E-005  -3.9522620262056142E-002   1.0000000000000000     
   726750.00000000000        189.51043404933134        10.000000000000000        1.7842913365442544E-003   1.7488555926215706E-003  -1.9393763554684658E-005   5718.0250000000251        0.0000000000000000        7.0959754797441636        7.0866198691007671        1.9912313669919971E-002  -6.8721681833267212E-002   5.2471727676056679E-005  -3.9524580983075784E-002   1.0000000000000000     
   727500.00000000000        189.46936875633736        10.000000000000000        1.7842186847230458E-003   1.7487867791719416E-003  -1.8051639752587230E-005   5718.2500000000255        0.0000000000000000        7.0962153518123943        7.0866198691007671        1.9912313669919971E-002  -6.8721681833267212E-002   5.3814342185327935E-005  -3.9526541507067810E-002   1.0000000000000000     
   742500.00000000000        188.70973869910424        10.000000000000000        1.7827669013633842E-003   1.7474116464986161E-003  -1.6709651714063472E-005   5722.7500000000255        0.0000000000000000        7.1010127931769995        7.0866198691007671        1.9912313669919971E-002  -6.8721681833267212E-002   8.0638066266874864E-005  -3.9565710651631870E-002   1.0000000000000000     
   757500.00000000000        189.16859092053764        10.000000000000000        1.7813175007551519E-003   1.7460386747566380E-003   1.0101626888224874E-005   5727.2500000000255        0.0000000000000000        7.1058102345416048        7.0866198691007671        1.9912313669919971E-002  -6.8721681833267212E-002   1.0740747910431905E-004  -3.9604801205932093E-002   1.0000000000000000     
   772500.00000000000        190.84148800811121        10.000000000000000        1.7798704770038169E-003   1.7446678588563624E-003   3.6858753602263470E-005   5731.7500000000255        0.0000000000000000        7.1106076759062109        7.0866198691007671        1.9912313669919971E-002  -6.8721681833267212E-002   1.3412272722077706E-004  -3.9643813379575954E-002   1.0000000000000000     
   787500.00000000000        193.72401000979323        10.000000000000000        1.7784258242343341E-003   1.7432991937241151E-003   6.3561874190620903E-005   5736.2500000000255        0.0000000000000000        7.1154051172708161        7.0866198691007671        1.9912313669919971E-002  -6.8721681833267212E-002   1.6078395664556600E-004  -3.9682747381474252E-002   1.0000000000000000     
   802500.00000000000        197.81175435477817        10.000000000000000        1.7769835365910630E-003   1.7419326743021305E-003   9.0211133925784790E-005   5740.7500000000255        0.0000000000000000        7.1202025586354214        7.0866198691007671        1.9912313669919971E-002  -6.8721681833267212E-002   1.8739131291622274E-004  -3.9721603419843980E-002   1.0000000000000000     
   817500.00000000000        203.10033577463332        10.000000000000000        1.7755436082376890E-003   1.7405682955484890E-003   1.1680667759216072E-004   5745.2500000000255        0.0000000000000000        7.1250000000000275        7.0866198691007671        1.9912313669919971E-002  -6.8721681833267212E-002   2.1394494108047807E-004  -3.9760381702211030E-002   1.0000000000000000     
   832500.00000000000        209.58538622485614        10.000000000000000        1.7741060333571418E-003   1.7392060524370548E-003   1.4334864948802652E-004   5749.7500000000255        0.0000000000000000        7.1297974413646328        7.0866198691007671        1.9912313669919971E-002  -6.8721681833267212E-002   2.4044498569823075E-004  -3.9799082435412934E-002   1.0000000000000000     
   847500.00000000000        217.26255480684028        10.000000000000000        1.7726708061515184E-003   1.7378459399574151E-003   1.6983719342748642E-004   5754.2500000000255        0.0000000000000000        7.1345948827292380        7.0866198691007671        1.9912313669919971E-002  -6.8721681833267212E-002   2.6689159084352168E-004  -3.9837705825601616E-002   1.0000000000000000     
   862500.00000000000        226.12750769024865        10.000000000000000        1.7712379208420013E-003   1.7364879531148176E-003   1.9627245274242541E-004   5758.7500000000255        0.0000000000000000        7.1393923240938442        7.0866198691007671        1.9912313669919971E-002  -6.8721681833267212E-002   2.9328490010648717E-004  -3.9876252078246077E-002   1.0000000000000000     
   877500.00000000000        236.17592803579004        10.000000000000000        1.7698073716687830E-003   1.7351320869301099E-003   2.2265457028444307E-004   5763.2500000000255        0.0000000000000000        7.1441897654584494        7.0866198691007671        1.9912313669919971E-002  -6.8721681833267212E-002   3.1962505659530530E-004  -3.9914721398135150E-002   1.0000000000000000     
   892500.00000000000        247.40351591839749        10.000000000000000        1.7683791528909849E-003   1.7337783364396785E-003   2.4898368842677998E-004   5767.7500000000255        0.0000000000000000        7.1489872068230547        7.0866198691007671        1.9912313669919971E-002  -6.8721681833267212E-002   3.4591220293814923E-004  -3.9953113989380167E-002   1.0000000000000000     
   907500.00000000000        259.80598825080659        10.000000000000000        1.7669532587865815E-003   1.7324266966953885E-003   2.7525994906625216E-004   5772.2500000000255        0.0000000000000000        7.1537846481876608        7.0866198691007671        1.9912313669919971E-002  -6.8721681833267212E-002   3.7214648128510927E-004  -3.9991430055417596E-002   1.0000000000000000     
   922500.00000000000        273.37907870753014        10.000000000000000        1.7655296836523225E-003   1.7310771627645227E-003   3.0148349362515352E-004   5776.7500000000255        0.0000000000000000        7.1585820895522660        7.0866198691007671        1.9912313669919971E-002  -6.8721681833267212E-002   3.9832803331009414E-004  -4.0029669799011798E-002   1.0000000000000000     
   937500.00000000000        288.11853764922682        10.000000000000000        1.7641084218036551E-003   1.7297297297297221E-003   3.2765446305313791E-004   5781.2500000000255        0.0000000000000000        7.1633795309168713        7.0866198691007671        1.9912313669919971E-002  -6.8721681833267212E-002   4.2445700021279120E-004  -4.0067833422257615E-002   1.0000000000000000     
   952500.00000000000        304.02013204746396        10.000000000000000        1.7626894675746485E-003   1.7283843926889264E-003   3.5377299782916058E-004   5785.7500000000255        0.0000000000000000        7.1681769722814774        7.0866198691007671        1.9912313669919971E-002  -6.8721681833267212E-002   4.5053352272053301E-004  -4.0105921126583087E-002   1.0000000000000000     
   967500.00000000000        321.07964540986887        10.000000000000000        1.7612728153179155E-003   1.7270411467553138E-003   3.7983923796332546E-004   5790.2500000000255        0.0000000000000000        7.1729744136460827        7.0866198691007671        1.9912313669919971E-002  -6.8721681833267212E-002   4.7655774109019167E-004  -4.0143933112751919E-002   1.0000000000000000     
   982500.00000000000        339.29287770566759        10.000000000000000        1.7598584594045407E-003   1.7256999870572426E-003   4.0585332299876100E-004   5794.7500000000255        0.0000000000000000        7.1777718550106879        7.0866198691007671        1.9912313669919971E-002  -6.8721681833267212E-002   5.0252979511008350E-004  -4.0181869580866357E-002   1.0000000000000000     
   997500.00000000000        358.65564529161020        10.000000000000000        1.7584463942239990E-003   1.7243609087381913E-003   4.3181539201350586E-004   5799.2500000000255        0.0000000000000000        7.1825692963752941        7.0866198691007671        1.9912313669919971E-002  -6.8721681833267212E-002   5.2844982410184954E-004  -4.0219730730369586E-002   1.0000000000000000     
   1012500.0000000000        379.16378083827897        10.000000000000000        1.7570366141840864E-003   1.7230239069567015E-003   4.5772558362237100E-004   5803.7500000000255        0.0000000000000000        7.1873667377398993        7.0866198691007671        1.9912313669919971E-002  -6.8721681833267212E-002   5.5431796692228391E-004  -4.0257516760048365E-002   1.0000000000000000     
   1027500.0000000000        374.96004389126227       -9.9999694824218786       -1.7556237559559788E-003  -1.7216837227085327E-003   4.8358403597874940E-004   5808.2500000000255        0.0000000000000000        7.1921641791045046        7.0866198691007671        1.9912313669919971E-002  -6.8721681833267212E-002   5.8013436196524548E-004  -4.0295227868035723E-002   1.0000000000000000     
   1042500.0000000000        345.84461343699627       -9.9999694824218786       -1.7542185337820198E-003  -1.7203508636053219E-003   6.5087762126202838E-004   5812.7500000000255        0.0000000000000000        7.1969616204691107        7.0866198691007671        1.9912313669919971E-002  -6.8721681833267212E-002   6.0589914716348975E-004  -4.0332864251813365E-002   1.0000000000000000     
   1057500.0000000000        315.60044486480916       -9.9999694824218786       -1.7528155800743163E-003  -1.7190200665987941E-003   6.7665180515453507E-004   5817.2500000000255        0.0000000000000000        7.2017590618337159        7.0866198691007671        1.9912313669919971E-002  -6.8721681833267212E-002   6.3161245999047988E-004  -4.0370426108214383E-002   1.0000000000000000     
   1072500.0000000000        284.23164708031675       -9.9999694824218786       -1.7514148893132094E-003  -1.7176913269071731E-003   7.0237437184719699E-004   5821.7500000000255        0.0000000000000000        7.2065565031983212        7.0866198691007671        1.9912313669919971E-002  -6.8721681833267212E-002   6.5727443746226716E-004  -4.0407913633425704E-002   1.0000000000000000     
   1087500.0000000000        251.74231296218809       -9.9999694824218786       -1.7500164559969885E-003  -1.7163646397634559E-003   7.2804545904593112E-004   5826.2500000000255        0.0000000000000000        7.2113539445629273        7.0866198691007671        1.9912313669919971E-002  -6.8721681833267212E-002   6.8288521613929856E-004  -4.0445327022990696E-002   1.0000000000000000     
   1102500.0000000000        218.13651943412532       -9.9999694824218786       -1.7486202746418186E-003  -1.7150400004153556E-003   7.5366520399771199E-004   5830.7500000000255        0.0000000000000000        7.2161513859275326        7.0866198691007671        1.9912313669919971E-002  -6.8721681833267212E-002   7.0844493212821741E-004  -4.0482666471811625E-002   1.0000000000000000     
   1117500.0000000000        183.41832753647270       -9.9999694824218786       -1.7472263397816656E-003  -1.7137174041252448E-003   7.7923374349238978E-004   5835.2500000000255        0.0000000000000000        7.2209488272921378        7.0866198691007671        1.9912313669919971E-002  -6.8721681833267212E-002   7.3395372108369869E-004  -4.0519932174152236E-002   1.0000000000000000     
   1132500.0000000000        147.59178249745520       -9.9999694824218786       -1.7458346459682263E-003  -1.7123968461700990E-003   8.0475121386454406E-004   5839.7500000000255        0.0000000000000000        7.2257462686567440        7.0866198691007671        1.9912313669919971E-002  -6.8721681833267212E-002   7.5941171821023584E-004  -4.0557124323640177E-002   1.0000000000000000     
   1147500.0000000000        110.66091380405055       -9.9999694824218786       -1.7444451877708564E-003  -1.7110783218414398E-003   8.3021775099528751E-004   5844.2500000000255        0.0000000000000000        7.2305437100213492        7.0866198691007671        1.9912313669919971E-002  -6.8721681833267212E-002   7.8481905826391710E-004  -4.0594243113269597E-002   1.0000000000000000     
   1162500.0000000000        72.629735272497186       -9.9999694824218786       -1.7430579597764971E-003  -1.7097618264452807E-003   8.5563349031406047E-004   5848.7500000000255        0.0000000000000000        7.2353411513859545        7.0866198691007671        1.9912313669919971E-002  -6.8721681833267212E-002   8.1017587555423654E-004  -4.0631288735403517E-002   1.0000000000000000     
   1177500.0000000000        33.502245118437884       -9.9999694824218786       -1.7416729565896065E-003  -1.7084473553020689E-003   8.8099856680045881E-004   5853.2500000000255        0.0000000000000000        7.2401385927505606        7.0866198691007671        1.9912313669919971E-002  -6.8721681833267212E-002   8.3548230394586351E-004  -4.0668261381776399E-002   1.0000000000000000     
   1192500.0000000000       -6.7175739732968154       -9.9999694824218786       -1.7402901728320855E-003  -1.7071349037466323E-003   9.0631311498602088E-004   5857.7500000000255        0.0000000000000000        7.2449360341151658        7.0866198691007671        1.9912313669919971E-002  -6.8721681833267212E-002   8.6073847686038429E-004  -4.0705161243496497E-002   1.0000000000000000     
   1207500.0000000000       -48.025754779262812       -9.9999694824218786       -1.7389096031432099E-003  -1.7058244671281223E-003   9.3157726895598666E-004   5862.2500000000255        0.0000000000000000        7.2497334754797711        7.0866198691007671        1.9912313669919971E-002  -6.8721681833267212E-002   8.8594452727809581E-004  -4.0741988511048398E-002   1.0000000000000000     
   1222500.0000000000       -90.418345468334635       -9.9999694824218786       -1.7375312421795595E-003  -1.7045160408099603E-003   9.5679116235110816E-004   5866.7500000000255        0.0000000000000000        7.2545309168443772        7.0866198691007671        1.9912313669919971E-002  -6.8721681833267212E-002   9.1110058773972991E-004  -4.0778743374295427E-002   1.0000000000000000     
   1237500.0000000000       -133.89140953299088       -9.9999694824218786       -1.7361550846149477E-003  -1.7032096201697825E-003   9.8195492836939085E-004   5871.2500000000255        0.0000000000000000        7.2593283582089825        7.0866198691007671        1.9912313669919971E-002  -6.8721681833267212E-002   9.3620679034820894E-004  -4.0815426022481990E-002   1.0000000000000000     
   1252500.0000000000       -178.44102572095261       -9.9999694824218786       -1.7347811251403522E-003  -1.7019052005993848E-003   1.0070686997678663E-003   5875.7500000000255        0.0000000000000000        7.2641257995735877        7.0866198691007671        1.9912313669919971E-002  -6.8721681833267212E-002   9.6126326677037008E-004  -4.0852036644236145E-002   1.0000000000000000     
   1267500.0000000000       -224.06328796717168       -9.9999694824218786       -1.7334093584638465E-003  -1.7006027775046699E-003   1.0321326088643329E-003   5880.2500000000255        0.0000000000000000        7.2689232409381939        7.0866198691007671        1.9912313669919971E-002  -6.8721681833267212E-002   9.8627014823870693E-004  -4.0888575427571877E-002   1.0000000000000000     
   1282500.0000000000       -270.75430532616781       -9.9999694824218786       -1.7320397793105292E-003  -1.6993023463055925E-003   1.0571467875391150E-003   5884.7500000000255        0.0000000000000000        7.2737206823027991        7.0866198691007671        1.9912313669919971E-002  -6.8721681833267212E-002   1.0112275655530696E-003  -4.0925042559891524E-002   1.0000000000000000     
   1297500.0000000000       -318.51020190471132       -9.9999694824218786       -1.7306723824224589E-003  -1.6980039024361057E-003   1.0821113672367781E-003   5889.2500000000255        0.0000000000000000        7.2785181236674044        7.0866198691007671        1.9912313669919971E-002  -6.8721681833267212E-002   1.0361356490823960E-003  -4.0961438227988187E-002   1.0000000000000000     
   1312500.0000000000       -367.32711679485089       -9.9999694824218786       -1.7293071625585823E-003  -1.6967074413441077E-003   1.1070264789678787E-003   5893.7500000000255        0.0000000000000000        7.2833155650320105        7.0866198691007671        1.9912313669919971E-002  -6.8721681833267212E-002   1.0609945287663909E-003  -4.0997762618048071E-002   1.0000000000000000     
   1327500.0000000000       -366.09849166174143        10.000000000000000        1.7279493877777113E-003   1.6954181324969197E-003   1.1318922533106578E-003   5898.2500000000255        0.0000000000000000        7.2881130063966157        7.0866198691007671        1.9912313669919971E-002  -6.8721681833267212E-002   1.0858043341172331E-003  -4.1034015915652824E-002   1.0000000000000000     
   1342500.0000000000       -321.41448378250459        10.000000000000000        1.7265885021531902E-003   1.6941256194146722E-003   1.0148996314377199E-003   5902.7500000000255        0.0000000000000000        7.2929104477612210        7.0866198691007671        1.9912313669919971E-002  -6.8721681833267212E-002   1.1105651942212684E-003  -4.1070198305781923E-002   1.0000000000000000     
   1357500.0000000000       -275.67661784303544        10.000000000000000        1.7252297779369607E-003   1.6928350755427580E-003   1.0396538620453539E-003   5907.2500000000255        0.0000000000000000        7.2977078891258271        7.0866198691007671        1.9912313669919971E-002  -6.8721681833267212E-002   1.1352772377406783E-003  -4.1106309972815031E-002   1.0000000000000000     
   1372500.0000000000       -228.88869079061485        10.000000000000000        1.7238732099548392E-003   1.6915464963843121E-003   1.0643594077144709E-003   5911.7500000000255        0.0000000000000000        7.3025053304904324        7.0866198691007671        1.9912313669919971E-002  -6.8721681833267212E-002   1.1599405929151457E-003  -4.1142351100534248E-002   1.0000000000000000     
   1387500.0000000000       -181.05448498280870        10.000000000000000        1.7225187930491929E-003   1.6902598774561515E-003   1.0890163960583787E-003   5916.2500000000255        0.0000000000000000        7.3073027718550376        7.0866198691007671        1.9912313669919971E-002  -6.8721681833267212E-002   1.1845553875635476E-003  -4.1178321872126486E-002   1.0000000000000000     
   1402500.0000000000       -132.17776825194619        10.000000000000000        1.7211665220788791E-003   1.6889752142887229E-003   1.1136249542725810E-003   5920.7500000000255        0.0000000000000000        7.3121002132196438        7.0866198691007671        1.9912313669919971E-002  -6.8721681833267212E-002   1.2091217490855788E-003  -4.1214222470185774E-002   1.0000000000000000     
   1417500.0000000000       -82.262293969272136        10.000000000000000        1.7198163919191752E-003   1.6876925024260508E-003   1.1381852091363839E-003   5925.2500000000255        0.0000000000000000        7.3168976545842490        7.0866198691007671        1.9912313669919971E-002  -6.8721681833267212E-002   1.2336398044634003E-003  -4.1250053076715511E-002   1.0000000000000000     
   1432500.0000000000       -31.311801108774137        10.000000000000000        1.7184683974617147E-003   1.6864117374256853E-003   1.1626972870145290E-003   5929.7500000000255        0.0000000000000000        7.3216950959488543        7.0866198691007671        1.9912313669919971E-002  -6.8721681833267212E-002   1.2581096802633182E-003  -4.1285813873130815E-002   1.0000000000000000     
   1447500.0000000000        20.669985689315652        10.000000000000000        1.7171225336144213E-003   1.6851329148586522E-003   1.1871613138588564E-003   5934.2500000000255        0.0000000000000000        7.3264925373134604        7.0866198691007671        1.9912313669919971E-002  -6.8721681833267212E-002   1.2825315026373831E-003  -4.1321505040260741E-002   1.0000000000000000     
   1462500.0000000000        73.679356055338900        10.000000000000000        1.7157787953014458E-003   1.6838560303094013E-003   1.2115774152098894E-003   5938.7500000000255        0.0000000000000000        7.3312899786780656        7.0866198691007671        1.9912313669919971E-002  -6.8721681833267212E-002   1.3069053973250068E-003  -4.1357126758350578E-002   1.0000000000000000     
   1477500.0000000000        127.71261382734866        10.000000000000000        1.7144371774630990E-003   1.6825810793757552E-003   1.2359457161984348E-003   5943.2500000000255        0.0000000000000000        7.3360874200426709        7.0866198691007671        1.9912313669919971E-002  -6.8721681833267212E-002   1.3312314896546211E-003  -4.1392679207064076E-002   1.0000000000000000     
   1492500.0000000000        182.76607698856697        10.000000000000000        1.7130976750557891E-003   1.6813080576688591E-003   1.2602663415472266E-003   5947.7500000000255        0.0000000000000000        7.3408848614072770        7.0866198691007671        1.9912313669919971E-002  -6.8721681833267212E-002   1.3555099045452663E-003  -4.1428162565485767E-002   1.0000000000000000     
   1507500.0000000000        238.83607760515724        10.000000000000000        1.7117602830519557E-003   1.6800369608131306E-003   1.2845394155724995E-003   5952.2500000000255        0.0000000000000000        7.3456823027718823        7.0866198691007671        1.9912313669919971E-002  -6.8721681833267212E-002   1.3797407665081668E-003  -4.1463577012123033E-002   1.0000000000000000     
   1522500.0000000000        295.91896176431010        10.000000000000000        1.7104249964400085E-003   1.6787677844462092E-003   1.3087650621855485E-003   5956.7500000000255        0.0000000000000000        7.3504797441364875        7.0866198691007671        1.9912313669919971E-002  -6.8721681833267212E-002   1.4039241996483889E-003  -4.1498922724908564E-002   1.0000000000000000     
   1537500.0000000000        354.01108951264422        10.000000000000000        1.7090918102242627E-003   1.6775005242189067E-003   1.3329434048943731E-003   5961.2500000000255        0.0000000000000000        7.3552771855010937        7.0866198691007671        1.9912313669919971E-002  -6.8721681833267212E-002   1.4280603276663854E-003  -4.1534199881202355E-002   1.0000000000000000     
   1552500.0000000000        372.65055510039099       -9.9999694824218786       -1.7077555077527576E-003  -1.6762300603313642E-003   1.3570745668052050E-003   5965.7500000000255        0.0000000000000000        7.3600746268656989        7.0866198691007671        1.9912313669919971E-002  -6.8721681833267212E-002   1.4521492738595737E-003  -4.1569408657794044E-002   1.0000000000000000     
   1567500.0000000000        306.37284472055489       -9.9999694824218786       -1.7064265114614511E-003  -1.6749666232438903E-003   1.5231396604489466E-003   5970.2500000000255        0.0000000000000000        7.3648720682303042        7.0866198691007671        1.9912313669919971E-002  -6.8721681833267212E-002   1.4761911611239423E-003  -4.1604549230905057E-002   1.0000000000000000     
   1582500.0000000000        239.10112423012617       -9.9999694824218786       -1.7050996006677279E-003  -1.6737050893211995E-003   1.5471862669289619E-003   5974.7500000000255        0.0000000000000000        7.3696695095949103        7.0866198691007671        1.9912313669919971E-002  -6.8721681833267212E-002   1.5001861119556051E-003  -4.1639621776190808E-002   1.0000000000000000     
   1597500.0000000000        170.83898209805898       -9.9999694824218786       -1.7037747704389107E-003  -1.6724454542663104E-003   1.5711858144181433E-003   5979.2500000000255        0.0000000000000000        7.3744669509595155        7.0866198691007671        1.9912313669919971E-002  -6.8721681833267212E-002   1.5241342484523385E-003  -4.1674626468742836E-002   1.0000000000000000     
   1612500.0000000000        101.58999307818232       -9.9999694824218786       -1.7024520158579160E-003  -1.6711877137951679E-003   1.5951384255972481E-003   5983.7500000000255        0.0000000000000000        7.3792643923241208        7.0866198691007671        1.9912313669919971E-002  -6.8721681833267212E-002   1.5480356923151667E-003  -4.1709563483091044E-002   1.0000000000000000     
   1627500.0000000000        31.357718269385813       -9.9999694824218786       -1.7011313320231909E-003  -1.6699318636365942E-003   1.6190442227475088E-003   5988.2500000000255        0.0000000000000000        7.3840618336887269        7.0866198691007671        1.9912313669919971E-002  -6.8721681833267212E-002   1.5718905648499024E-003  -4.1744432993205807E-002   1.0000000000000000     
   1642500.0000000000       -39.854294824497373       -9.9999694824218786       -1.6998127140486516E-003  -1.6686778995322407E-003   1.6429033277521874E-003   5992.7500000000255        0.0000000000000000        7.3888592750533322        7.0866198691007671        1.9912313669919971E-002  -6.8721681833267212E-002   1.5956989869686591E-003  -4.1779235172500082E-002   1.0000000000000000     
   1657500.0000000000       -112.04251223510799       -9.9999694824218786       -1.6984961570636233E-003  -1.6674258172365394E-003   1.6667158620981034E-003   5997.2500000000255        0.0000000000000000        7.3936567164179374        7.0866198691007671        1.9912313669919971E-002  -6.8721681833267212E-002   1.6194610791914164E-003  -4.1813970193831644E-002   1.0000000000000000     
   1672500.0000000000       -185.20341347027917       -9.9999694824218786       -1.6971816562127789E-003  -1.6661756125166552E-003   1.6904819468772125E-003   6001.7500000000255        0.0000000000000000        7.3984541577825436        7.0866198691007671        1.9912313669919971E-002  -6.8721681833267212E-002   1.6431769616475390E-003  -4.1848638229505110E-002   1.0000000000000000     
   1687500.0000000000       -259.33349145505264       -9.9999694824218786       -1.6958692066560788E-003  -1.6649272811524389E-003   1.7142017027881400E-003   6006.2500000000255        0.0000000000000000        7.4032515991471488        7.0866198691007671        1.9912313669919971E-002  -6.8721681833267212E-002   1.6668467540772655E-003  -4.1883239451274111E-002   1.0000000000000000     
   1702500.0000000000       -334.42925247298984       -9.9999694824218786       -1.6945588035687108E-003  -1.6636808189363784E-003   1.7378752501376843E-003   6010.7500000000255        0.0000000000000000        7.4080490405117541        7.0866198691007671        1.9912313669919971E-002  -6.8721681833267212E-002   1.6904705758332556E-003  -4.1917774030343420E-002   1.0000000000000000     
   1717500.0000000000       -379.79487533577600        9.9999694824218750        1.6932504421410285E-003   1.6624362216735519E-003   1.7615027088423779E-003   6015.2500000000255        0.0000000000000000        7.4128464818763602        7.0866198691007671        1.9912313669919971E-002  -6.8721681833267212E-002   1.7140485458820923E-003  -4.1952242137370990E-002   1.0000000000000000     
   1732500.0000000000       -308.90778233622501        9.9999694824218750        1.6919441175784961E-003   1.6611934851815827E-003   1.6430128933341813E-003   6019.7500000000255        0.0000000000000000        7.4176439232409654        7.0866198691007671        1.9912313669919971E-002  -6.8721681833267212E-002   1.7375807828057428E-003  -4.1986643942470071E-002   1.0000000000000000     
   1747500.0000000000       -237.06097605820773        9.9999694824218750        1.6906398251016227E-003   1.6599526052905893E-003   1.6665417275704179E-003   6024.2500000000255        0.0000000000000000        7.4224413646055707        7.0866198691007671        1.9912313669919971E-002  -6.8721681833267212E-002   1.7610674048030919E-003  -4.2020979615211319E-002   1.0000000000000000     
   1762500.0000000000       -164.25789423814899        9.9999694824218750        1.6893375599459090E-003   1.6587135778431403E-003   1.6900250631758321E-003   6028.7500000000255        0.0000000000000000        7.4272388059701768        7.0866198691007671        1.9912313669919971E-002  -6.8721681833267212E-002   1.7845085296914094E-003  -4.2055249324624837E-002   1.0000000000000000     
   1777500.0000000000       -90.501961597619456        9.9999694824218750        1.6880373173617841E-003   1.6574763986942085E-003   1.7134630174144309E-003   6033.2500000000255        0.0000000000000000        7.4320362473347821        7.0866198691007671        1.9912313669919971E-002  -6.8721681833267212E-002   1.8079042749078213E-003  -4.2089453239202212E-002   1.0000000000000000     
   1792500.0000000000       -15.796589899888184        9.9999694824218750        1.6867390926145502E-003   1.6562410637111229E-003   1.7368557071726941E-003   6037.7500000000255        0.0000000000000000        7.4368336886993873        7.0866198691007671        1.9912313669919971E-002  -6.8721681833267212E-002   1.8312547575107911E-003  -4.2123591526898638E-002   1.0000000000000000     
   1807500.0000000000        59.854821993806937        9.9999694824218750        1.6854428809843229E-003   1.6550075687735252E-003   1.7602032489610442E-003   6042.2500000000255        0.0000000000000000        7.4416311300639935        7.0866198691007671        1.9912313669919971E-002  -6.8721681833267212E-002   1.8545600941815843E-003  -4.2157664355134898E-002   1.0000000000000000     
   1822500.0000000000        136.44888806826933        9.9999694824218750        1.6841486777659726E-003   1.6537759097733217E-003   1.7835057589152955E-003   6046.7500000000255        0.0000000000000000        7.4464285714285987        7.0866198691007671        1.9912313669919971E-002  -6.8721681833267212E-002   1.8778204012257077E-003  -4.2191671890799406E-002   1.0000000000000000     
   1837500.0000000000        213.98223509863192        9.9999694824218750        1.6828564782690688E-003   1.6525460826146388E-003   1.8067633527980821E-003   6051.2500000000255        0.0000000000000000        7.4512260127932040        7.0866198691007671        1.9912313669919971E-002  -6.8721681833267212E-002   1.9010357945743878E-003  -4.2225614300250264E-002   1.0000000000000000     
   1852500.0000000000        292.45150259492345        9.9999694824218750        1.6815662778178200E-003   1.6513180832137774E-003   1.8299761460003206E-003   6055.7500000000255        0.0000000000000000        7.4560234541578101        7.0866198691007671        1.9912313669919971E-002  -6.8721681833267212E-002   1.9242063897859998E-003  -4.2259491749317257E-002   1.0000000000000000     
   1867500.0000000000        371.85334274691024        9.9999694824218750        1.6802780717510199E-003   1.6500919074991681E-003   1.8531442535426276E-003   6060.2500000000255        0.0000000000000000        7.4608208955224153        7.0866198691007671        1.9912313669919971E-002  -6.8721681833267212E-002   1.9473323020475011E-003  -4.2293304403303859E-002   1.0000000000000000     
   1882500.0000000000        339.23725404127077       -9.9999389648437536       -1.6789867315298388E-003  -1.6488625194515374E-003   1.8762677900767389E-003   6064.7500000000255        0.0000000000000000        7.4656183368870206        7.0866198691007671        1.9912313669919971E-002  -6.8721681833267212E-002   1.9704136461758774E-003  -4.2327052426989233E-002   1.0000000000000000     
   1897500.0000000000        251.89984448370794       -9.9999389648437536       -1.6777025042255366E-003  -1.6476399826739238E-003   2.0414802055855603E-003   6069.2500000000255        0.0000000000000000        7.4704157782516267        7.0866198691007671        1.9912313669919971E-002  -6.8721681833267212E-002   1.9934505366195621E-003  -4.2360735984630221E-002   1.0000000000000000     
   1912500.0000000000        163.64429624800701       -9.9999389648437536       -1.6764202574029484E-003  -1.6464192574346509E-003   2.0645192494618131E-003   6073.7500000000255        0.0000000000000000        7.4752132196162320        7.0866198691007671        1.9912313669919971E-002  -6.8721681833267212E-002   2.0164430874598377E-003  -4.2394355239963322E-002   1.0000000000000000     
   1927500.0000000000        74.473909508889847       -9.9999389648437536       -1.6751399864586491E-003  -1.6452003397102310E-003   2.0875138433836490E-003   6078.2500000000255        0.0000000000000000        7.4800106609808372        7.0866198691007671        1.9912313669919971E-002  -6.8721681833267212E-002   2.0393914124122760E-003  -4.2427910356206709E-002   1.0000000000000000     
   1942500.0000000000       -15.608028017343965       -9.9999389648437536       -1.6738616868035123E-003  -1.6439832254890817E-003   2.1104641015918407E-003   6082.7500000000255        0.0000000000000000        7.4848081023454434        7.0866198691007671        1.9912313669919971E-002  -6.8721681833267212E-002   2.0622956248281393E-003  -4.2461401496062118E-002   1.0000000000000000     
   1957500.0000000000       -106.59824101891648       -9.9999389648437536       -1.6725853538626595E-003  -1.6427679107714832E-003   2.1333701379603791E-003   6087.2500000000255        0.0000000000000000        7.4896055437100486        7.0866198691007671        1.9912313669919971E-002  -6.8721681833267212E-002   2.0851558376957478E-003  -4.2494828821716818E-002   1.0000000000000000     
   1972500.0000000000       -198.49346653493669       -9.9999389648437536       -1.6713109830754024E-003  -1.6415543915695345E-003   2.1562320659978523E-003   6091.7500000000255        0.0000000000000000        7.4944029850746539        7.0866198691007671        1.9912313669919971E-002  -6.8721681833267212E-002   2.1079721636419226E-003  -4.2528192494845608E-002   1.0000000000000000     
   1987500.0000000000       -291.29045390203385       -9.9999389648437536       -1.6700385698951872E-003  -1.6403426639071087E-003   2.1790499988489031E-003   6096.2500000000255        0.0000000000000000        7.4992004264392600        7.0866198691007671        1.9912313669919971E-002  -6.8721681833267212E-002   2.1307447149333351E-003  -4.2561492676612731E-002   1.0000000000000000     
   2002500.0000000000       -384.98596470125386       -9.9999389648437536       -1.6687681097895422E-003  -1.6391327238198109E-003   2.2018240492955900E-003   6100.7500000000255        0.0000000000000000        7.5039978678038652        7.0866198691007671        1.9912313669919971E-002  -6.8721681833267212E-002   2.1534736034778991E-003  -4.2594729527673778E-002   1.0000000000000000     
