   15000.000000000000        5.8250339644682968E-317   10.000000000000000        1.8560399409321667E-003   1.8166954310109909E-003   1.2302234581447039E-321   5504.5000000000000        0.0000000000000000        6.8683368869936032        7.0866198691007671        1.9912313669919971E-002  -6.8721681833267212E-002  -1.2857807533150911E-003  -3.7571322907362856E-002   1.0000000000000000     
   30000.000000000000       -64.100834801884332        10.000000000000000        1.8544677964030904E-003   1.8152114721365039E-003  -1.3555146292648162E-003   5509.0000000000000        0.0000000000000000        6.8731343283582094        7.0866198691007671        1.9912313669919971E-002  -6.8721681833267212E-002  -1.2561985807257731E-003  -3.7614480468611856E-002   1.0000000000000000
   45000.000000000000       -126.75068563623310        10.000000000000000        1.8528983386936777E-003   1.8137299356125872E-003  -1.3259534234332467E-003   5513.5000000000000        0.0000000000000000        6.8779317697228146        7.0866198691007671        1.9912313669919971E-002  -6.8721681833267212E-002  -1.2266782883247514E-003  -3.7657548624943978E-002   1.0000000000000000
   60000.000000000000       -187.95491909210116        10.000000000000000        1.8513315608828552E-003   1.8122508155128669E-003  -1.2964538976111865E-003   5518.0000000000000        0.0000000000000000        6.8827292110874199        7.0866198691007671        1.9912313669919971E-002  -6.8721681833267212E-002  -1.1972197036437503E-003  -3.7700527622506474E-002   1.0000000000000000
   75000.000000000000       -247.71888000531280        10.000000000000000        1.8497674560733700E-003   1.8107741059302852E-003  -1.2670158802932324E-003   5522.5000000000000        0.0000000000000000        6.8875266524520260        7.0866198691007671        1.9912313669919971E-002  -6.8721681833267212E-002  -1.1678226548149546E-003  -3.7743417706602320E-002   1.0000000000000000
   90000.000000000000       -306.04789156055386        10.000000000000000        1.8482060173916853E-003   1.8092998009770218E-003  -1.2376392005696111E-003   5527.0000000000000        0.0000000000000000        6.8923240938166312        7.0866198691007671        1.9912313669919971E-002  -6.8721681833267212E-002  -1.1384869705684947E-003  -3.7786219121693665E-002   1.0000000000000000
   105000.00000000000       -362.94725539291181        10.000000000000000        1.8466472379878806E-003   1.8078278947844166E-003  -1.2083236881236896E-003   5531.5000000000000        0.0000000000000000        6.8971215351812365        7.0866198691007671        1.9912313669919971E-002  -6.8721681833267212E-002  -1.1092124802299305E-003  -3.7828932111405283E-002   1.0000000000000000
   120000.00000000000       -366.37113709870420       -9.9999694824218786       -1.8450854802643370E-003  -1.8063528689345879E-003  -1.1790691732294881E-003   5536.0000000000000        0.0000000000000000        6.9019189765458426        7.0866198691007671        1.9912313669919971E-002  -6.8721681833267212E-002  -1.0799990137177855E-003  -3.7871556918528025E-002   1.0000000000000000
   135000.00000000000       -318.88519967290068       -9.9999694824218786       -1.8435320037013321E-003  -1.8048857472108795E-003  -1.0101227539324050E-003   5540.5000000000000        0.0000000000000000        6.9067164179104479        7.0866198691007671        1.9912313669919971E-002  -6.8721681833267212E-002  -1.0508464015411036E-003  -3.7914093785022127E-002   1.0000000000000000
   150000.00000000000       -272.80944221315337       -9.9999694824218786       -1.8419811659990703E-003  -1.8034210067487608E-003  -9.8095055625708159E-004   5545.0000000000000        0.0000000000000000        6.9115138592750531        7.0866198691007671        1.9912313669919971E-002  -6.8721681833267212E-002  -1.0217544747969202E-003  -3.7956542952020784E-002   1.0000000000000000
   165000.00000000000       -228.13863641537208       -9.9999694824218786       -1.8404329604011027E-003  -1.8019586417554515E-003  -9.5183923755286324E-004   5549.5000000000000        0.0000000000000000        6.9163113006396593        7.0866198691007671        1.9912313669919971E-002  -6.8721681833267212E-002  -9.9272306516788242E-004  -3.7998904659833382E-002   1.0000000000000000
   180000.00000000000       -184.86757514228034       -9.9999694824218786       -1.8388873801740944E-003  -1.8004986464569461E-003  -9.2278862857278596E-004   5554.0000000000000        0.0000000000000000        6.9211087420042645        7.0866198691007671        1.9912313669919971E-002  -6.8721681833267212E-002  -9.6375200491979549E-004  -3.8041179147948925E-002   1.0000000000000000
   195000.00000000000       -142.99107232428773       -9.9999694824218786       -1.8373444186077232E-003  -1.7990410150979363E-003  -8.9379856065769031E-004   5558.5000000000000        0.0000000000000000        6.9259061833688698        7.0866198691007671        1.9912313669919971E-002  -6.8721681833267212E-002  -9.3484112689917742E-004  -3.8083366655039398E-002   1.0000000000000000
   210000.00000000000       -102.50396286089760       -9.9999694824218786       -1.8358040690145832E-003  -1.7975857419417361E-003  -8.6486886573374931E-004   5563.0000000000000        0.0000000000000000        6.9307036247334759        7.0866198691007671        1.9912313669919971E-002  -6.8721681833267212E-002  -9.0599026453087178E-004  -3.8125467418963048E-002   1.0000000000000000
   225000.00000000000       -63.401102522644834       -9.9999694824218786       -1.8342663247300876E-003  -1.7961328212702072E-003  -8.3599937631005650E-004   5567.5000000000000        0.0000000000000000        6.9355010660980811        7.0866198691007671        1.9912313669919971E-002  -6.8721681833267212E-002  -8.7719925181565031E-004  -3.8167481676767735E-002   1.0000000000000000
   240000.00000000000       -25.677367853561346       -9.9999694824218786       -1.8327311791123699E-003  -1.7946822473836825E-003  -8.0718992547620255E-004   5572.0000000000000        0.0000000000000000        6.9402985074626864        7.0866198691007671        1.9912313669919971E-002  -6.8721681833267212E-002  -8.4846792332780516E-004  -3.8209409664694265E-002   1.0000000000000000
   255000.00000000000        10.672343925832804       -9.9999694824218786       -1.8311986255421864E-003  -1.7932340146008929E-003  -7.7844034689984244E-004   5576.5000000000000        0.0000000000000000        6.9450959488272925        7.0866198691007671        1.9912313669919971E-002  -6.8721681833267212E-002  -8.1979611421277923E-004  -3.8251251618179626E-002   1.0000000000000000
   270000.00000000000        45.653115015017292       -9.9999694824218786       -1.8296686574228221E-003  -1.7917881172588924E-003  -7.4975047482430041E-004   5581.0000000000000        0.0000000000000000        6.9498933901918978        7.0866198691007671        1.9912313669919971E-002  -6.8721681833267212E-002  -7.9118366018483127E-004  -3.8293007771860232E-002   1.0000000000000000
   285000.00000000000        79.270007129442476       -9.9999694824218786       -1.8281412681799935E-003  -1.7903445497129851E-003  -7.2112014406621003E-004   5585.5000000000000        0.0000000000000000        6.9546908315565030        7.0866198691007671        1.9912313669919971E-002  -6.8721681833267212E-002  -7.6263039752463152E-004  -3.8334678359575297E-002   1.0000000000000000
   300000.00000000000        111.52806159598302       -9.9999694824218786       -1.8266164512617535E-003  -1.7889033063366508E-003  -6.9254919001308533E-004   5590.0000000000000        0.0000000000000000        6.9594882729211092        7.0866198691007671        1.9912313669919971E-002  -6.8721681833267212E-002  -7.3413616307695106E-004  -3.8376263614369958E-002   1.0000000000000000
   315000.00000000000        142.43229944788089       -9.9999694824218786       -1.8250942001383959E-003  -1.7874643815214725E-003  -6.6403744862098511E-004   5594.5000000000000        0.0000000000000000        6.9642857142857144        7.0866198691007671        1.9912313669919971E-002  -6.8721681833267212E-002  -7.0570079424834078E-004  -3.8417763768498543E-002   1.0000000000000000
   330000.00000000000        171.98772151918013       -9.9999694824218786       -1.8235745083023613E-003  -1.7860277696770635E-003  -6.3558475641216708E-004   5599.0000000000000        0.0000000000000000        6.9690831556503197        7.0866198691007671        1.9912313669919971E-002  -6.8721681833267212E-002  -6.7732412900477559E-004  -3.8459179053427779E-002   1.0000000000000000
   345000.00000000000        200.19930853865418       -9.9999694824218786       -1.8220573692681445E-003  -1.7845934652309947E-003  -6.0719095047270853E-004   5603.5000000000000        0.0000000000000000        6.9738805970149258        7.0866198691007671        1.9912313669919971E-002  -6.8721681833267212E-002  -6.4900600586937848E-004  -3.8500509699840001E-002   1.0000000000000000
   360000.00000000000        227.07202122323213       -9.9999694824218786       -1.8205427765721996E-003  -1.7831614626287230E-003  -5.7885586845020528E-004   5608.0000000000000        0.0000000000000000        6.9786780383795310        7.0866198691007671        1.9912313669919971E-002  -6.8721681833267212E-002  -6.2074626392011334E-004  -3.8541755937636306E-002   1.0000000000000000
   375000.00000000000        252.61080037092484       -9.9999694824218786       -1.8190307237728465E-003  -1.7817317563335196E-003  -5.5057934855144090E-004   5612.5000000000000        0.0000000000000000        6.9834754797441363        7.0866198691007671        1.9912313669919971E-002  -6.8721681833267212E-002  -5.9254474278749858E-004  -3.8582917995939728E-002   1.0000000000000000
   390000.00000000000        276.82056695325463       -9.9999694824218786       -1.8175212044501804E-003  -1.7803043408263983E-003  -5.2236122954007591E-004   5617.0000000000000        0.0000000000000000        6.9882729211087424        7.0866198691007671        1.9912313669919971E-002  -6.8721681833267212E-002  -5.6440128265231732E-004  -3.8623996103098385E-002   1.0000000000000000
   405000.00000000000        299.70622220719071       -9.9999694824218786       -1.8160142122059782E-003  -1.7788792106060445E-003  -4.9420135073433491E-004   5621.5000000000000        0.0000000000000000        6.9930703624733477        7.0866198691007671        1.9912313669919971E-002  -6.8721681833267212E-002  -5.3631572424338997E-004  -3.8664990486688623E-002   1.0000000000000000
   420000.00000000000        321.27264772659578       -9.9999694824218786       -1.8145097406636070E-003  -1.7774563601887449E-003  -4.6609955200475450E-004   5626.0000000000000        0.0000000000000000        6.9978678038379529        7.0866198691007671        1.9912313669919971E-002  -6.8721681833267212E-002  -5.0828790883527403E-004  -3.8705901373518106E-002   1.0000000000000000
   435000.00000000000        341.52470555318297       -9.9999694824218786       -1.8130077834679344E-003  -1.7760357841083169E-003  -4.3805567377186054E-004   5630.5000000000000        0.0000000000000000        7.0026652452025591        7.0866198691007671        1.9912313669919971E-002  -6.8721681833267212E-002  -4.8031767824605748E-004  -3.8746728989629005E-002   1.0000000000000000
   450000.00000000000        360.46723826698980       -9.9999694824218786       -1.8115083342852356E-003  -1.7746174769160388E-003  -4.1006955700393743E-004   5635.0000000000000        0.0000000000000000        7.0074626865671643        7.0866198691007671        1.9912313669919971E-002  -6.8721681833267212E-002  -4.5240487483511407E-004  -3.8787473560300927E-002   1.0000000000000000
   465000.00000000000        378.10506907636994       -9.9999694824218786       -1.8100113868031061E-003  -1.7732014331805796E-003  -3.8214104321476072E-004   5639.5000000000000        0.0000000000000000        7.0122601279317696        7.0866198691007671        1.9912313669919971E-002  -6.8721681833267212E-002  -4.2454934150088636E-004  -3.8828135310054177E-002   1.0000000000000000
   480000.00000000000        379.91376031029483        10.000000000000000        1.8085224539028967E-003   1.7717930545712260E-003  -3.5426997446135654E-004   5644.0000000000000        0.0000000000000000        7.0170575692963757        7.0866198691007671        1.9912313669919971E-002  -6.8721681833267212E-002  -3.9675092167865134E-004  -3.8868714462652720E-002   1.0000000000000000
   495000.00000000000        358.39262435800350        10.000000000000000        1.8070304864163920E-003   1.7703815172169604E-003  -4.6704586453869906E-004   5648.5000000000000        0.0000000000000000        7.0218550106609809        7.0866198691007671        1.9912313669919971E-002  -6.8721681833267212E-002  -3.6900945933837290E-004  -3.8909211241107182E-002   1.0000000000000000
   510000.00000000000        338.16578126372804        10.000000000000000        1.8055410018278347E-003   1.7689722271360339E-003  -4.3931959025346896E-004   5653.0000000000000        0.0000000000000000        7.0266524520255862        7.0866198691007671        1.9912313669919971E-002  -6.8721681833267212E-002  -3.4132479898245707E-004  -3.8949625867678014E-002   1.0000000000000000
   525000.00000000000        319.22849369314730        10.000000000000000        1.8040539939091827E-003   1.7675651789659744E-003  -4.1164994549240376E-004   5657.5000000000000        0.0000000000000000        7.0314498933901923        7.0866198691007671        1.9912313669919971E-002  -6.8721681833267212E-002  -3.1369678564358711E-004  -3.8989958563878407E-002   1.0000000000000000
   540000.00000000000        301.57604314235255        10.000000000000000        1.8025694564532682E-003   1.7661603673613563E-003  -3.8403677611310546E-004   5662.0000000000000        0.0000000000000000        7.0362473347547976        7.0866198691007671        1.9912313669919971E-002  -6.8721681833267212E-002  -2.8612526488260015E-004  -3.9030209550477347E-002   1.0000000000000000
   540750.00000000000        300.75678756546728        10.000000000000000        1.8024952943190625E-003   1.7660901853953170E-003  -3.5647992849726127E-004   5662.2250000000004        0.0000000000000000        7.0364872068230282        7.0866198691007671        1.9912313669919971E-002  -6.8721681833267212E-002  -2.8474816901166364E-004  -3.9032219958880156E-002   1.0000000000000000
   541500.00000000000        299.94072870366972        10.000000000000000        1.8024211383447716E-003   1.7660200090067017E-003  -3.5510356181437172E-004   5662.4500000000007        0.0000000000000000        7.0367270788912588        7.0866198691007671        1.9912313669919971E-002  -6.8721681833267212E-002  -2.8337121396807691E-004  -3.9034230163586633E-002   1.0000000000000000
   542250.00000000000        299.12786597127047        10.000000000000000        1.8023469885296234E-003   1.7659498381948457E-003  -3.5372733553394055E-004   5662.6750000000011        0.0000000000000000        7.0369669509594894        7.0866198691007671        1.9912313669919971E-002  -6.8721681833267212E-002  -2.8199439973263310E-004  -3.9036240164624245E-002   1.0000000000000000
   543000.00000000000        298.31819878269664        10.000000000000000        1.8022728448728472E-003   1.7658796729590842E-003  -3.5235124963686271E-004   5662.9000000000015        0.0000000000000000        7.0372068230277200        7.0866198691007671        1.9912313669919971E-002  -6.8721681833267212E-002  -2.8061772628614270E-004  -3.9038249962020426E-002   1.0000000000000000
   543750.00000000000        297.51172655249172        10.000000000000000        1.8021987073736695E-003   1.7658095132987524E-003  -3.5097530410405060E-004   5663.1250000000018        0.0000000000000000        7.0374466950959507        7.0866198691007671        1.9912313669919971E-002  -6.8721681833267212E-002  -2.7924119360940233E-004  -3.9040259555802606E-002   1.0000000000000000
   544500.00000000000        296.70844869531572        10.000000000000000        1.8021245760313205E-003   1.7657393592131858E-003  -3.4959949891640236E-004   5663.3500000000022        0.0000000000000000        7.0376865671641813        7.0866198691007671        1.9912313669919971E-002  -6.8721681833267212E-002  -2.7786480168322594E-004  -3.9042268945998243E-002   1.0000000000000000
   545250.00000000000        295.90836462594501        10.000000000000000        1.8020504508450281E-003   1.7656692107017203E-003  -3.4822383405483381E-004   5663.5750000000025        0.0000000000000000        7.0379264392324119        7.0866198691007671        1.9912313669919971E-002  -6.8721681833267212E-002  -2.7648855048842055E-004  -3.9044278132634752E-002   1.0000000000000000
   546000.00000000000        295.11147375927231        10.000000000000000        1.8019763318140218E-003   1.7655990677636912E-003  -3.4684830950025368E-004   5663.8000000000029        0.0000000000000000        7.0381663113006425        7.0866198691007671        1.9912313669919971E-002  -6.8721681833267212E-002  -2.7511244000580706E-004  -3.9046287115739570E-002   1.0000000000000000
   546750.00000000000        294.31777551030672        10.000000000000000        1.8019022189375304E-003   1.7655289303984347E-003  -3.4547292523358456E-004   5664.0250000000033        0.0000000000000000        7.0384061833688731        7.0866198691007671        1.9912313669919971E-002  -6.8721681833267212E-002  -2.7373647021619596E-004  -3.9048295895340125E-002   1.0000000000000000
   547500.00000000000        293.52726929417366        10.000000000000000        1.8018281122147823E-003   1.7654587986052864E-003  -3.4409768123573858E-004   5664.2500000000036        0.0000000000000000        7.0386460554371038        7.0866198691007671        1.9912313669919971E-002  -6.8721681833267212E-002  -2.7236064110041855E-004  -3.9050304471463820E-002   1.0000000000000000
   548250.00000000000        292.73995452611479        10.000000000000000        1.8017540116450075E-003   1.7653886723835823E-003  -3.4272257748764869E-004   5664.4750000000040        0.0000000000000000        7.0388859275053344        7.0866198691007671        1.9912313669919971E-002  -6.8721681833267212E-002  -2.7098495263928879E-004  -3.9052312844138085E-002   1.0000000000000000
   549000.00000000000        291.95583062148813        10.000000000000000        1.8016799172274355E-003   1.7653185517326588E-003  -3.4134761397023043E-004   5664.7000000000044        0.0000000000000000        7.0391257995735650        7.0866198691007671        1.9912313669919971E-002  -6.8721681833267212E-002  -2.6960940481364146E-004  -3.9054321013390320E-002   1.0000000000000000
   549750.00000000000        291.17489699576782        10.000000000000000        1.8016058289612950E-003   1.7652484366518519E-003  -3.3997279066442024E-004   5664.9250000000047        0.0000000000000000        7.0393656716417965        7.0866198691007671        1.9912313669919971E-002  -6.8721681833267212E-002  -2.6823399760430092E-004  -3.9056328979247927E-002   1.0000000000000000
   550500.00000000000        290.39715306454434        10.000000000000000        1.8015317468458158E-003   1.7651783271404977E-003  -3.3859810755114395E-004   5665.1500000000051        0.0000000000000000        7.0396055437100271        7.0866198691007671        1.9912313669919971E-002  -6.8721681833267212E-002  -2.6685873099211235E-004  -3.9058336741738302E-002   1.0000000000000000
   551250.00000000000        289.62259824352424        10.000000000000000        1.8014576708802281E-003   1.7651082231979331E-003  -3.3722356461134828E-004   5665.3750000000055        0.0000000000000000        7.0398454157782577        7.0866198691007671        1.9912313669919971E-002  -6.8721681833267212E-002  -2.6548360495791054E-004  -3.9060344300888852E-002   1.0000000000000000
   552000.00000000000        288.85123194853026        10.000000000000000        1.8013836010637614E-003   1.7650381248234944E-003  -3.3584916182596955E-004   5665.6000000000058        0.0000000000000000        7.0400852878464883        7.0866198691007671        1.9912313669919971E-002  -6.8721681833267212E-002  -2.6410861948253372E-004  -3.9062351656726946E-002   1.0000000000000000
   552750.00000000000        288.08305359550127        10.000000000000000        1.8013095373956458E-003   1.7649680320165181E-003  -3.3447489917594748E-004   5665.8250000000062        0.0000000000000000        7.0403251599147190        7.0866198691007671        1.9912313669919971E-002  -6.8721681833267212E-002  -2.6273377454682709E-004  -3.9064358809279998E-002   1.0000000000000000
   553500.00000000000        287.31806260049228        10.000000000000000        1.8012354798751114E-003   1.7648979447763412E-003  -3.3310077664222874E-004   5666.0500000000065        0.0000000000000000        7.0405650319829496        7.0866198691007671        1.9912313669919971E-002  -6.8721681833267212E-002  -2.6135907013163234E-004  -3.9066365758575375E-002   1.0000000000000000
   554250.00000000000        286.55625837967443        10.000000000000000        1.8011614285013886E-003   1.7648278631023004E-003  -3.3172679420575646E-004   5666.2750000000069        0.0000000000000000        7.0408049040511802        7.0866198691007671        1.9912313669919971E-002  -6.8721681833267212E-002  -2.5998450621781202E-004  -3.9068372504640458E-002   1.0000000000000000
   555000.00000000000        285.79764034933476        10.000000000000000        1.8010873832737080E-003   1.7647577869937328E-003  -3.3035295184749461E-004   5666.5000000000073        0.0000000000000000        7.0410447761194108        7.0866198691007671        1.9912313669919971E-002  -6.8721681833267212E-002  -2.5861008278621131E-004  -3.9070379047502608E-002   1.0000000000000000
   555750.00000000000        285.04220792587643        10.000000000000000        1.8010133441912996E-003   1.7646877164499753E-003  -3.2897924954838968E-004   5666.7250000000076        0.0000000000000000        7.0412846481876414        7.0866198691007671        1.9912313669919971E-002  -6.8721681833267212E-002  -2.5723579981768926E-004  -3.9072385387189199E-002   1.0000000000000000
   556500.00000000000        284.28996052581857        10.000000000000000        1.8009393112533938E-003   1.7646176514703651E-003  -3.2760568728940217E-004   5666.9500000000080        0.0000000000000000        7.0415245202558721        7.0866198691007671        1.9912313669919971E-002  -6.8721681833267212E-002  -2.5586165729311189E-004  -3.9074391523727596E-002   1.0000000000000000
   557250.00000000000        283.54089756579634        10.000000000000000        1.8008652844592223E-003   1.7645475920542396E-003  -3.2623226505149933E-004   5667.1750000000084        0.0000000000000000        7.0417643923241027        7.0866198691007671        1.9912313669919971E-002  -6.8721681833267212E-002  -2.5448765519333477E-004  -3.9076397457145161E-002   1.0000000000000000
   558000.00000000000        282.79501846256079        10.000000000000000        1.8007912638080157E-003   1.7644775382009360E-003  -3.2485898281563814E-004   5667.4000000000087        0.0000000000000000        7.0420042643923333        7.0800884691007671        1.9949068937665817E-002  -6.9177526829565017E-002  -2.1635852575338163E-004  -3.9534989369452676E-002   1.0000000000000000
   558750.00000000000        282.13482184631874        10.000000000000000        1.8007172492990045E-003   1.7644074899097919E-003  -2.8755278922463481E-004   5667.6250000000091        0.0000000000000000        7.0422441364605639        7.0692509691007670        2.0010281577172818E-002  -7.0007995629334907E-002  -1.5377216493881948E-004  -4.0368697940941729E-002   1.0000000000000000
   559500.00000000000        281.61489945514370        10.000000000000000        1.8006432409314200E-003   1.7643374471801446E-003  -2.2646477565281444E-004   5667.8500000000095        0.0000000000000000        7.0424840085287945        7.0584134691007669        2.0071776391055170E-002  -7.0838464429104797E-002  -9.0903770116317756E-005  -4.1202411830627818E-002   1.0000000000000000
   560250.00000000000        281.23588749262927        10.000000000000000        1.8005692387044940E-003   1.7642674100113323E-003  -1.6509461448921051E-004   5668.0750000000098        0.0000000000000000        7.0427238805970251        7.0475759691007669        2.0133555116315725E-002  -7.1668933228874687E-002  -2.7751604263909213E-005  -4.2036131072421622E-002   1.0000000000000000
   561000.00000000000        280.99842607133598        10.000000000000000        1.8004952426174579E-003   1.7641973784026925E-003  -1.0344056878706173E-004   5668.3000000000102        0.0000000000000000        7.0429637526652558        7.0367384691007668        2.0195619503343688E-002  -7.2499402028644577E-002   3.5686083026738313E-005  -4.2869855700494418E-002   1.0000000000000000
   561750.00000000000        280.90315924287660        10.000000000000000        1.8004212526695428E-003   1.7641273523535631E-003  -4.1500888213698791E-005   5668.5250000000106        0.0000000000000000        7.0432036247334864        7.0259009691007668        2.0257971316038591E-002  -7.3329870828414467E-002   9.9411055674267917E-005  -4.3703585749280446E-002   1.0000000000000000
   562500.00000000000        280.95073502828001        10.000000000000000        1.8003472688599804E-003   1.7640573318632822E-003   2.0726191073397641E-005   5668.7500000000109        0.0000000000000000        7.0434434968017170        7.0150634691007667        2.0320612331935647E-002  -7.4160339628184357E-002   1.6342509123300902E-004  -4.4537321253479319E-002   1.0000000000000000
   563250.00000000000        281.14180544863632        10.000000000000000        1.8002732911880026E-003   1.7639873169311877E-003   8.3242446551967970E-005   5668.9750000000113        0.0000000000000000        7.0436833688699476        7.0042259691007676        2.0383544342332416E-002  -7.4990808427954136E-002   2.2772998101962955E-004  -4.5371062248058446E-002   1.0000000000000000
   578250.00000000000        287.84099763052376        10.000000000000000        1.7987950254593449E-003   1.7625881844901018E-003   1.4604966946162165E-004   5673.4750000000113        0.0000000000000000        7.0484808102345538        6.9986833670818083        2.0415842591722595E-002  -7.5415533507196320E-002   2.8745639052268554E-004  -4.5836468135237882E-002   1.0000000000000000
   593250.00000000000        297.23675784950211        10.000000000000000        1.7973192083252649E-003   1.7611912697748722E-003   2.0500597965639387E-004   5677.9750000000113        0.0000000000000000        7.0532782515991590        7.0034808084464144        2.0387882134838945E-002  -7.5047909482095387E-002   2.8686814520008722E-004  -4.5508230983354443E-002   1.0000000000000000
   608250.00000000000        306.62799149850883        10.000000000000000        1.7958458336724777E-003   1.7597965675167915E-003   2.0507532751680132E-004   5682.4750000000113        0.0000000000000000        7.0580756929637642        7.0082782498110197        2.0359979078388397E-002  -7.4680285456994677E-002   2.8628150382211184E-004  -4.5179915824946897E-002   1.0000000000000000
   623250.00000000000        316.01473653282818        10.000000000000000        1.7943748954080917E-003   1.7584040724638284E-003   2.0514534022220772E-004   5686.9750000000113        0.0000000000000000        7.0628731343283704        7.0130756911756249        2.0332133265360802E-002  -7.4312661431893856E-002   2.8569646092569886E-004  -4.4851522864121716E-002   1.0000000000000000
   638250.00000000000        325.39703065440943        10.000000000000000        1.7929063874595245E-003   1.7570137793805614E-003   2.0521601427749681E-004   5691.4750000000113        0.0000000000000000        7.0676705756929756        7.0178731325402310        2.0304344539282496E-002  -7.3945037406792924E-002   2.8511301107008932E-004  -4.4523052304324892E-002   1.0000000000000000
   653250.00000000000        334.77491131347176        10.000000000000000        1.7914403037744197E-003   1.7556256830481138E-003   2.0528734620447071E-004   5695.9750000000113        0.0000000000000000        7.0724680170575809        7.0226705739048363        2.0276612744214103E-002  -7.3577413381692103E-002   2.8453114883674607E-004  -4.4194504348344377E-002   1.0000000000000000
   668250.00000000000        344.14841571009981        10.000000000000000        1.7899766383205605E-003   1.7542397782640885E-003   2.0535933254178812E-004   5700.4750000000113        0.0000000000000000        7.0772654584221870        7.0274680152694415        2.0248937724748336E-002  -7.3209789356591282E-002   2.8395086882924275E-004  -4.3865879198312072E-002   1.0000000000000000
   683250.00000000000        353.51758079582868        10.000000000000000        1.7885153850857882E-003   1.7528560598425024E-003   2.0543196984487230E-004   5704.9750000000113        0.0000000000000000        7.0820628997867923        7.0322654566340477        2.0221319326007819E-002  -7.2842165331490460E-002   2.8337216567311460E-004  -4.3537177055706748E-002   1.0000000000000000
   698250.00000000000        362.88244327521619        10.000000000000000        1.7870565380779168E-003   1.7514745226137219E-003   2.0550525468577912E-004   5709.4750000000113        0.0000000000000000        7.0868603411513975        7.0370628979986529        2.0193757393642941E-002  -7.2474541306389639E-002   2.8279503401583070E-004  -4.3208398121356489E-002   1.0000000000000000
   713250.00000000000        372.24303960740843        10.000000000000000        1.7856000913246504E-003   1.7500951614243989E-003   2.0557918365318701E-004   5713.9750000000113        0.0000000000000000        7.0916577825160036        7.0418603393632582        2.0166251773829670E-002  -7.2106917281288818E-002   2.8221946852662397E-004  -4.2879542595441113E-002   1.0000000000000000
   728250.00000000000        381.59940600769175        10.000000000000000        1.7841460388735015E-003   1.7487179711374065E-003   2.0565375335224509E-004   5718.4750000000113        0.0000000000000000        7.0964552238806089        7.0466577807278643        2.0138802313267423E-002  -7.1739293256187886E-002   2.8164546389640790E-004  -4.2550610677494646E-002   1.0000000000000000
   743250.00000000000        381.54233629329445       -10.000000000000004       -1.7826943747917094E-003  -1.7473429466317752E-003   2.0572896040450730E-004   5722.9750000000113        0.0000000000000000        7.1012526652452141        7.0514552220924696        2.0111408859176939E-002  -7.1371669231087065E-002   2.8107301483769678E-004  -4.2221602566408147E-002   1.0000000000000000
   758250.00000000000        365.35669415433097       -10.000000000000004       -1.7812450931661544E-003  -1.7459700828026284E-003   3.5634122822752378E-004   5727.4750000000113        0.0000000000000000        7.1060501066098203        7.0562526634570748        2.0084071259298130E-002  -7.1004045205986244E-002   2.8050211608447728E-004  -4.1892518460431530E-002   1.0000000000000000
   773250.00000000000        349.23949057881333       -10.000000000000004       -1.7797981881032827E-003  -1.7445993745611214E-003   3.5512295903249348E-004   5731.9750000000113        0.0000000000000000        7.1108475479744255        7.0610501048216809        2.0056789361887976E-002  -7.0636421180885423E-002   2.7993276239209400E-004  -4.1563358557176459E-002   1.0000000000000000
   788250.00000000000        333.19050259020457       -10.000000000000004       -1.7783536537290207E-003  -1.7432308168343772E-003   3.5390715264364375E-004   5736.4750000000113        0.0000000000000000        7.1156449893390308        7.0658475461862862        2.0029563015718441E-002  -7.0268797155784601E-002   2.7936494853720087E-004  -4.1234123053618711E-002   1.0000000000000000
   803250.00000000000        317.20950808048349       -10.000000000000004       -1.7769114841886965E-003  -1.7418644045654238E-003   3.5269380192791573E-004   5740.9750000000113        0.0000000000000000        7.1204424307036369        7.0706449875508914        2.0002392070074329E-002  -6.9901173130683780E-002   2.7879866931760852E-004  -4.0904812146100547E-002   1.0000000000000000
   818250.00000000000        301.29628580611461       -10.000000000000004       -1.7754716736469596E-003  -1.7405001327131322E-003   3.5148289977859589E-004   5745.4750000000113        0.0000000000000000        7.1252398720682422        7.0754424289154976        1.9975276374751241E-002  -6.9533549105582848E-002   2.7823391955219753E-004  -4.0575426030333053E-002   1.0000000000000000
   833250.00000000000        285.45061538403974       -10.000000000000004       -1.7740342162877003E-003  -1.7391379962521547E-003   3.5027443911521134E-004   5749.9750000000113        0.0000000000000000        7.1300373134328474        7.0802398702801028        1.9948215780053496E-002  -6.9165925080482027E-002   2.7767069408085598E-004  -4.0245964901398965E-002   1.0000000000000000
   848250.00000000000        269.67227728768887       -10.000000000000004       -1.7725991063139706E-003  -1.7377779901728628E-003   3.4906841288345162E-004   5754.4750000000113        0.0000000000000000        7.1348347547974535        7.0850373116447081        1.9921210136792024E-002  -6.8798301055381206E-002   2.7710898776430945E-004  -3.9916428953754433E-002   1.0000000000000000
   863250.00000000000        253.96105284301635       -10.000000000000004       -1.7711663379479062E-003  -1.7364201094812852E-003   3.4786481405497965E-004   5758.9750000000113        0.0000000000000000        7.1396321961620588        7.0866198691007671        1.9912313669919971E-002  -6.8721681833267212E-002   2.9460316912169326E-004  -3.9878177369693936E-002   1.0000000000000000
   878250.00000000000        237.47867342969022       -10.000000000000004       -1.7697359054306475E-003  -1.7350643491990481E-003   3.6523405449761116E-004   5763.4750000000113        0.0000000000000000        7.1444296375266640        7.0866198691007671        1.9912313669919971E-002  -6.8721681833267212E-002   3.2094067171977228E-004  -3.9916642848308780E-002   1.0000000000000000
   893250.00000000000        219.82149051889354       -10.000000000000004       -1.7683078030222607E-003  -1.7337107043633136E-003   3.9158258779267577E-004   5767.9750000000113        0.0000000000000000        7.1492270788912702        7.0866198691007671        1.9912313669919971E-002  -6.8721681833267212E-002   3.4722517129072775E-004  -3.9955031608467396E-002   1.0000000000000000
   908250.00000000000        200.99379334086845       -10.000000000000004       -1.7668820250016609E-003  -1.7323591700267188E-003   4.1787796545398172E-004   5772.4750000000113        0.0000000000000000        7.1540245202558754        7.0866198691007671        1.9912313669919971E-002  -6.8721681833267212E-002   3.7345680996077671E-004  -3.9993343853572581E-002   1.0000000000000000
   923250.00000000000        180.99985428574934       -10.000000000000004       -1.7654585656665346E-003  -1.7310097412573161E-003   4.4412033033536474E-004   5776.9750000000113        0.0000000000000000        7.1588219616204807        7.0866198691007671        1.9912313669919971E-002  -6.8721681833267212E-002   3.9963572938009340E-004  -4.0031579786355166E-002   1.0000000000000000
   938250.00000000000        159.84392897975565       -10.000000000000004       -1.7640374193332619E-003  -1.7296624131385128E-003   4.7030982481107743E-004   5781.4750000000113        0.0000000000000000        7.1636194029850868        7.0866198691007671        1.9912313669919971E-002  -6.8721681833267212E-002   4.2576207072469313E-004  -4.0069739608876609E-002   1.0000000000000000
   953250.00000000000        137.53025636098985       -10.000000000000004       -1.7626185803368401E-003  -1.7283171807690120E-003   4.9644659077769163E-004   5785.9750000000113        0.0000000000000000        7.1684168443496921        7.0866198691007671        1.9912313669919971E-002  -6.8721681833267212E-002   4.5183597469832665E-004  -4.0107823522531588E-002   1.0000000000000000
   968250.00000000000        114.06305875484180       -10.000000000000004       -1.7612020430308093E-003  -1.7269740392627519E-003   5.2253076965601177E-004   5790.4750000000113        0.0000000000000000        7.1732142857142973        7.0866198691007671        1.9912313669919971E-002  -6.8721681833267212E-002   4.7785758153440910E-004  -4.0145831728050786E-002   1.0000000000000000
   983250.00000000000        89.446541949000022       -10.000000000000004       -1.7597878017871734E-003  -1.7256329837488486E-003   5.4856250239302328E-004   5794.9750000000113        0.0000000000000000        7.1780117270789034        7.0866198691007671        1.9912313669919971E-002  -6.8721681833267212E-002   5.0382703099788317E-004  -4.0183764425503359E-002   1.0000000000000000
   998250.00000000000        63.684895268074719       -10.000000000000004       -1.7583758509963261E-003  -1.7242940093715351E-003   5.7454192946377334E-004   5799.4750000000113        0.0000000000000000        7.1828091684435087        7.0866198691007671        1.9912313669919971E-002  -6.8721681833267212E-002   5.2974446238708214E-004  -4.0221621814299613E-002   1.0000000000000000
   1013250.0000000000        36.782291647834427       -10.000000000000004       -1.7569661850669769E-003  -1.7229571112901045E-003   6.0046919087325358E-004   5803.9750000000113        0.0000000000000000        7.1876066098081139        7.0866198691007671        1.9912313669919971E-002  -6.8721681833267212E-002   5.5561001453563116E-004  -4.0259404093193583E-002   1.0000000000000000
   1028250.0000000000        8.7428877090565251       -10.000000000000004       -1.7555587984260752E-003  -1.7216222846788501E-003   6.2634442615831939E-004   5808.4750000000113        0.0000000000000000        7.1924040511727201        7.0866198691007671        1.9912313669919971E-002  -6.8721681833267212E-002   5.8142382581428606E-004  -4.0297111460285660E-002   1.0000000000000000
   1043250.0000000000       -20.429176169003821       -10.000000000000004       -1.7541536855187347E-003  -1.7202895247270089E-003   6.5216777438954678E-004   5812.9750000000113        0.0000000000000000        7.1972014925373253        7.0866198691007671        1.9912313669919971E-002  -6.8721681833267212E-002   6.0718603413277561E-004  -4.0334744113025074E-002   1.0000000000000000
   1058250.0000000000       -50.729775775524459       -10.000000000000004       -1.7527508408081609E-003  -1.7189588266387022E-003   6.7793937417309367E-004   5817.4750000000113        0.0000000000000000        7.2019989339019306        7.0866198691007671        1.9912313669919971E-002  -6.8721681833267212E-002   6.3289677694166810E-004  -4.0372302248212526E-002   1.0000000000000000
   1073250.0000000000       -82.154802995406143       -10.000000000000004       -1.7513502587755780E-003  -1.7176301856328797E-003   7.0365936365258377E-004   5821.9750000000113        0.0000000000000000        7.2067963752665367        7.0866198691007671        1.9912313669919971E-002  -6.8721681833267212E-002   6.5855619123419279E-004  -4.0409786062002725E-002   1.0000000000000000
   1088250.0000000000       -114.70016573693762       -10.000000000000004       -1.7499519339201541E-003  -1.7163035969432606E-003   7.2932788051094702E-004   5826.4750000000113        0.0000000000000000        7.2115938166311420        7.0866198691007671        1.9912313669919971E-002  -6.8721681833267212E-002   6.8416441354804750E-004  -4.0447195749906913E-002   1.0000000000000000
   1103250.0000000000       -148.36178785983341       -10.000000000000004       -1.7485558607589278E-003  -1.7149790558182781E-003   7.5494506197224410E-004   5830.9750000000113        0.0000000000000000        7.2163912579957472        7.0866198691007671        1.9912313669919971E-002  -6.8721681833267212E-002   7.0972157996724433E-004  -4.0484531506795339E-002   1.0000000000000000
   1118250.0000000000       -183.13560910364421       -10.000000000000004       -1.7471620338267383E-003  -1.7136565575210218E-003   7.8051104480353079E-004   5835.4750000000113        0.0000000000000000        7.2211886993603533        7.0866198691007671        1.9912313669919971E-002  -6.8721681833267212E-002   7.3522782612391036E-004  -4.0521793526899927E-002   1.0000000000000000
   1133250.0000000000       -219.01758501653632       -10.000000000000004       -1.7457704476761503E-003  -1.7123360973291810E-003   8.0602596531667602E-004   5839.9750000000113        0.0000000000000000        7.2259861407249586        7.0866198691007671        1.9912313669919971E-002  -6.8721681833267212E-002   7.6068328720006392E-004  -4.0558982003816600E-002   1.0000000000000000
   1148250.0000000000       -256.00368688443672       -10.000000000000004       -1.7443810968773828E-003  -1.7110176705349897E-003   8.3148995937015573E-004   5844.4750000000113        0.0000000000000000        7.2307835820895638        7.0866198691007671        1.9912313669919971E-002  -6.8721681833267212E-002   7.8608809792942921E-004  -4.0596097130507845E-002   1.0000000000000000
   1163250.0000000000       -294.08990166054423       -10.000000000000004       -1.7429939760182393E-003  -1.7097012724451694E-003   8.5690316237088530E-004   5848.9750000000113        0.0000000000000000        7.2355810234541700        7.0866198691007671        1.9912313669919971E-002  -6.8721681833267212E-002   8.1144239259922299E-004  -4.0633139099305250E-002   1.0000000000000000
   1178250.0000000000       -333.27223189520356       -10.000000000000004       -1.7416090797040336E-003  -1.7083868983808737E-003   8.8226570927602325E-004   5853.4750000000113        0.0000000000000000        7.2403784648187752        7.0866198691007671        1.9912313669919971E-002  -6.8721681833267212E-002   8.3674630505190320E-004  -4.0670108101911857E-002   1.0000000000000000
   1193250.0000000000       -373.54669566613876       -10.000000000000004       -1.7402264025575224E-003  -1.7070745436776333E-003   9.0757773459473748E-004   5857.9750000000113        0.0000000000000000        7.2451759061833805        7.0866198691007671        1.9912313669919971E-002  -6.8721681833267212E-002   8.6199996868696269E-004  -4.0707004329404724E-002   1.0000000000000000
   1208250.0000000000       -366.12075064921481        9.9999694824218750        1.7388406326821510E-003   1.7057589981060654E-003   9.3283937239001615E-004   5862.4750000000113        0.0000000000000000        7.2499733475479866        7.0866198691007671        1.9912313669919971E-002  -6.8721681833267212E-002   8.8720351646267778E-004  -4.0743827972237287E-002   1.0000000000000000
   1223250.0000000000       -329.95183888472741        9.9999694824218750        1.7374623820148058E-003   1.7044506721814658E-003   8.1635649285353995E-004   5866.9750000000113        0.0000000000000000        7.2547707889125919        7.0866198691007671        1.9912313669919971E-002  -6.8721681833267212E-002   9.1235708089783957E-004  -4.0780579220241843E-002   1.0000000000000000
   1238250.0000000000       -292.69835988278527        9.9999694824218750        1.7360863344806422E-003   1.7031443517041044E-003   8.4150235858589464E-004   5871.4750000000113        0.0000000000000000        7.2595682302771971        7.0866198691007671        1.9912313669919971E-002  -6.8721681833267212E-002   9.3746079407353022E-004  -4.0817258262631995E-002   1.0000000000000000
   1253250.0000000000       -254.36422890012545        9.9999694824218750        1.7347124847714925E-003   1.7018400320664836E-003   8.6659850979280769E-004   5875.9750000000113        0.0000000000000000        7.2643656716418032        7.0866198691007671        1.9912313669919971E-002  -6.8721681833267212E-002   9.6251478763483694E-004  -4.0853865288004998E-002   1.0000000000000000
   1268250.0000000000       -214.95334607933694        9.9999694824218750        1.7333408275962837E-003   1.7005377086752101E-003   8.9164507746856199E-004   5880.4750000000113        0.0000000000000000        7.2691631130064085        7.0866198691007671        1.9912313669919971E-002  -6.8721681833267212E-002   9.8751919279256584E-004  -4.0890400484344190E-002   1.0000000000000000
   1283250.0000000000       -174.46959651601074        9.9999694824218750        1.7319713576809646E-003   1.6992373769509396E-003   9.1664219217628916E-004   5884.9750000000113        0.0000000000000000        7.2739605543710137        7.0866198691007671        1.9912313669919971E-002  -6.8721681833267212E-002   1.0124741403249940E-003  -4.0926864039021411E-002   1.0000000000000000
   1298250.0000000000       -132.91685032554543        9.9999694824218750        1.7306040697684390E-003   1.6979390323283239E-003   9.4158998404970582E-004   5889.4750000000113        0.0000000000000000        7.2787579957356199        7.0866198691007671        1.9912313669919971E-002  -6.8721681833267212E-002   1.0373797605795453E-003  -4.0963256138799364E-002   1.0000000000000000
   1313250.0000000000       -90.298962709613633        9.9999694824218750        1.7292389586184961E-003   1.6966426702559572E-003   9.6648858279477212E-004   5893.9750000000113        0.0000000000000000        7.2835554371002251        7.0866198691007671        1.9912313669919971E-002  -6.8721681833267212E-002   1.0622361834745145E-003  -4.0999576969833924E-002   1.0000000000000000
   1328250.0000000000       -46.619774022288809        9.9999694824218750        1.7278760190077452E-003   1.6953482861963229E-003   9.9133811769140006E-004   5898.4750000000113        0.0000000000000000        7.2883528784648304        7.0866198691007671        1.9912313669919971E-002  -6.8721681833267212E-002   1.0870435385007433E-003  -4.1035826717676624E-002   1.0000000000000000
   1343250.0000000000       -1.8831098358360350        9.9999694824218750        1.7265152457295446E-003   1.6940558756257406E-003   1.0161387175951127E-003   5902.9750000000113        0.0000000000000000        7.2931503198294365        7.0866198691007671        1.9912313669919971E-002  -6.8721681833267212E-002   1.1118019547233446E-003  -4.1072005567276901E-002   1.0000000000000000
   1358250.0000000000        43.907218993833723        9.9999694824218750        1.7251566335939373E-003   1.6927654340343134E-003   1.0408905109387523E-003   5907.4750000000113        0.0000000000000000        7.2979477611940418        7.0866198691007671        1.9912313669919971E-002  -6.8721681833267212E-002   1.1365115607833154E-003  -4.1108113702984429E-002   1.0000000000000000
   1373250.0000000000        90.747416262039437        9.9999694824218750        1.7238001774275843E-003   1.6914769569258761E-003   1.0655936257340779E-003   5911.9750000000113        0.0000000000000000        7.3027452025586470        7.0866198691007671        1.9912313669919971E-002  -6.8721681833267212E-002   1.1611724848992755E-003  -4.1144151308551542E-002   1.0000000000000000
   1388250.0000000000        138.63370035053958        9.9999694824218750        1.7224458720736951E-003   1.6901904398179417E-003   1.0902481895734869E-003   5916.4750000000113        0.0000000000000000        7.3075426439232531        7.0866198691007671        1.9912313669919971E-002  -6.8721681833267212E-002   1.1857848548690944E-003  -4.1180118567135444E-002   1.0000000000000000
   1403250.0000000000        187.56230416306931        9.9999694824218750        1.7210937123919639E-003   1.6889058782416503E-003   1.1148543296316267E-003   5920.9750000000113        0.0000000000000000        7.3123400852878584        7.0866198691007671        1.9912313669919971E-002  -6.8721681833267212E-002   1.2103487980715463E-003  -4.1216015661300572E-002   1.0000000000000000
   1418250.0000000000        237.52947506120486        9.9999694824218750        1.7197436932585043E-003   1.6876232677417180E-003   1.1394121726670333E-003   5925.4750000000113        0.0000000000000000        7.3171375266524636        7.0866198691007671        1.9912313669919971E-002  -6.8721681833267212E-002   1.2348644414679755E-003  -4.1251842773020866E-002   1.0000000000000000
   1433250.0000000000        288.53147480055378        9.9999694824218750        1.7183958095657809E-003   1.6863426038763833E-003   1.1639218450237815E-003   5929.9750000000113        0.0000000000000000        7.3219349680170698        7.0866198691007671        1.9912313669919971E-002  -6.8721681833267212E-002   1.2593319116039337E-003  -4.1287600083682083E-002   1.0000000000000000
   1448250.0000000000        340.56457946726857        9.9999694824218750        1.7170500562225458E-003   1.6850638822173581E-003   1.1883834726331066E-003   5934.4750000000113        0.0000000000000000        7.3267324093816750        7.0866198691007671        1.9912313669919971E-002  -6.8721681833267212E-002   1.2837513346107832E-003  -4.1323287774084012E-002   1.0000000000000000
   1463250.0000000000        388.36750111432821       -2.1913909912109393       -3.7597950842029032E-004  -3.6898471389607381E-004   1.2127971810149917E-003   5938.9750000000113       -5.0000000000000001E-003   7.3315298507462803        7.0866198691007671        1.9912313669919971E-002  -6.8721681833267212E-002   1.3081228362073656E-003  -4.1358906024442837E-002   1.0000000000000000
   1478250.0000000000        334.95125994143439       -9.5965576171875036       -1.6452051942227835E-003  -1.6146375003154695E-003   1.3236729373632366E-003   5943.4750000000113        0.0000000000000000        7.3363272921108864        7.0866198691007671        1.9912313669919971E-002  -6.8721681833267212E-002   1.3324465417016082E-003  -4.1394455014393303E-002   1.0000000000000000
   1493250.0000000000        276.24031139851547       -9.5965576171875036       -1.6439198343972748E-003  -1.6134159301590012E-003   1.4005489141033095E-003   5947.9750000000113        0.0000000000000000        7.3411247334754917        7.0866198691007671        1.9912313669919971E-002  -6.8721681833267212E-002   1.3567225759920989E-003  -4.1429934922990991E-002   1.0000000000000000
   1508250.0000000000        216.55812558597341       -9.5965576171875036       -1.6426364995917886E-003  -1.6121962069874272E-003   1.4248300677497921E-003   5952.4750000000113        0.0000000000000000        7.3459221748400969        7.0866198691007671        1.9912313669919971E-002  -6.8721681833267212E-002   1.3809510635697450E-003  -4.1465345928714557E-002   1.0000000000000000
   1523250.0000000000        155.90821214247092       -9.5965576171875036       -1.6413551849976875E-003  -1.6109783266150162E-003   1.4490635542604513E-003   5956.9750000000113        0.0000000000000000        7.3507196162047030        7.0866198691007671        1.9912313669919971E-002  -6.8721681833267212E-002   1.4051321285193270E-003  -4.1500688209467944E-002   1.0000000000000000
   1538250.0000000000        94.294067255772305       -9.5965576171875036       -1.6400758858215953E-003  -1.6097622848686751E-003   1.4732494982929096E-003   5961.4750000000113        0.0000000000000000        7.3555170575693083        7.0866198691007671        1.9912313669919971E-002  -6.8721681833267212E-002   1.4292658945211090E-003  -4.1535961942582612E-002   1.0000000000000000
   1553250.0000000000        31.719173721958057       -9.5965576171875036       -1.6387985972853352E-003  -1.6085480775879023E-003   1.4973880240975422E-003   5965.9750000000113        0.0000000000000000        7.3603144989339135        7.0866198691007671        1.9912313669919971E-002  -6.8721681833267212E-002   1.4533524848524063E-003  -4.1571167304819717E-002   1.0000000000000000
   1568250.0000000000       -31.812998995659793       -9.5965576171875036       -1.6375233146258715E-003  -1.6073357006247384E-003   1.5214792555190589E-003   5970.4750000000113        0.0000000000000000        7.3651119402985197        7.0866198691007671        1.9912313669919971E-002  -6.8721681833267212E-002   1.4773920223891783E-003  -4.1606304472372360E-002   1.0000000000000000
   1583250.0000000000       -96.298994707920059       -9.5965576171875036       -1.6362500330952463E-003  -1.6061251498437207E-003   1.5455233159981107E-003   5974.9750000000113        0.0000000000000000        7.3699093816631249        7.0866198691007671        1.9912313669919971E-002  -6.8721681833267212E-002   1.5013846296075724E-003  -4.1641373620867672E-002   1.0000000000000000
   1598250.0000000000       -161.73537044149001       -9.5965576171875036       -1.6349787479605234E-003  -1.6049164211218352E-003   1.5695203285728486E-003   5979.4750000000113        0.0000000000000000        7.3747068230277302        7.0866198691007671        1.9912313669919971E-002  -6.8721681833267212E-002   1.5253304285855022E-003  -4.1676374925369075E-002   1.0000000000000000
   1613250.0000000000       -228.11869638083763       -9.5965576171875036       -1.6337094545037269E-003  -1.6037095103484699E-003   1.5934704158805156E-003   5983.9750000000113        0.0000000000000000        7.3795042643923363        7.0866198691007671        1.9912313669919971E-002  -6.8721681833267212E-002   1.5492295410041990E-003  -4.1711308560378475E-002   1.0000000000000000
   1628250.0000000000       -295.44555581049627       -9.5965576171875036       -1.6324421480217828E-003  -1.6025044134253688E-003   1.6173737001590116E-003   5988.4750000000113        0.0000000000000000        7.3843017057569416        7.0866198691007671        1.9912313669919971E-002  -6.8721681833267212E-002   1.5730820881497305E-003  -4.1746174699838261E-002   1.0000000000000000
   1643250.0000000000       -363.71254505761914       -9.5965576171875036       -1.6311768238264591E-003  -1.6013011262665847E-003   1.6412303032484271E-003   5992.9750000000113        0.0000000000000000        7.3890991471215468        7.0866198691007671        1.9912313669919971E-002  -6.8721681833267212E-002   1.5968881909145943E-003  -4.1780973517133647E-002   1.0000000000000000
   1658250.0000000000       -354.79348622788910        9.5965881347656250        1.6299186604583160E-003   1.6001047332028240E-003   1.6650403465926498E-003   5997.4750000000113        0.0000000000000000        7.3938965884861529        7.0866198691007671        1.9912313669919971E-002  -6.8721681833267212E-002   1.6206479697991917E-003  -4.1815705185094650E-002   1.0000000000000000
   1673250.0000000000       -290.31732195364634        9.5965881347656250        1.6286572828193790E-003   1.5989050495487914E-003   1.5524917716177823E-003   6001.9750000000113        0.0000000000000000        7.3986940298507582        7.0866198691007671        1.9912313669919971E-002  -6.8721681833267212E-002   1.6443615449133892E-003  -4.1850369875998314E-002   1.0000000000000000
   1688250.0000000000       -224.90708862471894        9.5965881347656250        1.6273978734970983E-003   1.5977071634803452E-003   1.5762016352261598E-003   6006.4750000000113        0.0000000000000000        7.4034914712153634        7.0866198691007671        1.9912313669919971E-002  -6.8721681833267212E-002   1.6680290359780171E-003  -4.1884967761570781E-002   1.0000000000000000
   1703250.0000000000       -158.56613524081331        9.5965881347656250        1.6261404278620144E-003   1.5965110709603028E-003   1.5998655285113423E-003   6010.9750000000113        0.0000000000000000        7.4082889125799696        7.0866198691007671        1.9912313669919971E-002  -6.8721681833267212E-002   1.6916505623264036E-003  -4.1919499012989414E-002   1.0000000000000000
   1718250.0000000000       -91.297798093643408        9.5965881347656250        1.6248849412992224E-003   1.5953167679635617E-003   1.6234835702656598E-003   6015.4750000000113        0.0000000000000000        7.4130863539445748        7.0866198691007671        1.9912313669919971E-002  -6.8721681833267212E-002   1.7152262429058415E-003  -4.1953963800884876E-002   1.0000000000000000
   1733250.0000000000       -23.105400822294815        9.5965881347656250        1.6236314092083100E-003   1.5941242504770546E-003   1.6470558788979710E-003   6019.9750000000113        0.0000000000000000        7.4178837953091801        7.0866198691007671        1.9912313669919971E-002  -6.8721681833267212E-002   1.7387561962791329E-003  -4.1988362295343265E-002   1.0000000000000000
   1748250.0000000000        46.007745531690020        9.5965881347656250        1.6223798270033059E-003   1.5929335144997045E-003   1.6705825724351957E-003   6024.4750000000113        0.0000000000000000        7.4226812366737862        7.0866198691007671        1.9912313669919971E-002  -6.8721681833267212E-002   1.7622405406260387E-003  -4.2022694665908154E-002   1.0000000000000000
   1763250.0000000000        116.03834246950004        9.5965881347656250        1.6211301901126178E-003   1.5917445560423799E-003   1.6940637685237498E-003   6028.9750000000113        0.0000000000000000        7.4274786780383915        7.0866198691007671        1.9912313669919971E-002  -6.8721681833267212E-002   1.7856793937447817E-003  -4.2056961081582661E-002   1.0000000000000000
   1778250.0000000000        186.98310398051831        9.5965881347656250        1.6198824939789803E-003   1.5905573711278503E-003   1.7174995844310365E-003   6033.4750000000113        0.0000000000000000        7.4322761194029967        7.0866198691007671        1.9912313669919971E-002  -6.8721681833267212E-002   1.8090728730535237E-003  -4.2091161710831507E-002   1.0000000000000000
   1793250.0000000000        258.83875648805690        9.5965881347656250        1.6186367340593976E-003   1.5893719557907424E-003   1.7408901370469093E-003   6037.9750000000113        0.0000000000000000        7.4370735607676028        7.0866198691007671        1.9912313669919971E-002  -6.8721681833267212E-002   1.8324210955918373E-003  -4.2125296721583112E-002   1.0000000000000000
   1808250.0000000000        331.60203879536232        9.5965881347656250        1.6173929058250856E-003   1.5881883060774942E-003   1.7642355428851310E-003   6042.4750000000113        0.0000000000000000        7.4418710021322081        7.0866198691007671        1.9912313669919971E-002  -6.8721681833267212E-002   1.8557241780221556E-003  -4.2159366281231597E-002   1.0000000000000000
   1823250.0000000000        383.58255016568040       -9.5966186523437536       -1.6161561441936695E-003  -1.5870114647974791E-003   1.7875359180848103E-003   6046.9750000000113        0.0000000000000000        7.4466684434968133        7.0866198691007671        1.9912313669919971E-002  -6.8721681833267212E-002   1.8789822366312436E-003  -4.2193370556638805E-002   1.0000000000000000
   1838250.0000000000        303.39724806513476       -9.5966186523437536       -1.6149161618569381E-003  -1.5858313307654309E-003   1.9471733117005956E-003   6051.4750000000113        0.0000000000000000        7.4514658848614195        7.0866198691007671        1.9912313669919971E-002  -6.8721681833267212E-002   1.9021953873316552E-003  -4.2227309714136407E-002   1.0000000000000000
   1853250.0000000000        222.31812391119743       -9.5966186523437536       -1.6136780977099516E-003  -1.5846529505725727E-003   1.9703889522607525E-003   6055.9750000000113        0.0000000000000000        7.4562633262260247        7.0866198691007671        1.9912313669919971E-002  -6.8721681833267212E-002   1.9253637456631521E-003  -4.2261183919527788E-002   1.0000000000000000
   1868250.0000000000        140.34839245851217       -9.5966186523437536       -1.6124419472802122E-003  -1.5834763203121432E-003   1.9935596925373862E-003   6060.4750000000113        0.0000000000000000        7.4610607675906300        7.0866198691007671        1.9912313669919971E-002  -6.8721681833267212E-002   1.9484874267941647E-003  -4.2294993338090170E-002   1.0000000000000000
   1883250.0000000000        57.491256299921702       -9.5966186523437536       -1.6112077061091596E-003  -1.5823014360889758E-003   2.0166856482124384E-003   6064.9750000000113        0.0000000000000000        7.4658582089552361        7.0866198691007671        1.9912313669919971E-002  -6.8721681833267212E-002   1.9715665455232179E-003  -4.2328738134576563E-002   1.0000000000000000
   1898250.0000000000       -26.250094080784336       -9.5966186523437536       -1.6099753697521161E-003  -1.5811282940194557E-003   2.0397669345955244E-003   6069.4750000000113        0.0000000000000000        7.4706556503198414        7.0866198691007671        1.9912313669919971E-002  -6.8721681833267212E-002   1.9946012162803395E-003  -4.2362418473217721E-002   1.0000000000000000
   1913250.0000000000       -110.87248025638323       -9.5966186523437536       -1.6087449337782347E-003  -1.5799568902314771E-003   2.0628036666253519E-003   6073.9750000000113        0.0000000000000000        7.4754530916844466        7.0866198691007671        1.9912313669919971E-002  -6.8721681833267212E-002   2.0175915531285143E-003  -4.2396034517724224E-002   1.0000000000000000
   1928250.0000000000       -196.37273580399548       -9.5966186523437536       -1.6075163937704423E-003  -1.5787872208644002E-003   2.0857959588711904E-003   6078.4750000000113        0.0000000000000000        7.4802505330490527        7.0866198691007671        1.9912313669919971E-002  -6.8721681833267212E-002   2.0405376697650579E-003  -4.2429586431288330E-002   1.0000000000000000
   1943250.0000000000       -282.74770625311891       -9.5966186523437536       -1.6062897453253894E-003  -1.5776192820690100E-003   2.1087439255342540E-003   6082.9750000000113        0.0000000000000000        7.4850479744136580        7.0866198691007671        1.9912313669919971E-002  -6.8721681833267212E-002   2.0634396795230422E-003  -4.2463074376586002E-002   1.0000000000000000
   1958250.0000000000       -369.99424903392162       -9.5966186523437536       -1.6050649840533943E-003  -1.5764530700074721E-003   2.1316476804491414E-003   6087.4750000000113        0.0000000000000000        7.4898454157782632        7.0866198691007671        1.9912313669919971E-002  -6.8721681833267212E-002   2.0862976953726908E-003  -4.2496498515778892E-002   1.0000000000000000
   1973250.0000000000       -334.44030459319680        9.5966186523437500        1.6038421055783903E-003   1.5752885808532919E-003   2.1545073370852446E-003   6091.9750000000113        0.0000000000000000        7.4946428571428694        7.0866198691007671        1.9912313669919971E-002  -6.8721681833267212E-002   2.1091118299227836E-003  -4.2529859010516195E-002   1.0000000000000000
   1988250.0000000000       -251.03514791227880        9.5966186523437500        1.6026211055378745E-003   1.5741258107912740E-003   2.0409006512974053E-003   6096.4750000000113        0.0000000000000000        7.4994402985074746        7.0866198691007671        1.9912313669919971E-002  -6.8721681833267212E-002   2.1318821954220170E-003  -4.2563156021936659E-002   1.0000000000000000
   2003250.0000000000       -166.76365173830200        9.5966186523437500        1.6014019795828538E-003   1.5729647560174778E-003   2.0636695832629598E-003   6100.9750000000113        0.0000000000000000        7.5042377398720799        7.0866198691007671        1.9912313669919971E-002  -6.8721681833267212E-002   2.1546089037604056E-003  -4.2596389710670507E-002   1.0000000000000000
   2018250.0000000000       -81.628909480274871        9.5966186523437500        1.6001847233777923E-003   1.5718054127391778E-003   2.0863949609546554E-003   6105.4750000000113        0.0000000000000000        7.5090351812366860        7.0866198691007671        1.9912313669919971E-002  -6.8721681833267212E-002   2.1772920664706631E-003  -4.2629560236841342E-002   1.0000000000000000
   2033250.0000000000        4.3659970542968090        9.5966186523437500        1.5989693326005612E-003   1.5706477771748218E-003   2.1090768954153561E-003   6109.9750000000113        0.0000000000000000        7.5138326226012913        7.0866198691007671        1.9912313669919971E-002  -6.8721681833267212E-002   2.1999317947295344E-003  -4.2662667760068045E-002   1.0000000000000000
   2048250.0000000000        91.217997609541371        9.5966186523437500        1.5977558029423840E-003   1.5694918455539898E-003   2.1317154973342590E-003   6114.4750000000113        0.0000000000000000        7.5186300639658965        7.0866198691007671        1.9912313669919971E-002  -6.8721681833267212E-002   2.2225281993592111E-003  -4.2695712439466703E-002   1.0000000000000000
   2063250.0000000000        178.92403343160109        9.5966186523437500        1.5965441301077873E-003   1.5683376141173533E-003   2.1543108770482938E-003   6118.9750000000113        0.0000000000000000        7.5234275053305026        7.0866198691007671        1.9912313669919971E-002  -6.8721681833267212E-002   2.2450813908286432E-003  -4.2728694433652500E-002   1.0000000000000000
   2078250.0000000000        267.48105721925441        9.5966186523437500        1.5953343098145483E-003   1.5671850791166343E-003   2.1768631445434261E-003   6123.4750000000113        0.0000000000000000        7.5282249466951079        7.0866198691007671        1.9912313669919971E-002  -6.8721681833267212E-002   2.2675914792548990E-003  -4.2761613900741589E-002   1.0000000000000000
   2093250.0000000000        356.88603307478166        9.5966186523437500        1.5941263377936439E-003   1.5660342368145647E-003   2.1993724094560032E-003   6127.9750000000113        0.0000000000000000        7.5330223880597131        7.0866198691007671        1.9912313669919971E-002  -6.8721681833267212E-002   2.2900585744045354E-003  -4.2794470998353012E-002   1.0000000000000000
   2108250.0000000000        345.95986770912339       -9.5966186523437536       -1.5929202097892010E-003  -1.5648850834848469E-003   2.2218387810741145E-003   6132.4750000000113        0.0000000000000000        7.5378198294243193        7.0866198691007671        1.9912313669919971E-002  -6.8721681833267212E-002   2.3124827856949061E-003  -4.2827265883610507E-002   1.0000000000000000
   2123250.0000000000        249.33008629268929       -9.5966186523437536       -1.5917159215584420E-003  -1.5637376154121103E-003   2.3807032030509247E-003   6136.9750000000113        0.0000000000000000        7.5426172707889245        7.0866198691007671        1.9912313669919971E-002  -6.8721681833267212E-002   2.3348642221954971E-003  -4.2859998713144401E-002   1.0000000000000000
   2138250.0000000000        151.86553360579356       -9.5966186523437536       -1.5905134688716394E-003  -1.5625918288918763E-003   2.4030851645451836E-003   6141.4750000000113        0.0000000000000000        7.5474147121535298        7.0866198691007671        1.9912313669919971E-002  -6.8721681833267212E-002   2.3572029926292627E-003  -4.2892669643093490E-002   1.0000000000000000
   2153250.0000000000        53.569202100123540       -9.5966186523437536       -1.5893128475120625E-003  -1.5614477202305144E-003   2.4254243614124644E-003   6145.9750000000113        0.0000000000000000        7.5522121535181359        7.0866198691007671        1.9912313669919971E-002  -6.8721681833267212E-002   2.3794992053739611E-003  -4.2925278829106843E-002   1.0000000000000000
   2168250.0000000000       -45.555926975696401       -9.5966186523437536       -1.5881140532759284E-003  -1.5603052857452043E-003   2.4477209025000981E-003   6150.4750000000113        0.0000000000000000        7.5570095948827412        7.0866198691007671        1.9912313669919971E-002  -6.8721681833267212E-002   2.4017529684634172E-003  -4.2957826426345658E-002   1.0000000000000000
   2183250.0000000000       -145.50688352809681       -9.5966186523437536       -1.5869170819723525E-003  -1.5591645217638960E-003   2.4699748963092848E-003   6154.9750000000113        0.0000000000000000        7.5618070362473464        7.0866198691007671        1.9912313669919971E-002  -6.8721681833267212E-002   2.4239643895888965E-003  -4.2990312589485095E-002   1.0000000000000000
   2198250.0000000000       -246.28070857079362       -9.5966186523437536       -1.5857219294232968E-003  -1.5580254246252703E-003   2.4921864509964814E-003   6159.4750000000113        0.0000000000000000        7.5666044776119525        7.0866198691007671        1.9912313669919971E-002  -6.8721681833267212E-002   2.4461335761003615E-003  -4.3022737472716108E-002   1.0000000000000000
   2213250.0000000000       -347.87445417725149       -9.5966186523437536       -1.5845285914635238E-003  -1.5568879906786993E-003   2.5143556743746688E-003   6163.9750000000113        0.0000000000000000        7.5714019189765578        7.0866198691007671        1.9912313669919971E-002  -6.8721681833267212E-002   2.4682606350077754E-003  -4.3055101229747227E-002   1.0000000000000000
   2228250.0000000000       -345.92283229933162        9.5965881347656250        1.5833320288741023E-003   1.5557472689385315E-003   2.5364826739146663E-003   6168.4750000000113        0.0000000000000000        7.5761993603411630        7.0866198691007671        1.9912313669919971E-002  -6.8721681833267212E-002   2.4903456729824212E-003  -4.3087404013806375E-002   1.0000000000000000
   2243250.0000000000       -248.20313802024472        9.5965881347656250        1.5821423114314879E-003   1.5546131540732965E-003   2.4221240061663230E-003   6172.9750000000113        0.0000000000000000        7.5809968017057692        7.0866198691007671        1.9912313669919971E-002  -6.8721681833267212E-002   2.5123887963581573E-003  -4.3119645977642694E-002   1.0000000000000000
   2258250.0000000000       -149.66815032933204        9.5965881347656250        1.5809543961530174E-003   1.5534806915067415E-003   2.4441673800029823E-003   6177.4750000000113        0.0000000000000000        7.5857942430703744        7.0866198691007671        1.9912313669919971E-002  -6.8721681833267212E-002   2.5343901111327047E-003  -4.3151827273528301E-002   1.0000000000000000
   2273250.0000000000       -50.320772018849034        9.5965881347656250        1.5797682789241737E-003   1.5523498776306289E-003   2.4661690401025843E-003   6181.9750000000113        0.0000000000000000        7.5905916844349797        7.0866198691007671        1.9912313669919971E-002  -6.8721681833267212E-002   2.5563497229689272E-003  -4.3183948053260091E-002   1.0000000000000000
   2288250.0000000000        49.836104905190084        9.5965881347656250        1.5785839556429972E-003   1.5512207088472204E-003   2.4881290916756774E-003   6186.4750000000113        0.0000000000000000        7.5953891257995858        7.0866198691007671        1.9912313669919971E-002  -6.8721681833267212E-002   2.5782677371961049E-003  -4.3216008468161510E-002   1.0000000000000000
   2303250.0000000000        150.79959917714325        9.5965881347656250        1.5774014222200343E-003   1.5500931815692371E-003   2.5100476396013333E-003   6190.9750000000113        0.0000000000000000        7.6001865671641911        7.0866198691007671        1.9912313669919971E-002  -6.8721681833267212E-002   2.6001442588111760E-003  -4.3248008669084272E-002   1.0000000000000000
   2318250.0000000000        252.56684022609431        9.5965881347656250        1.5762206745782938E-003   1.5489672922198230E-003   2.5319247884283782E-003   6195.4750000000113        0.0000000000000000        7.6049840085287963        7.0866198691007671        1.9912313669919971E-002  -6.8721681833267212E-002   2.6219793924800137E-003  -4.3279948806410236E-002   1.0000000000000000
   2333250.0000000000        355.13496813042985        9.5965881347656250        1.5750417086531955E-003   1.5478430372325063E-003   2.5537606423766596E-003   6199.9750000000113        0.0000000000000000        7.6097814498934024        7.0866198691007671        1.9912313669919971E-002  -6.8721681833267212E-002   2.6437732425386821E-003  -4.3311829030053033E-002   1.0000000000000000
   2348250.0000000000        337.95122638147109       -9.5965881347656286       -1.5738645203925274E-003  -1.5467204130511624E-003   2.5755553053382922E-003   6204.4750000000113        0.0000000000000000        7.6145788912580077        7.0866198691007671        1.9912313669919971E-002  -6.8721681833267212E-002   2.6655259129946506E-003  -4.3343649489459880E-002   1.0000000000000000
   2363250.0000000000        228.31836881477460       -9.5965881347656286       -1.5726891057563930E-003  -1.5455994161299750E-003   2.7337429451104412E-003   6208.9750000000113        0.0000000000000000        7.6193763326226129        7.0866198691007671        1.9912313669919971E-002  -6.8721681833267212E-002   2.6872375075280806E-003  -4.3375410333613286E-002   1.0000000000000000
   2378250.0000000000        117.89730379722316       -9.5965881347656286       -1.5715154607171687E-003  -1.5444800429334005E-003   2.7554535428174673E-003   6213.4750000000113        0.0000000000000000        7.6241737739872191        7.0866198691007671        1.9912313669919971E-002  -6.8721681833267212E-002   2.7089081294930269E-003  -4.3407111711032814E-002   1.0000000000000000
   2393250.0000000000        6.6908501536298424       -9.5965881347656286       -1.5703435812594578E-003  -1.5433622899361306E-003   2.7771230766519923E-003   6217.9750000000113        0.0000000000000000        7.6289712153518243        7.0866198691007671        1.9912313669919971E-002  -6.8721681833267212E-002   2.7305378819186647E-003  -4.3438753769776753E-002   1.0000000000000000
   2408250.0000000000       -105.29818375369203       -9.5965881347656286       -1.5691734633800389E-003  -1.5422461536230537E-003   2.7987516500789437E-003   6222.4750000000113        0.0000000000000000        7.6337686567164296        7.0866198691007671        1.9912313669919971E-002  -6.8721681833267212E-002   2.7521268675105570E-003  -4.3470336657443875E-002   1.0000000000000000
   2423250.0000000000       -218.06699998054370       -9.5965881347656286       -1.5680051030878262E-003  -1.5411316304892201E-003   2.8203393662376143E-003   6226.9750000000113        0.0000000000000000        7.6385660980810357        7.0866198691007671        1.9912313669919971E-002  -6.8721681833267212E-002   2.7736751886518196E-003  -4.3501860521175162E-002   1.0000000000000000
   2438250.0000000000       -331.61281095666902       -9.5965881347656286       -1.5668384964038181E-003  -1.5400187170398038E-003   2.8418863279428370E-003   6231.4750000000113        0.0000000000000000        7.6433635394456410        7.0866198691007671        1.9912313669919971E-002  -6.8721681833267212E-002   2.7951829474043635E-003  -4.3533325507655402E-002   1.0000000000000000
   2453250.0000000000       -353.32267718708295        9.5966186523437500        1.5656786182730311E-003   1.5389123035842403E-003   2.8633926376862365E-003   6235.9750000000113        0.0000000000000000        7.6481609808102462        7.0866198691007671        1.9912313669919971E-002  -6.8721681833267212E-002   2.8166502455101161E-003  -4.3564731763115011E-002   1.0000000000000000
   2468250.0000000000       -243.67318908829782        9.5966186523437500        1.5645155032178010E-003   1.5378025955305858E-003   2.7484418764778069E-003   6240.4750000000113        0.0000000000000000        7.6529584221748523        7.0866198691007671        1.9912313669919971E-002  -6.8721681833267212E-002   2.8380771843921869E-003  -4.3596079433331623E-002   1.0000000000000000
   2483250.0000000000       -133.25083501084734        9.5966186523437500        1.5633541299113741E-003   1.5366944867423380E-003   2.7698704422392246E-003   6244.9750000000113        0.0000000000000000        7.6577558635394576        7.0866198691007671        1.9912313669919971E-002  -6.8721681833267212E-002   2.8594638651560957E-003  -4.3627368663631816E-002   1.0000000000000000
   2498250.0000000000       -22.058360678312511        9.5966186523437500        1.5621944944226268E-003   1.5355879737647936E-003   2.7912588381786407E-003   6249.4750000000113        0.0000000000000000        7.6625533049040628        7.0866198691007671        1.9912313669919971E-002  -6.8721681833267212E-002   2.8808103885909625E-003  -4.3658599598892754E-002   1.0000000000000000
   2513250.0000000000        89.901498306883653        9.5966186523437500        1.5610365928322950E-003   1.5344830531531918E-003   2.8126071646633701E-003   6253.9750000000113        0.0000000000000000        7.6673507462686690        7.0866198691007671        1.9912313669919971E-002  -6.8721681833267212E-002   2.9021168551706771E-003  -4.3689772383543886E-002   1.0000000000000000
   2528250.0000000000        202.62601642083342        9.5966186523437500        1.5598804212329299E-003   1.5333797214726803E-003   2.8339155217474510E-003   6258.4750000000113        0.0000000000000000        7.6721481876332742        7.0866198691007671        1.9912313669919971E-002  -6.8721681833267212E-002   2.9233833650550954E-003  -4.3720887161568557E-002   1.0000000000000000
   2543250.0000000000        316.11247817570853        9.5966186523437500        1.5587259757288527E-003   1.5322779752982780E-003   2.8551840091728307E-003   6262.9750000000113        0.0000000000000000        7.6769456289978795        7.0866198691007671        1.9912313669919971E-002  -6.8721681833267212E-002   2.9446100180912198E-003  -4.3751944076505692E-002   1.0000000000000000
   2558250.0000000000        368.87845567711571       -9.5966186523437536       -1.5575732524361113E-003  -1.5311778112148411E-003   2.8764127263705341E-003   6267.4750000000113        0.0000000000000000        7.6817430703624856        7.0866198691007671        1.9912313669919971E-002  -6.8721681833267212E-002   2.9657969138143676E-003  -4.3782943271451422E-002   1.0000000000000000
